64
0
0
128
65
0
0
127
66
0
0
127
67
0
0
127
68
0
0
128
69
0
0
128
70
0
0
128
71
0
0
127
72
0
0
127
73
0
0
127
74
0
0
127
75
0
0
128
76
0
0
128
77
0
0
127
78
0
0
127
79
0
0
127
80
0
0
127
81
0
0
127
82
0
0
127
83
0
0
127
84
0
0
127
85
0
0
127
86
0
0
127
87
0
0
127
88
0
0
127
89
0
0
127
90
0
0
127
91
0
0
127
92
0
0
127
93
0
0
127
94
0
0
127
95
0
0
127
96
0
0
127
97
0
0
127
98
0
0
127
99
0
0
127
100
0
0
127
101
0
0
127
102
0
0
127
103
0
0
127
104
0
0
127
105
0
0
128
106
0
0
128
107
0
0
128
108
0
0
128
109
0
0
127
110
0
0
127
111
0
0
127
112
0
0
127
113
0
0
127
114
0
0
127
115
0
0
127
116
0
0
127
117
0
0
127
118
0
0
127
119
0
0
127
120
0
0
127
121
0
0
127
122
0
0
127
123
0
0
127
124
0
0
127
125
0
0
127
126
0
0
127
127
0
0
127
128
0
0
127
129
0
0
127
130
0
0
127
131
0
0
127
132
0
0
127
133
0
0
128
134
0
0
127
135
0
0
127
136
0
0
127
137
0
0
127
138
0
0
127
139
0
0
127
140
0
0
127
141
0
0
127
142
0
0
127
143
0
0
127
144
0
0
127
145
0
0
127
146
0
0
127
147
0
0
127
148
0
0
127
149
0
0
127
150
0
0
127
151
0
0
127
152
0
0
127
153
0
0
127
154
0
0
127
155
0
0
127
156
0
0
127
157
0
0
127
158
0
0
128
159
0
0
127
160
0
0
127
161
0
0
127
162
0
0
127
163
0
0
127
164
0
0
127
165
0
0
127
166
0
0
127
167
0
0
127
168
0
0
127
169
0
0
127
170
0
0
127
171
0
0
127
172
0
0
127
173
0
0
127
174
0
0
127
175
0
0
127
176
0
0
127
177
0
0
127
178
0
0
127
179
0
0
127
180
0
0
127
181
0
0
128
182
0
0
128
183
0
0
127
184
0
0
127
185
0
0
127
186
0
0
127
187
0
0
127
188
0
0
127
189
0
0
127
190
0
0
127
191
0
0
127
192
0
0
127
193
0
0
127
194
0
0
127
195
0
0
127
196
0
0
127
197
0
0
127
198
0
0
127
199
0
0
127
200
0
0
127
201
0
0
127
202
0
0
127
203
0
0
127
204
0
0
127
205
0
0
127
206
0
0
127
207
0
0
127
208
0
0
127
209
0
0
127
210
0
0
127
211
0
0
127
212
0
0
127
213
0
0
127
214
0
0
127
215
0
0
127
216
0
0
127
217
0
0
127
218
0
0
127
219
0
0
127
220
0
0
127
221
0
0
127
222
0
0
127
223
0
0
127
224
0
0
127
225
0
0
127
226
0
0
127
227
0
0
127
228
0
0
127
229
0
0
128
230
0
0
127
231
0
0
127
232
0
0
128
233
0
0
128
234
0
0
128
235
0
0
127
236
0
0
128
237
0
0
128
238
0
0
128
239
0
0
127
240
0
0
127
241
0
0
128
242
0
0
128
243
0
0
127
244
0
0
127
245
0
0
127
246
0
0
127
247
0
0
127
248
0
0
127
249
0
0
127
250
0
0
127
251
0
0
127
252
0
0
127
253
0
0
127
254
0
0
127
255
0
0
127
0
0
0
127
1
0
0
127
2
0
0
127
3
0
0
127
4
0
0
127
5
0
0
127
6
0
0
127
7
0
0
127
8
0
0
127
9
0
0
127
10
0
0
127
11
0
0
127
12
0
0
127
13
0
0
127
14
0
0
127
15
0
0
127
16
0
0
127
17
0
0
127
18
0
0
127
19
0
0
127
20
0
0
127
21
0
0
127
22
0
0
127
23
0
0
127
24
0
0
127
25
0
0
127
26
0
0
127
27
0
0
127
28
0
0
127
29
0
0
127
30
0
0
127
31
0
0
127
32
0
0
127
33
0
0
127
34
0
0
127
35
0
0
127
36
0
0
127
37
0
0
127
38
0
0
127
39
0
0
127
40
0
0
127
41
0
0
127
42
0
0
127
43
0
0
127
44
0
0
127
45
0
0
127
46
0
0
127
47
0
0
128
48
0
0
128
49
0
0
127
50
0
0
127
51
0
0
127
52
0
0
127
53
0
0
127
54
0
0
127
55
0
0
127
56
0
0
127
57
0
0
127
58
0
0
127
59
0
0
127
60
0
0
127
61
0
0
127
62
0
0
127
63
0
0
127
64
0
0
127
65
0
0
127
66
0
0
127
67
0
0
127
68
0
0
127
69
0
0
127
70
0
0
127
71
0
0
127
72
0
0
127
73
0
0
127
74
0
0
127
75
0
0
127
76
0
0
127
77
0
0
127
78
0
0
128
79
0
0
127
80
0
0
127
81
0
0
127
82
0
0
127
83
0
0
127
84
0
0
127
85
0
0
127
86
0
0
127
87
0
0
127
88
0
0
127
89
0
0
127
90
0
0
127
91
0
0
127
92
0
0
127
93
0
0
127
94
0
0
127
95
0
0
127
96
0
0
127
97
0
0
127
98
0
0
127
99
0
0
127
100
0
0
127
101
0
0
127
102
0
0
127
103
0
0
127
104
0
0
127
105
0
0
127
106
0
0
127
107
0
0
127
108
0
0
127
109
0
0
127
110
0
0
127
111
0
0
127
112
0
0
127
113
0
0
127
114
0
0
127
115
0
0
127
116
0
0
127
117
0
0
128
118
0
0
128
119
0
0
127
120
0
0
127
121
0
0
128
122
0
0
128
123
0
0
127
124
0
0
127
125
0
0
128
126
0
0
127
127
0
0
127
128
0
0
127
129
0
0
127
130
0
0
127
131
0
0
127
132
0
0
127
133
0
0
127
134
0
0
127
135
0
0
127
136
0
0
127
137
0
0
127
138
0
0
127
139
0
0
127
140
0
0
127
141
0
0
127
142
0
0
127
143
0
0
127
144
0
0
127
145
0
0
127
146
0
0
127
147
0
0
127
148
0
0
127
149
0
0
127
150
0
0
127
151
0
0
127
152
0
0
127
153
0
0
127
154
0
0
127
155
0
0
127
156
0
0
127
157
0
0
127
158
0
0
128
159
0
0
127
160
0
0
127
161
0
0
127
162
0
0
127
163
0
0
127
164
0
0
127
165
0
0
127
166
0
0
127
167
0
0
127
168
0
0
127
169
0
0
127
170
0
0
127
171
0
0
127
172
0
0
127
173
0
0
127
174
0
0
127
175
0
0
127
176
0
0
127
177
0
0
127
178
0
0
127
179
0
0
127
180
0
0
127
181
0
0
127
182
0
0
127
183
0
0
127
184
0
0
127
185
0
0
128
186
0
0
128
187
0
0
127
188
0
0
127
189
0
0
127
190
0
0
127
191
0
0
127
192
0
0
127
193
0
0
127
194
0
0
127
195
0
0
127
196
0
0
127
197
0
0
127
198
0
0
127
199
0
0
127
200
0
0
127
201
0
0
127
202
0
0
127
203
0
0
127
204
0
0
127
205
0
0
127
206
0
0
127
207
0
0
128
208
0
0
127
209
0
0
127
210
0
0
128
211
0
0
128
212
0
0
128
213
0
0
127
214
0
0
127
215
0
0
127
216
0
0
127
217
0
0
127
218
0
0
127
219
0
0
127
220
0
0
127
221
0
0
127
222
0
0
127
223
0
0
127
224
0
0
127
225
0
0
127
226
0
0
128
227
0
0
127
228
0
0
127
229
0
0
127
230
0
0
127
231
0
0
127
232
0
0
127
233
0
0
127
234
0
0
127
235
0
0
127
236
0
0
127
237
0
0
127
238
0
0
127
239
0
0
127
240
0
0
127
241
0
0
127
242
0
0
127
243
0
0
127
244
0
0
127
245
0
0
127
246
0
0
127
247
0
0
127
248
0
0
127
249
0
0
127
250
0
0
127
251
0
0
127
252
0
0
127
253
0
0
127
254
0
0
127
255
0
0
127
0
0
0
127
1
0
0
127
2
0
0
127
3
0
0
127
4
0
0
127
5
0
0
127
6
0
0
127
7
0
0
127
8
0
0
127
9
0
0
127
10
0
0
127
11
0
0
127
12
0
0
128
13
0
0
128
14
0
0
127
15
0
0
127
16
0
0
127
17
0
0
127
18
0
0
127
19
0
0
127
20
0
0
127
21
0
0
127
22
0
0
127
23
0
0
127
24
0
0
127
25
0
0
127
26
0
0
127
27
0
0
127
28
0
0
127
29
0
0
127
30
0
0
127
31
0
0
127
32
0
0
127
33
0
0
128
34
0
0
127
35
0
0
127
36
0
0
127
37
0
0
127
38
0
0
127
39
0
0
127
40
0
0
127
41
0
0
127
42
0
0
127
43
0
0
127
44
0
0
127
45
0
0
127
46
0
0
127
47
0
0
127
48
0
0
127
49
0
0
127
50
0
0
127
51
0
0
127
52
0
0
127
53
0
0
127
54
0
0
127
55
0
0
127
56
0
0
127
57
0
0
127
58
0
0
127
59
0
0
127
60
0
0
128
61
0
0
127
62
0
0
127
63
0
0
127
64
0
0
128
65
0
0
128
66
0
0
127
67
0
0
127
68
0
0
127
69
0
0
127
70
0
0
127
71
0
0
127
72
0
0
127
73
0
0
127
74
0
0
127
75
0
0
127
76
0
0
127
77
0
0
127
78
0
0
127
79
0
0
127
80
0
0
127
81
0
0
127
82
0
0
127
83
0
0
127
84
0
0
127
85
0
0
127
86
0
0
127
87
0
0
127
88
0
0
127
89
0
0
127
90
0
0
127
91
0
0
127
92
0
0
127
93
0
0
127
94
0
0
127
95
0
0
127
96
0
0
127
97
0
0
127
98
0
0
127
99
0
0
127
100
0
0
127
101
0
0
127
102
0
0
127
103
0
0
127
104
0
0
127
105
0
0
127
106
0
0
127
107
0
0
127
108
0
0
127
109
0
0
127
110
0
0
127
111
0
0
127
112
0
0
127
113
0
0
127
114
0
0
127
115
0
0
127
116
0
0
127
117
0
0
127
118
0
0
127
119
0
0
127
120
0
0
127
121
0
0
127
122
0
0
127
123
0
0
127
124
0
0
127
125
0
0
127
126
0
0
127
127
0
0
127
128
0
0
127
129
0
0
127
130
0
0
127
131
0
0
127
132
0
0
127
133
0
0
127
134
0
0
127
135
0
0
127
136
0
0
127
137
0
0
127
138
0
0
127
139
0
0
127
140
0
0
127
141
0
0
127
142
0
0
127
143
0
0
127
144
0
0
127
145
0
0
127
146
0
0
127
147
0
0
127
148
0
0
127
149
0
0
127
150
0
0
127
151
0
0
127
152
0
0
127
153
0
0
127
154
0
0
127
155
0
0
127
156
0
0
127
157
0
0
127
158
0
0
127
159
0
0
127
160
0
0
127
161
0
0
127
162
0
0
127
163
0
0
127
164
0
0
127
165
0
0
127
166
0
0
127
167
0
0
127
168
0
0
127
169
0
0
127
170
0
0
127
171
0
0
127
172
0
0
127
173
0
0
127
174
0
0
127
175
0
0
127
176
0
0
127
177
0
0
127
178
0
0
127
179
0
0
127
180
0
0
127
181
0
0
127
182
0
0
127
183
0
0
127
184
0
0
127
185
0
0
127
186
0
0
127
187
0
0
127
188
0
0
127
189
0
0
127
190
0
0
127
191
0
0
127
192
0
0
127
193
0
0
127
194
0
0
127
195
0
0
127
196
0
0
127
197
0
0
127
198
0
0
127
199
0
0
127
200
0
0
127
201
0
0
127
202
0
0
127
203
0
0
127
204
0
0
127
205
0
0
127
206
0
0
127
207
0
0
127
208
0
0
127
209
0
0
127
210
0
0
127
211
0
0
127
212
0
0
127
213
0
0
127
214
0
0
127
215
0
0
127
216
0
0
127
217
0
0
127
218
0
0
127
219
0
0
127
220
0
0
127
221
0
0
127
222
0
0
127
223
0
0
127
224
0
0
127
225
0
0
127
226
0
0
127
227
0
0
127
228
0
0
127
229
0
0
127
230
0
0
127
231
0
0
127
232
0
0
127
233
0
0
127
234
0
0
127
235
0
0
127
236
0
0
127
237
0
0
127
238
0
0
127
239
0
0
127
240
0
0
127
241
0
0
127
242
0
0
127
243
0
0
127
244
0
0
127
245
0
0
127
246
0
0
127
247
0
0
127
248
0
0
127
249
0
0
127
250
0
0
127
251
0
0
127
252
0
0
127
253
0
0
127
254
0
0
127
255
0
0
127
0
0
0
127
1
0
0
127
2
0
0
127
3
0
0
127
4
0
0
127
5
0
0
127
6
0
0
127
7
0
0
127
8
0
0
127
9
0
0
127
10
0
0
127
11
0
0
127
12
0
0
127
13
0
0
127
14
0
0
127
15
0
0
127
16
0
0
127
17
0
0
127
18
0
0
127
19
0
0
127
20
0
0
127
21
0
0
127
22
0
0
127
23
0
0
127
24
0
0
127
25
0
0
127
26
0
0
127
27
0
0
127
28
0
0
127
29
0
0
127
30
0
0
127
31
0
0
127
32
0
0
127
33
0
0
127
34
0
0
127
35
0
0
127
36
0
0
127
37
0
0
127
38
0
0
127
39
0
0
127
40
0
0
127
41
0
0
127
42
0
0
127
43
0
0
127
44
0
0
127
45
0
0
127
46
0
0
127
47
0
0
127
48
0
0
127
49
0
0
127
50
0
0
127
51
0
0
127
52
0
0
127
53
0
0
127
54
0
0
127
55
0
0
127
56
0
0
127
57
0
0
127
58
0
0
127
59
0
0
127
60
0
0
127
61
0
0
127
62
0
0
127
63
0
0
127
64
0
0
127
65
0
0
127
66
0
0
127
67
0
0
127
68
0
0
127
69
0
0
127
70
0
0
127
71
0
0
127
72
0
0
127
73
0
0
127
74
0
0
127
75
0
0
127
76
0
0
127
77
0
0
127
78
0
0
127
79
0
0
127
80
0
0
127
81
0
0
127
82
0
0
127
83
0
0
127
84
0
0
127
85
0
0
127
86
0
0
127
87
0
0
127
88
0
0
127
89
0
0
127
90
0
0
127
91
0
0
127
92
0
0
127
93
0
0
127
94
0
0
127
95
0
0
127
96
0
0
127
97
0
0
127
98
0
0
127
99
0
0
127
100
0
0
127
101
0
0
127
102
0
0
127
103
0
0
127
104
0
0
127
105
0
0
127
106
0
0
127
107
0
0
127
108
0
0
127
109
0
0
127
110
0
0
127
111
0
0
127
112
0
0
127
113
0
0
127
114
0
0
127
115
0
0
127
116
0
0
127
117
0
0
127
118
0
0
127
119
0
0
127
120
0
0
127
121
0
0
127
122
0
0
127
123
0
0
127
124
0
0
127
125
0
0
127
126
0
0
127
127
0
0
127
128
0
0
127
129
0
0
127
130
0
0
127
131
0
0
127
132
0
0
127
133
0
0
127
134
0
0
127
135
0
0
127
136
0
0
127
137
0
0
127
138
0
0
127
139
0
0
127
140
0
0
127
141
0
0
127
142
0
0
127
143
0
0
127
144
0
0
127
145
0
0
127
146
0
0
127
147
0
0
127
148
0
0
127
149
0
0
127
150
0
0
127
151
0
0
127
152
0
0
127
153
0
0
127
154
0
0
127
155
0
0
127
156
0
0
127
157
0
0
127
158
0
0
127
159
0
0
127
160
0
0
127
161
0
0
127
162
0
0
127
163
0
0
127
164
0
0
127
165
0
0
127
166
0
0
127
167
0
0
127
168
0
0
127
169
0
0
127
170
0
0
127
171
0
0
127
172
0
0
127
173
0
0
127
174
0
0
127
175
0
0
127
176
0
0
127
177
0
0
127
178
0
0
127
179
0
0
127
180
0
0
127
181
0
0
127
182
0
0
127
183
0
0
127
184
0
0
127
185
0
0
127
186
0
0
127
187
0
0
127
188
0
0
127
189
0
0
127
190
0
0
127
191
0
0
127
192
0
0
127
193
0
0
127
194
0
0
127
195
0
0
127
196
0
0
127
197
0
0
127
198
0
0
127
199
0
0
127
200
0
0
127
201
0
0
127
202
0
0
127
203
0
0
127
204
0
0
127
205
0
0
127
206
0
0
127
207
0
0
127
208
0
0
127
209
0
0
127
210
0
0
127
211
0
0
127
212
0
0
127
213
0
0
127
214
0
0
127
215
0
0
127
216
0
0
127
217
0
0
127
218
0
0
127
219
0
0
127
220
0
0
127
221
0
0
127
222
0
0
127
223
0
0
127
224
0
0
127
225
0
0
127
226
0
0
127
227
0
0
127
228
0
0
127
229
0
0
127
230
0
0
127
231
0
0
127
232
0
0
127
233
0
0
127
234
0
0
127
235
0
0
127
236
0
0
127
237
0
0
127
238
0
0
127
239
0
0
127
240
0
0
127
241
0
0
127
242
0
0
127
243
0
0
127
244
0
0
127
245
0
0
127
246
0
0
127
247
0
0
127
248
0
0
127
249
0
0
127
250
0
0
127
251
0
0
127
252
0
0
127
253
0
0
127
254
0
0
127
255
0
0
127
0
0
0
127
1
0
0
127
2
0
0
127
3
0
0
127
4
0
0
127
5
0
0
127
6
0
0
127
7
0
0
127
8
0
0
127
9
0
0
127
10
0
0
127
11
0
0
127
12
0
0
127
13
0
0
127
14
0
0
127
15
0
0
127
16
0
0
127
17
0
0
127
18
0
0
127
19
0
0
127
20
0
0
127
21
0
0
127
22
0
0
127
23
0
0
127
24
0
0
127
25
0
0
127
26
0
0
127
27
0
0
127
28
0
0
127
29
0
0
127
30
0
0
127
31
0
0
127
32
0
0
127
33
0
0
127
34
0
0
127
35
0
0
127
36
0
0
127
37
0
0
127
38
0
0
127
39
0
0
127
40
0
0
127
41
0
0
127
42
0
0
127
43
0
0
127
44
0
0
127
45
0
0
127
46
0
0
127
47
0
0
127
48
0
0
127
49
0
0
127
50
0
0
127
51
0
0
127
52
0
0
127
53
0
0
127
54
0
0
127
55
0
0
127
56
0
0
127
57
0
0
127
58
0
0
127
59
0
0
127
60
0
0
127
61
0
0
127
62
0
0
127
63
0
0
127
64
0
0
127
65
0
0
127
66
0
0
127
67
0
0
127
68
0
0
127
69
0
0
127
70
0
0
127
71
0
0
127
72
0
0
127
73
0
0
127
74
0
0
127
75
0
0
127
76
0
0
127
77
0
0
127
78
0
0
127
79
0
0
127
80
0
0
127
81
0
0
127
82
0
0
127
83
0
0
127
84
0
0
127
85
0
0
127
86
0
0
127
87
0
0
127
88
0
0
127
89
0
0
127
90
0
0
127
91
0
0
127
92
0
0
127
93
0
0
127
94
0
0
127
95
0
0
127
96
0
0
127
97
0
0
127
98
0
0
127
99
0
0
127
100
0
0
127
101
0
0
127
102
0
0
127
103
0
0
127
104
0
0
127
105
0
0
127
106
0
0
127
107
0
0
127
108
0
0
127
109
0
0
127
110
0
0
127
111
0
0
127
112
0
0
127
113
0
0
127
114
0
0
127
115
0
0
127
116
0
0
127
117
0
0
127
118
0
0
127
119
0
0
127
120
0
0
127
121
0
0
127
122
0
0
127
123
0
0
127
124
0
0
127
125
0
0
127
126
0
0
127
127
0
0
127
128
0
0
127
129
0
0
127
130
0
0
127
131
0
0
127
132
0
0
127
133
0
0
127
134
0
0
127
135
0
0
127
136
0
0
127
137
0
0
127
138
0
0
127
139
0
0
127
140
0
0
127
141
0
0
127
142
0
0
127
143
0
0
127
144
0
0
127
145
0
0
127
146
0
0
127
147
0
0
127
148
0
0
127
149
0
0
127
150
0
0
127
151
0
0
127
152
0
0
127
153
0
0
127
154
0
0
127
155
0
0
127
156
0
0
127
157
0
0
127
158
0
0
127
159
0
0
127
160
0
0
127
161
0
0
127
162
0
0
127
163
0
0
127
164
0
0
127
165
0
0
127
166
0
0
127
167
0
0
127
168
0
0
127
169
0
0
127
170
0
0
127
171
0
0
127
172
0
0
127
173
0
0
127
174
0
0
127
175
0
0
127
176
0
0
127
177
0
0
127
178
0
0
127
179
0
0
127
180
0
0
127
181
0
0
127
182
0
0
127
183
0
0
127
184
0
0
127
185
0
0
127
186
0
0
127
187
0
0
127
188
0
0
127
189
0
0
127
190
0
0
127
191
0
0
127
192
0
0
127
193
0
0
127
194
0
0
127
195
0
0
127
196
0
0
127
197
0
0
127
198
0
0
127
199
0
0
127
200
0
0
127
201
0
0
127
202
0
0
127
203
0
0
127
204
0
0
127
205
0
0
127
206
0
0
127
207
0
0
127
208
0
0
127
209
0
0
127
210
0
0
127
211
0
0
127
212
0
0
127
213
0
0
127
214
0
0
127
215
0
0
127
216
0
0
127
217
0
0
127
218
0
0
127
219
0
0
127
220
0
0
127
221
0
0
127
222
0
0
127
223
0
0
127
224
0
0
127
225
0
0
127
226
0
0
127
227
0
0
127
228
0
0
127
229
0
0
127
230
0
0
127
231
0
0
127
232
0
0
127
233
0
0
127
234
0
0
127
235
0
0
127
236
0
0
127
237
0
0
127
238
0
0
127
239
0
0
127
240
0
0
127
241
0
0
127
242
0
0
127
243
0
0
127
244
0
0
127
245
0
0
127
246
0
0
127
247
0
0
127
248
0
0
127
249
0
0
127
250
0
0
127
251
0
0
127
252
0
0
127
253
0
0
127
254
0
0
127
255
0
0
127
0
0
0
127
1
0
0
127
2
0
0
127
3
0
0
127
4
0
0
127
5
0
0
127
6
0
0
127
7
0
0
127
8
0
0
127
9
0
0
127
10
0
0
127
11
0
0
127
12
0
0
127
13
0
0
127
14
0
0
127
15
0
0
127
16
0
0
127
17
0
0
127
18
0
0
127
19
0
0
127
20
0
0
127
21
0
0
127
22
0
0
127
23
0
0
127
24
0
0
127
25
0
0
128
26
0
0
128
27
0
0
128
28
0
0
127
29
0
0
128
30
0
0
128
31
0
0
128
32
0
0
128
33
0
0
129
34
0
0
129
35
0
0
129
36
0
0
129
37
0
0
128
38
0
0
127
39
0
0
127
40
0
0
127
41
0
0
127
42
0
0
128
43
0
0
128
44
0
0
127
45
0
0
127
46
0
0
127
47
0
0
127
48
0
0
127
49
0
0
128
50
0
0
128
51
0
0
127
52
0
0
129
53
0
0
130
54
0
0
130
55
0
0
130
56
0
0
130
57
0
0
130
58
0
0
129
59
0
0
129
60
0
0
128
61
0
0
128
62
0
0
128
63
0
0
129
64
0
0
130
65
0
0
130
66
0
0
131
67
0
0
133
68
0
0
134
69
0
0
134
70
0
0
135
71
0
0
136
72
0
0
136
73
0
0
136
74
0
0
135
75
0
0
135
76
0
0
136
77
0
0
137
78
0
0
137
79
0
0
137
80
0
0
138
81
0
0
139
82
0
0
139
83
0
0
139
84
0
0
140
85
0
0
141
86
0
0
141
87
0
0
142
88
0
0
144
89
0
0
145
90
0
0
145
91
0
0
145
92
0
0
144
93
0
0
143
94
0
0
142
95
0
0
141
96
0
0
140
97
0
0
139
98
0
0
138
99
0
0
137
100
0
0
136
101
0
0
135
102
0
0
135
103
0
0
134
104
0
0
133
105
0
0
132
106
0
0
132
107
0
0
132
108
0
0
132
109
0
0
131
110
0
0
130
111
0
0
129
112
0
0
129
113
0
0
129
114
0
0
128
115
0
0
127
116
0
0
127
117
0
0
127
118
0
0
128
119
0
0
128
120
0
0
128
121
0
0
128
122
0
0
128
123
0
0
128
124
0
0
128
125
0
0
127
126
0
0
127
127
0
0
127
128
0
0
127
129
0
0
128
130
0
0
129
131
0
0
129
132
0
0
129
133
0
0
128
134
0
0
127
135
0
0
127
136
0
0
127
137
0
0
127
138
0
0
128
139
0
0
129
140
0
0
129
141
0
0
129
142
0
0
129
143
0
0
129
144
0
0
128
145
0
0
127
146
0
0
127
147
0
0
127
148
0
0
127
149
0
0
127
150
0
0
128
151
0
0
130
152
0
0
132
153
0
0
134
154
0
0
135
155
0
0
136
156
0
0
138
157
0
0
139
158
0
0
140
159
0
0
140
160
0
0
140
161
0
0
139
162
0
0
139
163
0
0
140
164
0
0
141
165
0
0
142
166
0
0
142
167
0
0
141
168
0
0
141
169
0
0
142
170
0
0
143
171
0
0
143
172
0
0
143
173
0
0
143
174
0
0
143
175
0
0
143
176
0
0
143
177
0
0
143
178
0
0
144
179
0
0
146
180
0
0
149
181
0
0
151
182
0
0
152
183
0
0
154
184
0
0
155
185
0
0
155
186
0
0
155
187
0
0
155
188
0
0
155
189
0
0
154
190
0
0
154
191
0
0
153
192
0
0
153
193
0
0
153
194
0
0
154
195
0
0
155
196
0
0
155
197
0
0
154
198
0
0
154
199
0
0
154
200
0
0
154
201
0
0
153
202
0
0
152
203
0
0
152
204
0
0
153
205
0
0
154
206
0
0
154
207
0
0
154
208
0
0
154
209
0
0
154
210
0
0
154
211
0
0
154
212
0
0
154
213
0
0
154
214
0
0
154
215
0
0
154
216
0
0
154
217
0
0
154
218
0
0
153
219
0
0
153
220
0
0
155
221
0
0
157
222
0
0
159
223
0
0
159
224
0
0
159
225
0
0
158
226
0
0
157
227
0
0
156
228
0
0
155
229
0
0
154
230
0
0
153
231
0
0
152
232
0
0
151
233
0
0
150
234
0
0
150
235
0
0
150
236
0
0
149
237
0
0
148
238
0
0
147
239
0
0
146
240
0
0
145
241
0
0
145
242
0
0
145
243
0
0
145
244
0
0
145
245
0
0
144
246
0
0
143
247
0
0
142
248
0
0
141
249
0
0
140
250
0
0
139
251
0
0
139
252
0
0
139
253
0
0
138
254
0
0
137
255
0
0
136
0
0
0
135
1
0
0
134
2
0
0
133
3
0
0
133
4
0
0
133
5
0
0
133
6
0
0
133
7
0
0
132
8
0
0
131
9
0
0
130
10
0
0
129
11
0
0
128
12
0
0
128
13
0
0
127
14
0
0
127
15
0
0
127
16
0
0
127
17
0
0
127
18
0
0
127
19
0
0
127
20
0
0
127
21
0
0
127
22
0
0
127
23
0
0
127
24
0
0
127
25
0
0
127
26
0
0
127
27
0
0
127
28
0
0
128
29
0
0
128
30
0
0
127
31
0
0
127
32
0
0
128
33
0
0
128
34
0
0
128
35
0
0
127
36
0
0
128
37
0
0
128
38
0
0
128
39
0
0
127
40
0
0
127
41
0
0
127
42
0
0
127
43
0
0
127
44
0
0
127
45
0
0
128
46
0
0
127
47
0
0
127
48
0
0
127
49
0
0
127
50
0
0
127
51
0
0
127
52
0
0
127
53
0
0
127
54
0
0
127
55
0
0
127
56
0
0
128
57
0
0
128
58
0
0
127
59
0
0
127
60
0
0
127
61
0
0
127
62
0
0
127
63
0
0
127
64
0
0
127
65
0
0
127
66
0
0
127
67
0
0
128
68
0
0
128
69
0
0
127
70
0
0
127
71
0
0
127
72
0
0
128
73
0
0
128
74
0
0
127
75
0
0
127
76
0
0
127
77
0
0
127
78
0
0
127
79
0
0
127
80
0
0
127
81
0
0
127
82
0
0
127
83
0
0
127
84
0
0
127
85
0
0
128
86
0
0
127
87
0
0
127
88
0
0
127
89
0
0
127
90
0
0
127
91
0
0
127
92
0
0
128
93
0
0
128
94
0
0
128
95
0
0
128
96
0
0
128
97
0
0
127
98
0
0
128
99
0
0
128
100
0
0
128
101
0
0
128
102
0
0
128
103
0
0
128
104
0
0
127
105
0
0
127
106
0
0
127
107
0
0
127
108
0
0
127
109
0
0
127
110
0
0
127
111
0
0
127
112
0
0
128
113
0
0
128
114
0
0
128
115
0
0
128
116
0
0
129
117
0
0
130
118
0
0
130
119
0
0
130
120
0
0
129
121
0
0
128
122
0
0
128
123
0
0
127
124
0
0
127
125
0
0
127
126
0
0
127
127
0
0
127
128
0
0
127
129
0
0
127
130
0
0
127
131
0
0
127
132
0
0
128
133
0
0
127
134
0
0
127
135
0
0
127
136
0
0
127
137
0
0
128
138
0
0
127
139
0
0
128
140
0
0
127
141
0
0
127
142
0
0
127
143
0
0
127
144
0
0
127
145
0
0
128
146
0
0
128
147
0
0
128
148
0
0
128
149
0
0
128
150
0
0
128
151
0
0
128
152
0
0
128
153
0
0
128
154
0
0
127
155
0
0
127
156
0
0
127
157
0
0
127
158
0
0
127
159
0
0
127
160
0
0
127
161
0
0
127
162
0
0
127
163
0
0
127
164
0
0
127
165
0
0
127
166
0
0
127
167
0
0
127
168
0
0
127
169
0
0
127
170
0
0
127
171
0
0
127
172
0
0
127
173
0
0
127
174
0
0
127
175
0
0
127
176
0
0
129
177
0
0
129
178
0
0
128
179
0
0
127
180
0
0
127
181
0
0
128
182
0
0
127
183
0
0
127
184
0
0
127
185
0
0
127
186
0
0
127
187
0
0
127
188
0
0
127
189
0
0
127
190
0
0
127
191
0
0
128
192
0
0
127
193
0
0
127
194
0
0
128
195
0
0
127
196
0
0
127
197
0
0
127
198
0
0
127
199
0
0
127
200
0
0
128
201
0
0
127
202
0
0
127
203
0
0
127
204
0
0
127
205
0
0
127
206
0
0
127
207
0
0
127
208
0
0
127
209
0
0
127
210
0
0
127
211
0
0
127
212
0
0
127
213
0
0
127
214
0
0
127
215
0
0
127
216
0
0
127
217
0
0
127
218
0
0
128
219
0
0
128
220
0
0
128
221
0
0
128
222
0
0
127
223
0
0
128
224
0
0
128
225
0
0
128
226
0
0
127
227
0
0
127
228
0
0
127
229
0
0
127
230
0
0
127
231
0
0
127
232
0
0
127
233
0
0
128
234
0
0
127
235
0
0
127
236
0
0
128
237
0
0
128
238
0
0
127
239
0
0
128
240
0
0
128
241
0
0
128
242
0
0
127
243
0
0
128
244
0
0
128
245
0
0
128
246
0
0
127
247
0
0
127
248
0
0
128
249
0
0
128
250
0
0
128
251
0
0
127
252
0
0
128
253
0
0
128
254
0
0
128
255
0
0
128
0
0
0
127
1
0
0
127
2
0
0
127
3
0
0
127
4
0
0
127
5
0
0
127
6
0
0
127
7
0
0
127
8
0
0
127
9
0
0
127
10
0
0
127
11
0
0
127
12
0
0
127
13
0
0
127
14
0
0
127
15
0
0
127
16
0
0
127
17
0
0
127
18
0
0
127
19
0
0
127
20
0
0
127
21
0
0
127
22
0
0
127
23
0
0
127
24
0
0
127
25
0
0
127
26
0
0
127
27
0
0
127
28
0
0
127
29
0
0
127
30
0
0
127
31
0
0
127
32
0
0
127
33
0
0
127
34
0
0
127
35
0
0
127
36
0
0
127
37
0
0
127
38
0
0
127
39
0
0
127
40
0
0
127
41
0
0
127
42
0
0
127
43
0
0
127
44
0
0
127
45
0
0
127
46
0
0
127
47
0
0
127
48
0
0
127
49
0
0
127
50
0
0
127
51
0
0
127
52
0
0
127
53
0
0
127
54
0
0
127
55
0
0
127
56
0
0
127
57
0
0
127
58
0
0
127
59
0
0
127
60
0
0
128
61
0
0
127
62
0
0
127
63
0
0
127
64
0
0
127
65
0
0
127
66
0
0
127
67
0
0
127
68
0
0
127
69
0
0
127
70
0
0
127
71
0
0
127
72
0
0
127
73
0
0
127
74
0
0
127
75
0
0
127
76
0
0
127
77
0
0
127
78
0
0
127
79
0
0
127
80
0
0
128
81
0
0
128
82
0
0
127
83
0
0
128
84
0
0
128
85
0
0
127
86
0
0
127
87
0
0
127
88
0
0
127
89
0
0
127
90
0
0
127
91
0
0
127
92
0
0
127
93
0
0
127
94
0
0
127
95
0
0
127
96
0
0
127
97
0
0
127
98
0
0
127
99
0
0
127
100
0
0
127
101
0
0
128
102
0
0
127
103
0
0
127
104
0
0
127
105
0
0
127
106
0
0
127
107
0
0
128
108
0
0
128
109
0
0
128
110
0
0
128
111
0
0
127
112
0
0
128
113
0
0
128
114
0
0
127
115
0
0
127
116
0
0
127
117
0
0
127
118
0
0
127
119
0
0
127
120
0
0
128
121
0
0
127
122
0
0
127
123
0
0
127
124
0
0
127
125
0
0
127
126
0
0
127
127
0
0
127
128
0
0
127
129
0
0
127
130
0
0
127
131
0
0
127
132
0
0
127
133
0
0
127
134
0
0
127
135
0
0
127
136
0
0
127
137
0
0
127
138
0
0
127
139
0
0
127
140
0
0
127
141
0
0
127
142
0
0
127
143
0
0
127
144
0
0
127
145
0
0
127
146
0
0
127
147
0
0
128
148
0
0
127
149
0
0
127
150
0
0
128
151
0
0
127
152
0
0
127
153
0
0
127
154
0
0
128
155
0
0
128
156
0
0
128
157
0
0
128
158
0
0
128
159
0
0
128
160
0
0
127
161
0
0
127
162
0
0
127
163
0
0
127
164
0
0
127
165
0
0
128
166
0
0
128
167
0
0
128
168
0
0
127
169
0
0
127
170
0
0
127
171
0
0
127
172
0
0
127
173
0
0
127
174
0
0
127
175
0
0
127
176
0
0
127
177
0
0
128
178
0
0
128
179
0
0
128
180
0
0
128
181
0
0
127
182
0
0
127
183
0
0
127
184
0
0
127
185
0
0
127
186
0
0
127
187
0
0
127
188
0
0
127
189
0
0
127
190
0
0
127
191
0
0
127
192
0
0
127
193
0
0
127
194
0
0
127
195
0
0
127
196
0
0
127
197
0
0
127
198
0
0
128
199
0
0
127
200
0
0
127
201
0
0
127
202
0
0
127
203
0
0
127
204
0
0
127
205
0
0
128
206
0
0
128
207
0
0
127
208
0
0
127
209
0
0
127
210
0
0
127
211
0
0
127
212
0
0
127
213
0
0
127
214
0
0
127
215
0
0
127
216
0
0
127
217
0
0
127
218
0
0
127
219
0
0
127
220
0
0
127
221
0
0
127
222
0
0
127
223
0
0
127
224
0
0
127
225
0
0
127
226
0
0
127
227
0
0
127
228
0
0
127
229
0
0
127
230
0
0
128
231
0
0
128
232
0
0
127
233
0
0
128
234
0
0
128
235
0
0
127
236
0
0
127
237
0
0
127
238
0
0
127
239
0
0
127
240
0
0
127
241
0
0
127
242
0
0
127
243
0
0
127
244
0
0
127
245
0
0
127
246
0
0
127
247
0
0
127
248
0
0
127
249
0
0
127
250
0
0
128
251
0
0
128
252
0
0
128
253
0
0
127
254
0
0
127
255
0
0
127
0
0
0
127
1
0
0
127
2
0
0
127
3
0
0
127
4
0
0
127
5
0
0
128
6
0
0
128
7
0
0
127
8
0
0
127
9
0
0
128
10
0
0
127
11
0
0
127
12
0
0
127
13
0
0
128
14
0
0
128
15
0
0
128
16
0
0
127
17
0
0
127
18
0
0
128
19
0
0
127
20
0
0
127
21
0
0
127
22
0
0
127
23
0
0
127
24
0
0
127
25
0
0
127
26
0
0
127
27
0
0
128
28
0
0
127
29
0
0
127
30
0
0
127
31
0
0
127
32
0
0
127
33
0
0
127
34
0
0
127
35
0
0
127
36
0
0
127
37
0
0
127
38
0
0
127
39
0
0
127
40
0
0
127
41
0
0
127
42
0
0
127
43
0
0
127
44
0
0
127
45
0
0
127
46
0
0
127
47
0
0
127
48
0
0
127
49
0
0
127
50
0
0
127
51
0
0
127
52
0
0
127
53
0
0
127
54
0
0
127
55
0
0
127
56
0
0
127
57
0
0
127
58
0
0
127
59
0
0
128
60
0
0
128
61
0
0
127
62
0
0
127
63
0
0
127
64
0
0
127
65
0
0
127
66
0
0
127
67
0
0
127
68
0
0
127
69
0
0
127
70
0
0
127
71
0
0
127
72
0
0
127
73
0
0
127
74
0
0
127
75
0
0
128
76
0
0
128
77
0
0
128
78
0
0
128
79
0
0
128
80
0
0
128
81
0
0
128
82
0
0
127
83
0
0
127
84
0
0
127
85
0
0
128
86
0
0
128
87
0
0
128
88
0
0
127
89
0
0
127
90
0
0
127
91
0
0
127
92
0
0
127
93
0
0
127
94
0
0
127
95
0
0
127
96
0
0
127
97
0
0
127
98
0
0
127
99
0
0
127
100
0
0
127
101
0
0
127
102
0
0
127
103
0
0
127
104
0
0
127
105
0
0
127
106
0
0
128
107
0
0
127
108
0
0
127
109
0
0
128
110
0
0
128
111
0
0
128
112
0
0
128
113
0
0
127
114
0
0
127
115
0
0
127
116
0
0
127
117
0
0
127
118
0
0
127
119
0
0
127
120
0
0
127
121
0
0
128
122
0
0
128
123
0
0
127
124
0
0
127
125
0
0
127
126
0
0
127
127
0
0
127
128
0
0
127
129
0
0
127
130
0
0
127
131
0
0
127
132
0
0
127
133
0
0
127
134
0
0
127
135
0
0
127
136
0
0
127
137
0
0
127
138
0
0
127
139
0
0
127
140
0
0
127
141
0
0
127
142
0
0
127
143
0
0
127
144
0
0
127
145
0
0
127
146
0
0
127
147
0
0
127
148
0
0
127
149
0
0
127
150
0
0
127
151
0
0
127
152
0
0
127
153
0
0
127
154
0
0
127
155
0
0
127
156
0
0
128
157
0
0
128
158
0
0
127
159
0
0
127
160
0
0
127
161
0
0
127
162
0
0
127
163
0
0
127
164
0
0
127
165
0
0
127
166
0
0
127
167
0
0
127
168
0
0
127
169
0
0
127
170
0
0
127
171
0
0
127
172
0
0
127
173
0
0
127
174
0
0
127
175
0
0
127
176
0
0
127
177
0
0
127
178
0
0
127
179
0
0
127
180
0
0
127
181
0
0
127
182
0
0
127
183
0
0
127
184
0
0
127
185
0
0
127
186
0
0
127
187
0
0
127
188
0
0
127
189
0
0
127
190
0
0
127
191
0
0
127
192
0
0
127
193
0
0
127
194
0
0
127
195
0
0
127
196
0
0
127
197
0
0
127
198
0
0
127
199
0
0
127
200
0
0
127
201
0
0
127
202
0
0
127
203
0
0
127
204
0
0
127
205
0
0
127
206
0
0
127
207
0
0
127
208
0
0
127
209
0
0
127
210
0
0
127
211
0
0
127
212
0
0
127
213
0
0
127
214
0
0
127
215
0
0
128
216
0
0
128
217
0
0
128
218
0
0
128
219
0
0
128
220
0
0
127
221
0
0
127
222
0
0
127
223
0
0
128
224
0
0
127
225
0
0
127
226
0
0
127
227
0
0
127
228
0
0
128
229
0
0
127
230
0
0
127
231
0
0
127
232
0
0
127
233
0
0
127
234
0
0
127
235
0
0
127
236
0
0
127
237
0
0
127
238
0
0
127
239
0
0
127
240
0
0
127
241
0
0
127
242
0
0
127
243
0
0
127
244
0
0
127
245
0
0
127
246
0
0
127
247
0
0
127
248
0
0
127
249
0
0
127
250
0
0
127
251
0
0
127
252
0
0
127
253
0
0
127
254
0
0
127
255
0
0
127
0
0
0
127
1
0
0
127
2
0
0
127
3
0
0
127
4
0
0
127
5
0
0
127
6
0
0
127
7
0
0
127
8
0
0
127
9
0
0
127
10
0
0
127
11
0
0
127
12
0
0
127
13
0
0
127
14
0
0
127
15
0
0
127
16
0
0
127
17
0
0
127
18
0
0
127
19
0
0
127
20
0
0
127
21
0
0
127
22
0
0
127
23
0
0
127
24
0
0
127
25
0
0
127
26
0
0
127
27
0
0
127
28
0
0
127
29
0
0
127
30
0
0
127
31
0
0
127
32
0
0
127
33
0
0
127
34
0
0
127
35
0
0
127
36
0
0
127
37
0
0
127
38
0
0
127
39
0
0
127
40
0
0
127
41
0
0
127
42
0
0
127
43
0
0
127
44
0
0
127
45
0
0
127
46
0
0
127
47
0
0
127
48
0
0
127
49
0
0
127
50
0
0
127
51
0
0
127
52
0
0
127
53
0
0
127
54
0
0
127
55
0
0
127
56
0
0
127
57
0
0
128
58
0
0
127
59
0
0
127
60
0
0
127
61
0
0
127
62
0
0
127
63
0
0
127
64
0
0
127
65
0
0
127
66
0
0
127
67
0
0
127
68
0
0
127
69
0
0
127
70
0
0
127
71
0
0
127
72
0
0
127
73
0
0
127
74
0
0
127
75
0
0
127
76
0
0
127
77
0
0
127
78
0
0
127
79
0
0
127
80
0
0
127
81
0
0
127
82
0
0
127
83
0
0
127
84
0
0
127
85
0
0
127
86
0
0
127
87
0
0
127
88
0
0
127
89
0
0
127
90
0
0
127
91
0
0
127
92
0
0
127
93
0
0
127
94
0
0
127
95
0
0
127
96
0
0
127
97
0
0
127
98
0
0
127
99
0
0
127
100
0
0
127
101
0
0
127
102
0
0
127
103
0
0
127
104
0
0
127
105
0
0
127
106
0
0
127
107
0
0
127
108
0
0
127
109
0
0
127
110
0
0
127
111
0
0
127
112
0
0
127
113
0
0
127
114
0
0
127
115
0
0
127
116
0
0
127
117
0
0
127
118
0
0
127
119
0
0
127
120
0
0
127
121
0
0
127
122
0
0
127
123
0
0
127
124
0
0
127
125
0
0
127
126
0
0
127
127
0
0
127
128
0
0
127
129
0
0
127
130
0
0
127
131
0
0
128
132
0
0
127
133
0
0
127
134
0
0
127
135
0
0
127
136
0
0
127
137
0
0
127
138
0
0
127
139
0
0
127
140
0
0
127
141
0
0
127
142
0
0
127
143
0
0
127
144
0
0
127
145
0
0
127
146
0
0
127
147
0
0
128
148
0
0
127
149
0
0
127
150
0
0
127
151
0
0
127
152
0
0
127
153
0
0
127
154
0
0
127
155
0
0
127
156
0
0
127
157
0
0
127
158
0
0
127
159
0
0
127
160
0
0
127
161
0
0
127
162
0
0
127
163
0
0
127
164
0
0
127
165
0
0
127
166
0
0
127
167
0
0
127
168
0
0
127
169
0
0
127
170
0
0
127
171
0
0
127
172
0
0
127
173
0
0
127
174
0
0
127
175
0
0
127
176
0
0
127
177
0
0
127
178
0
0
127
179
0
0
127
180
0
0
127
181
0
0
127
182
0
0
127
183
0
0
127
184
0
0
127
185
0
0
127
186
0
0
127
187
0
0
127
188
0
0
127
189
0
0
127
190
0
0
127
191
0
0
127
192
0
0
127
193
0
0
127
194
0
0
127
195
0
0
127
196
0
0
128
197
0
0
127
198
0
0
127
199
0
0
127
200
0
0
127
201
0
0
127
202
0
0
127
203
0
0
127
204
0
0
127
205
0
0
127
206
0
0
127
207
0
0
127
208
0
0
127
209
0
0
127
210
0
0
127
211
0
0
127
212
0
0
127
213
0
0
127
214
0
0
127
215
0
0
127
216
0
0
127
217
0
0
127
218
0
0
127
219
0
0
127
220
0
0
127
221
0
0
127
222
0
0
127
223
0
0
127
224
0
0
127
225
0
0
127
226
0
0
127
227
0
0
127
228
0
0
127
229
0
0
127
230
0
0
127
231
0
0
127
232
0
0
127
233
0
0
127
234
0
0
127
235
0
0
127
236
0
0
127
237
0
0
127
238
0
0
127
239
0
0
127
240
0
0
127
241
0
0
127
242
0
0
127
243
0
0
127
244
0
0
127
245
0
0
127
246
0
0
127
247
0
0
127
248
0
0
127
249
0
0
127
250
0
0
127
251
0
0
127
252
0
0
127
253
0
0
127
254
0
0
127
255
0
0
127
0
0
0
127
1
0
0
127
2
0
0
127
3
0
0
127
4
0
0
127
5
0
0
127
6
0
0
127
7
0
0
127
8
0
0
127
9
0
0
127
10
0
0
127
11
0
0
127
12
0
0
127
13
0
0
127
14
0
0
127
15
0
0
127
16
0
0
127
17
0
0
127
18
0
0
127
19
0
0
127
20
0
0
127
21
0
0
127
22
0
0
127
23
0
0
127
24
0
0
127
25
0
0
127
26
0
0
127
27
0
0
127
28
0
0
127
29
0
0
127
30
0
0
127
31
0
0
127
32
0
0
127
33
0
0
127
34
0
0
127
35
0
0
127
36
0
0
127
37
0
0
127
38
0
0
127
39
0
0
127
40
0
0
127
41
0
0
127
42
0
0
127
43
0
0
127
44
0
0
127
45
0
0
127
46
0
0
127
47
0
0
127
48
0
0
127
49
0
0
127
50
0
0
127
51
0
0
127
52
0
0
127
53
0
0
127
54
0
0
127
55
0
0
127
56
0
0
127
57
0
0
127
58
0
0
127
59
0
0
127
60
0
0
127
61
0
0
127
62
0
0
127
63
0
0
127
64
0
0
127
65
0
0
127
66
0
0
127
67
0
0
127
68
0
0
127
69
0
0
127
70
0
0
127
71
0
0
127
72
0
0
127
73
0
0
127
74
0
0
127
75
0
0
127
76
0
0
127
77
0
0
127
78
0
0
127
79
0
0
127
80
0
0
127
81
0
0
127
82
0
0
127
83
0
0
127
84
0
0
127
85
0
0
127
86
0
0
127
87
0
0
127
88
0
0
127
89
0
0
127
90
0
0
127
91
0
0
127
92
0
0
127
93
0
0
127
94
0
0
127
95
0
0
127
96
0
0
127
97
0
0
127
98
0
0
127
99
0
0
127
100
0
0
127
101
0
0
127
102
0
0
127
103
0
0
127
104
0
0
127
105
0
0
127
106
0
0
127
107
0
0
127
108
0
0
127
109
0
0
127
110
0
0
127
111
0
0
127
112
0
0
127
113
0
0
127
114
0
0
127
115
0
0
127
116
0
0
127
117
0
0
127
118
0
0
127
119
0
0
127
120
0
0
127
121
0
0
128
122
0
0
128
123
0
0
128
124
0
0
128
125
0
0
127
126
0
0
127
127
0
0
127
128
0
0
127
129
0
0
127
130
0
0
127
131
0
0
127
132
0
0
127
133
0
0
127
134
0
0
127
135
0
0
127
136
0
0
127
137
0
0
127
138
0
0
127
139
0
0
127
140
0
0
127
141
0
0
127
142
0
0
127
143
0
0
127
144
0
0
127
145
0
0
127
146
0
0
127
147
0
0
127
148
0
0
127
149
0
0
127
150
0
0
127
151
0
0
127
152
0
0
127
153
0
0
127
154
0
0
127
155
0
0
127
156
0
0
127
157
0
0
127
158
0
0
127
159
0
0
127
160
0
0
127
161
0
0
127
162
0
0
127
163
0
0
127
164
0
0
127
165
0
0
127
166
0
0
127
167
0
0
127
168
0
0
127
169
0
0
127
170
0
0
127
171
0
0
127
172
0
0
127
173
0
0
127
174
0
0
127
175
0
0
127
176
0
0
127
177
0
0
127
178
0
0
127
179
0
0
127
180
0
0
127
181
0
0
127
182
0
0
128
183
0
0
127
184
0
0
127
185
0
0
127
186
0
0
127
187
0
0
127
188
0
0
127
189
0
0
127
190
0
0
127
191
0
0
127
192
0
0
127
193
0
0
127
194
0
0
127
195
0
0
127
196
0
0
127
197
0
0
127
198
0
0
127
199
0
0
127
200
0
0
127
201
0
0
127
202
0
0
127
203
0
0
127
204
0
0
127
205
0
0
127
206
0
0
127
207
0
0
127
208
0
0
127
209
0
0
127
210
0
0
127
211
0
0
127
212
0
0
127
213
0
0
127
214
0
0
127
215
0
0
127
216
0
0
127
217
0
0
127
218
0
0
127
219
0
0
127
220
0
0
127
221
0
0
127
222
0
0
127
223
0
0
127
224
0
0
127
225
0
0
127
226
0
0
127
227
0
0
127
228
0
0
127
229
0
0
127
230
0
0
127
231
0
0
127
232
0
0
127
233
0
0
127
234
0
0
127
235
0
0
127
236
0
0
127
237
0
0
127
238
0
0
127
239
0
0
127
240
0
0
127
241
0
0
127
242
0
0
127
243
0
0
127
244
0
0
127
245
0
0
127
246
0
0
127
247
0
0
127
248
0
0
127
249
0
0
127
250
0
0
127
251
0
0
128
252
0
0
128
253
0
0
127
254
0
0
127
255
0
0
127
0
0
0
127
1
0
0
127
2
0
0
127
3
0
0
127
4
0
0
127
5
0
0
127
6
0
0
127
7
0
0
127
8
0
0
127
9
0
0
127
10
0
0
127
11
0
0
127
12
0
0
127
13
0
0
127
14
0
0
127
15
0
0
127
16
0
0
127
17
0
0
127
18
0
0
127
19
0
0
127
20
0
0
127
21
0
0
127
22
0
0
127
23
0
0
127
24
0
0
127
25
0
0
127
26
0
0
128
27
0
0
128
28
0
0
127
29
0
0
127
30
0
0
127
31
0
0
127
32
0
0
127
33
0
0
127
34
0
0
127
35
0
0
127
36
0
0
127
37
0
0
127
38
0
0
127
39
0
0
127
40
0
0
127
41
0
0
127
42
0
0
127
43
0
0
127
44
0
0
127
45
0
0
127
46
0
0
127
47
0
0
127
48
0
0
127
49
0
0
127
50
0
0
127
51
0
0
127
52
0
0
127
53
0
0
127
54
0
0
127
55
0
0
127
56
0
0
127
57
0
0
127
58
0
0
127
59
0
0
127
60
0
0
127
61
0
0
127
62
0
0
127
63
0
0
127
64
0
0
127
65
0
0
127
66
0
0
127
67
0
0
127
68
0
0
127
69
0
0
127
70
0
0
127
71
0
0
127
72
0
0
127
73
0
0
127
74
0
0
127
75
0
0
127
76
0
0
127
77
0
0
127
78
0
0
127
79
0
0
127
80
0
0
127
81
0
0
127
82
0
0
128
83
0
0
127
84
0
0
127
85
0
0
127
86
0
0
127
87
0
0
127
88
0
0
127
89
0
0
127
90
0
0
127
91
0
0
127
92
0
0
127
93
0
0
127
94
0
0
127
95
0
0
127
96
0
0
127
97
0
0
127
98
0
0
127
99
0
0
127
100
0
0
127
101
0
0
127
102
0
0
127
103
0
0
127
104
0
0
127
105
0
0
127
106
0
0
127
107
0
0
127
108
0
0
127
109
0
0
127
110
0
0
127
111
0
0
127
112
0
0
127
113
0
0
127
114
0
0
127
115
0
0
127
116
0
0
127
117
0
0
127
118
0
0
127
119
0
0
127
120
0
0
127
121
0
0
127
122
0
0
127
123
0
0
127
124
0
0
127
125
0
0
127
126
0
0
127
127
0
0
127
128
0
0
127
129
0
0
127
130
0
0
127
131
0
0
127
132
0
0
127
133
0
0
127
134
0
0
127
135
0
0
127
136
0
0
127
137
0
0
127
138
0
0
127
139
0
0
127
140
0
0
127
141
0
0
127
142
0
0
127
143
0
0
127
144
0
0
127
145
0
0
127
146
0
0
127
147
0
0
127
148
0
0
127
149
0
0
127
150
0
0
127
151
0
0
127
152
0
0
127
153
0
0
127
154
0
0
127
155
0
0
127
156
0
0
127
157
0
0
127
158
0
0
127
159
0
0
127
160
0
0
127
161
0
0
127
162
0
0
127
163
0
0
127
164
0
0
127
165
0
0
127
166
0
0
127
167
0
0
127
168
0
0
127
169
0
0
127
170
0
0
127
171
0
0
127
172
0
0
127
173
0
0
127
174
0
0
127
175
0
0
127
176
0
0
127
177
0
0
127
178
0
0
127
179
0
0
127
180
0
0
127
181
0
0
127
182
0
0
127
183
0
0
127
184
0
0
127
185
0
0
127
186
0
0
127
187
0
0
127
188
0
0
127
189
0
0
127
190
0
0
127
191
0
0
127
192
0
0
127
193
0
0
127
194
0
0
127
195
0
0
127
196
0
0
127
197
0
0
127
198
0
0
127
199
0
0
127
200
0
0
127
201
0
0
127
202
0
0
127
203
0
0
127
204
0
0
127
205
0
0
127
206
0
0
127
207
0
0
127
208
0
0
127
209
0
0
127
210
0
0
127
211
0
0
127
212
0
0
127
213
0
0
127
214
0
0
127
215
0
0
127
216
0
0
127
217
0
0
127
218
0
0
127
219
0
0
127
220
0
0
127
221
0
0
127
222
0
0
127
223
0
0
127
224
0
0
127
225
0
0
127
226
0
0
127
227
0
0
127
228
0
0
127
229
0
0
127
230
0
0
127
231
0
0
127
232
0
0
127
233
0
0
127
234
0
0
127
235
0
0
127
236
0
0
127
237
0
0
128
238
0
0
128
239
0
0
128
240
0
0
127
241
0
0
127
242
0
0
127
243
0
0
127
244
0
0
127
245
0
0
127
246
0
0
127
247
0
0
127
248
0
0
127
249
0
0
127
250
0
0
127
251
0
0
127
252
0
0
127
253
0
0
127
254
0
0
127
255
0
0
127
0
0
0
127
1
0
0
127
2
0
0
127
3
0
0
127
4
0
0
127
5
0
0
127
6
0
0
127
7
0
0
127
8
0
0
127
9
0
0
127
10
0
0
127
11
0
0
127
12
0
0
127
13
0
0
127
14
0
0
127
15
0
0
127
16
0
0
127
17
0
0
127
18
0
0
127
19
0
0
127
20
0
0
127
21
0
0
127
22
0
0
127
23
0
0
127
24
0
0
127
25
0
0
127
26
0
0
127
27
0
0
127
28
0
0
127
29
0
0
127
30
0
0
127
31
0
0
127
32
0
0
127
33
0
0
127
34
0
0
127
35
0
0
127
36
0
0
127
37
0
0
127
38
0
0
127
39
0
0
127
40
0
0
127
41
0
0
127
42
0
0
127
43
0
0
127
44
0
0
127
45
0
0
127
46
0
0
127
47
0
0
127
48
0
0
127
49
0
0
127
50
0
0
127
51
0
0
127
52
0
0
127
53
0
0
127
54
0
0
127
55
0
0
127
56
0
0
127
57
0
0
127
58
0
0
127
59
0
0
127
60
0
0
127
61
0
0
127
62
0
0
127
63
0
0
127
64
0
0
127
65
0
0
127
66
0
0
127
67
0
0
127
68
0
0
127
69
0
0
127
70
0
0
127
71
0
0
127
72
0
0
127
73
0
0
127
74
0
0
127
75
0
0
127
76
0
0
127
77
0
0
127
78
0
0
127
79
0
0
127
80
0
0
127
81
0
0
127
82
0
0
127
83
0
0
127
84
0
0
127
85
0
0
127
86
0
0
127
87
0
0
127
88
0
0
127
89
0
0
127
90
0
0
127
91
0
0
127
92
0
0
127
93
0
0
127
94
0
0
127
95
0
0
127
96
0
0
127
97
0
0
127
98
0
0
127
99
0
0
127
100
0
0
127
101
0
0
127
102
0
0
127
103
0
0
127
104
0
0
127
105
0
0
127
106
0
0
127
107
0
0
127
108
0
0
127
109
0
0
127
110
0
0
127
111
0
0
127
112
0
0
127
113
0
0
127
114
0
0
127
115
0
0
127
116
0
0
127
117
0
0
127
118
0
0
127
119
0
0
127
120
0
0
127
121
0
0
127
122
0
0
127
123
0
0
127
124
0
0
127
125
0
0
127
126
0
0
127
127
0
0
127
128
0
0
127
129
0
0
127
130
0
0
127
131
0
0
127
132
0
0
127
133
0
0
127
134
0
0
127
135
0
0
127
136
0
0
127
137
0
0
127
138
0
0
127
139
0
0
127
140
0
0
127
141
0
0
127
142
0
0
127
143
0
0
127
144
0
0
127
145
0
0
127
146
0
0
127
147
0
0
127
148
0
0
127
149
0
0
127
150
0
0
127
151
0
0
127
152
0
0
127
153
0
0
127
154
0
0
127
155
0
0
127
156
0
0
127
157
0
0
127
158
0
0
127
159
0
0
127
160
0
0
127
161
0
0
127
162
0
0
127
163
0
0
127
164
0
0
127
165
0
0
127
166
0
0
127
167
0
0
127
168
0
0
127
169
0
0
127
170
0
0
127
171
0
0
127
172
0
0
127
173
0
0
127
174
0
0
127
175
0
0
127
176
0
0
127
177
0
0
127
178
0
0
127
179
0
0
127
180
0
0
127
181
0
0
127
182
0
0
127
183
0
0
127
184
0
0
127
185
0
0
127
186
0
0
127
187
0
0
127
188
0
0
127
189
0
0
127
190
0
0
127
191
0
0
127
192
0
0
127
193
0
0
127
194
0
0
127
195
0
0
127
196
0
0
127
197
0
0
127
198
0
0
127
199
0
0
127
200
0
0
127
201
0
0
127
202
0
0
127
203
0
0
127
204
0
0
127
205
0
0
127
206
0
0
127
207
0
0
127
208
0
0
127
209
0
0
127
210
0
0
127
211
0
0
127
212
0
0
127
213
0
0
127
214
0
0
127
215
0
0
127
216
0
0
127
217
0
0
127
218
0
0
127
219
0
0
127
220
0
0
127
221
0
0
127
222
0
0
127
223
0
0
127
224
0
0
127
225
0
0
127
226
0
0
127
227
0
0
127
228
0
0
127
229
0
0
127
230
0
0
127
231
0
0
127
232
0
0
127
233
0
0
127
234
0
0
127
235
0
0
127
236
0
0
127
237
0
0
127
238
0
0
127
239
0
0
127
240
0
0
127
241
0
0
127
242
0
0
127
243
0
0
127
244
0
0
127
245
0
0
127
246
0
0
127
247
0
0
127
248
0
0
127
249
0
0
127
250
0
0
127
251
0
0
127
252
0
0
127
253
0
0
127
254
0
0
127
255
0
0
127
0
0
0
127
1
0
0
127
2
0
0
127
3
0
0
127
4
0
0
127
5
0
0
127
6
0
0
127
7
0
0
127
8
0
0
127
9
0
0
127
10
0
0
127
11
0
0
127
12
0
0
127
13
0
0
127
14
0
0
127
15
0
0
127
16
0
0
127
17
0
0
127
18
0
0
127
19
0
0
127
20
0
0
127
21
0
0
127
22
0
0
127
23
0
0
127
24
0
0
127
25
0
0
127
26
0
0
127
27
0
0
127
28
0
0
127
29
0
0
127
30
0
0
127
31
0
0
127
32
0
0
127
33
0
0
127
34
0
0
127
35
0
0
127
36
0
0
127
37
0
0
127
38
0
0
127
39
0
0
127
40
0
0
127
41
0
0
127
42
0
0
127
43
0
0
127
44
0
0
127
45
0
0
127
46
0
0
127
47
0
0
127
48
0
0
127
49
0
0
127
50
0
0
127
51
0
0
127
52
0
0
127
53
0
0
127
54
0
0
127
55
0
0
127
56
0
0
127
57
0
0
127
58
0
0
127
59
0
0
127
60
0
0
127
61
0
0
127
62
0
0
127
63
0
0
127
64
0
0
127
65
0
0
127
66
0
0
127
67
0
0
127
68
0
0
127
69
0
0
127
70
0
0
127
71
0
0
127
72
0
0
127
73
0
0
127
74
0
0
127
75
0
0
127
76
0
0
127
77
0
0
127
78
0
0
127
79
0
0
127
80
0
0
127
81
0
0
127
82
0
0
127
83
0
0
127
84
0
0
127
85
0
0
127
86
0
0
127
87
0
0
127
88
0
0
127
89
0
0
127
90
0
0
127
91
0
0
127
92
0
0
127
93
0
0
127
94
0
0
127
95
0
0
127
96
0
0
127
97
0
0
127
98
0
0
127
99
0
0
127
100
0
0
127
101
0
0
127
102
0
0
127
103
0
0
127
104
0
0
127
105
0
0
127
106
0
0
127
107
0
0
127
108
0
0
127
109
0
0
127
110
0
0
127
111
0
0
127
112
0
0
127
113
0
0
127
114
0
0
127
115
0
0
127
116
0
0
127
117
0
0
127
118
0
0
127
119
0
0
127
120
0
0
127
121
0
0
127
122
0
0
127
123
0
0
127
124
0
0
127
125
0
0
127
126
0
0
127
127
0
0
127
128
0
0
127
129
0
0
127
130
0
0
127
131
0
0
127
132
0
0
127
133
0
0
127
134
0
0
127
135
0
0
127
136
0
0
127
137
0
0
127
138
0
0
127
139
0
0
127
140
0
0
127
141
0
0
127
142
0
0
127
143
0
0
127
144
0
0
127
145
0
0
127
146
0
0
127
147
0
0
127
148
0
0
127
149
0
0
127
150
0
0
127
151
0
0
127
152
0
0
127
153
0
0
127
154
0
0
127
155
0
0
127
156
0
0
127
157
0
0
127
158
0
0
127
159
0
0
127
160
0
0
127
161
0
0
127
162
0
0
127
163
0
0
127
164
0
0
127
165
0
0
127
166
0
0
127
167
0
0
127
168
0
0
127
169
0
0
127
170
0
0
127
171
0
0
127
172
0
0
127
173
0
0
127
174
0
0
127
175
0
0
127
176
0
0
127
177
0
0
127
178
0
0
127
179
0
0
127
180
0
0
127
181
0
0
127
182
0
0
127
183
0
0
127
184
0
0
127
185
0
0
127
186
0
0
127
187
0
0
127
188
0
0
127
189
0
0
127
190
0
0
127
191
0
0
127
192
0
0
127
193
0
0
127
194
0
0
127
195
0
0
127
196
0
0
127
197
0
0
127
198
0
0
127
199
0
0
127
200
0
0
127
201
0
0
127
202
0
0
127
203
0
0
127
204
0
0
127
205
0
0
127
206
0
0
127
207
0
0
127
208
0
0
127
209
0
0
127
210
0
0
127
211
0
0
127
212
0
0
127
213
0
0
127
214
0
0
127
215
0
0
127
216
0
0
127
217
0
0
127
218
0
0
127
219
0
0
127
220
0
0
127
221
0
0
127
222
0
0
127
223
0
0
127
224
0
0
127
225
0
0
127
226
0
0
127
227
0
0
127
228
0
0
127
229
0
0
127
230
0
0
127
231
0
0
127
232
0
0
127
233
0
0
127
234
0
0
127
235
0
0
127
236
0
0
127
237
0
0
127
238
0
0
127
239
0
0
127
240
0
0
127
241
0
0
127
242
0
0
127
243
0
0
127
244
0
0
127
245
0
0
127
246
0
0
127
247
0
0
127
248
0
0
127
249
0
0
127
250
0
0
127
251
0
0
127
252
0
0
127
253
0
0
127
254
0
0
127
255
0
0
127
0
0
0
127
1
0
0
127
2
0
0
127
3
0
0
127
4
0
0
127
5
0
0
127
6
0
0
127
7
0
0
127
8
0
0
127
9
0
0
127
10
0
0
127
11
0
0
127
12
0
0
127
13
0
0
127
14
0
0
127
15
0
0
127
16
0
0
127
17
0
0
127
18
0
0
127
19
0
0
127
20
0
0
127
21
0
0
127
22
0
0
127
23
0
0
127
24
0
0
127
25
0
0
127
26
0
0
127
27
0
0
127
28
0
0
127
29
0
0
127
30
0
0
127
31
0
0
127
32
0
0
127
33
0
0
127
34
0
0
127
35
0
0
127
36
0
0
127
37
0
0
127
38
0
0
127
39
0
0
127
40
0
0
127
41
0
0
127
42
0
0
127
43
0
0
127
44
0
0
127
45
0
0
127
46
0
0
127
47
0
0
127
48
0
0
127
49
0
0
127
50
0
0
127
51
0
0
127
52
0
0
127
53
0
0
127
54
0
0
127
55
0
0
127
56
0
0
127
57
0
0
127
58
0
0
127
59
0
0
127
60
0
0
127
61
0
0
127
62
0
0
127
63
0
0
127
64
0
0
127
65
0
0
127
66
0
0
127
67
0
0
127
68
0
0
127
69
0
0
127
70
0
0
127
71
0
0
127
72
0
0
127
73
0
0
127
74
0
0
127
75
0
0
127
76
0
0
127
77
0
0
127
78
0
0
127
79
0
0
127
80
0
0
127
81
0
0
127
82
0
0
127
83
0
0
127
84
0
0
127
85
0
0
128
86
0
0
127
87
0
0
127
88
0
0
127
89
0
0
127
90
0
0
127
91
0
0
127
92
0
0
127
93
0
0
127
94
0
0
127
95
0
0
127
96
0
0
127
97
0
0
127
98
0
0
127
99
0
0
127
100
0
0
127
101
0
0
127
102
0
0
127
103
0
0
127
104
0
0
127
105
0
0
127
106
0
0
127
107
0
0
127
108
0
0
127
109
0
0
128
110
0
0
128
111
0
0
127
112
0
0
127
113
0
0
127
114
0
0
127
115
0
0
127
116
0
0
127
117
0
0
127
118
0
0
127
119
0
0
127
120
0
0
127
121
0
0
127
122
0
0
127
123
0
0
127
124
0
0
127
125
0
0
127
126
0
0
127
127
0
0
127
128
0
0
127
129
0
0
127
130
0
0
127
131
0
0
127
132
0
0
127
133
0
0
127
134
0
0
127
135
0
0
127
136
0
0
127
137
0
0
127
138
0
0
127
139
0
0
127
140
0
0
127
141
0
0
127
142
0
0
127
143
0
0
127
144
0
0
127
145
0
0
127
146
0
0
127
147
0
0
127
148
0
0
127
149
0
0
127
150
0
0
127
151
0
0
127
152
0
0
127
153
0
0
127
154
0
0
127
155
0
0
127
156
0
0
127
157
0
0
127
158
0
0
127
159
0
0
127
160
0
0
127
161
0
0
127
162
0
0
127
163
0
0
127
164
0
0
127
165
0
0
127
166
0
0
127
167
0
0
128
168
0
0
127
169
0
0
127
170
0
0
127
171
0
0
127
172
0
0
127
173
0
0
127
174
0
0
127
175
0
0
127
176
0
0
127
177
0
0
127
178
0
0
127
179
0
0
127
180
0
0
127
181
0
0
127
182
0
0
127
183
0
0
127
184
0
0
127
185
0
0
127
186
0
0
127
187
0
0
127
188
0
0
127
189
0
0
127
190
0
0
127
191
0
0
127
192
0
0
127
193
0
0
127
194
0
0
127
195
0
0
127
196
0
0
127
197
0
0
127
198
0
0
127
199
0
0
127
200
0
0
127
201
0
0
127
202
0
0
127
203
0
0
127
204
0
0
127
205
0
0
127
206
0
0
127
207
0
0
127
208
0
0
127
209
0
0
127
210
0
0
127
211
0
0
127
212
0
0
127
213
0
0
127
214
0
0
127
215
0
0
127
216
0
0
127
217
0
0
127
218
0
0
127
219
0
0
127
220
0
0
127
221
0
0
127
222
0
0
127
223
0
0
127
224
0
0
127
225
0
0
127
226
0
0
127
227
0
0
127
228
0
0
127
229
0
0
127
230
0
0
127
231
0
0
127
232
0
0
127
233
0
0
127
234
0
0
127
235
0
0
127
236
0
0
127
237
0
0
127
238
0
0
127
239
0
0
127
240
0
0
127
241
0
0
127
242
0
0
127
243
0
0
127
244
0
0
127
245
0
0
127
246
0
0
127
247
0
0
127
248
0
0
127
249
0
0
127
250
0
0
127
251
0
0
127
252
0
0
127
253
0
0
127
254
0
0
127
255
0
0
127
0
0
0
127
1
0
0
127
2
0
0
127
3
0
0
127
4
0
0
127
5
0
0
127
6
0
0
127
7
0
0
127
8
0
0
127
9
0
0
127
10
0
0
127
11
0
0
127
12
0
0
127
13
0
0
127
14
0
0
127
15
0
0
127
16
0
0
127
17
0
0
127
18
0
0
127
19
0
0
127
20
0
0
127
21
0
0
127
22
0
0
127
23
0
0
127
24
0
0
127
25
0
0
127
26
0
0
127
27
0
0
127
28
0
0
127
29
0
0
127
30
0
0
127
31
0
0
127
32
0
0
127
33
0
0
127
34
0
0
127
35
0
0
127
36
0
0
127
37
0
0
127
38
0
0
127
39
0
0
127
40
0
0
127
41
0
0
127
42
0
0
127
43
0
0
127
44
0
0
127
45
0
0
127
46
0
0
127
47
0
0
127
48
0
0
127
49
0
0
127
50
0
0
127
51
0
0
127
52
0
0
127
53
0
0
127
54
0
0
127
55
0
0
127
56
0
0
127
57
0
0
127
58
0
0
127
59
0
0
127
60
0
0
127
61
0
0
127
62
0
0
127
63
0
0
127
64
0
0
127
65
0
0
127
66
0
0
127
67
0
0
127
68
0
0
127
69
0
0
127
70
0
0
127
71
0
0
127
72
0
0
127
73
0
0
127
74
0
0
127
75
0
0
127
76
0
0
127
77
0
0
127
78
0
0
127
79
0
0
127
80
0
0
127
81
0
0
127
82
0
0
127
83
0
0
127
84
0
0
127
85
0
0
127
86
0
0
127
87
0
0
127
88
0
0
127
89
0
0
127
90
0
0
127
91
0
0
127
92
0
0
127
93
0
0
127
94
0
0
127
95
0
0
127
96
0
0
127
97
0
0
127
98
0
0
127
99
0
0
127
100
0
0
127
101
0
0
127
102
0
0
127
103
0
0
127
104
0
0
127
105
0
0
127
106
0
0
127
107
0
0
127
108
0
0
127
109
0
0
127
110
0
0
127
111
0
0
127
112
0
0
127
113
0
0
127
114
0
0
127
115
0
0
127
116
0
0
127
117
0
0
127
118
0
0
127
119
0
0
127
120
0
0
127
121
0
0
128
122
0
0
127
123
0
0
127
124
0
0
127
125
0
0
127
126
0
0
127
127
0
0
127
128
0
0
127
129
0
0
127
130
0
0
127
131
0
0
127
132
0
0
127
133
0
0
127
134
0
0
127
135
0
0
127
136
0
0
127
137
0
0
127
138
0
0
127
139
0
0
127
140
0
0
127
141
0
0
127
142
0
0
127
143
0
0
127
144
0
0
127
145
0
0
127
146
0
0
127
147
0
0
127
148
0
0
127
149
0
0
127
150
0
0
127
151
0
0
127
152
0
0
127
153
0
0
127
154
0
0
127
155
0
0
127
156
0
0
127
157
0
0
127
158
0
0
127
159
0
0
127
160
0
0
127
161
0
0
127
162
0
0
127
163
0
0
127
164
0
0
127
165
0
0
127
166
0
0
127
167
0
0
127
168
0
0
127
169
0
0
127
170
0
0
127
171
0
0
127
172
0
0
127
173
0
0
127
174
0
0
127
175
0
0
127
176
0
0
127
177
0
0
127
178
0
0
127
179
0
0
127
180
0
0
127
181
0
0
127
182
0
0
127
183
0
0
127
184
0
0
127
185
0
0
127
186
0
0
127
187
0
0
127
188
0
0
127
189
0
0
127
190
0
0
127
191
0
0
127
192
0
0
127
193
0
0
127
194
0
0
127
195
0
0
127
196
0
0
127
197
0
0
127
198
0
0
127
199
0
0
127
200
0
0
127
201
0
0
127
202
0
0
127
203
0
0
127
204
0
0
127
205
0
0
127
206
0
0
127
207
0
0
127
208
0
0
127
209
0
0
127
210
0
0
127
211
0
0
127
212
0
0
127
213
0
0
127
214
0
0
127
215
0
0
127
216
0
0
127
217
0
0
127
218
0
0
127
219
0
0
127
220
0
0
127
221
0
0
127
222
0
0
127
223
0
0
127
224
0
0
127
225
0
0
127
226
0
0
127
227
0
0
127
228
0
0
127
229
0
0
127
230
0
0
127
231
0
0
127
232
0
0
127
233
0
0
127
234
0
0
127
235
0
0
127
236
0
0
127
237
0
0
127
238
0
0
127
239
0
0
127
240
0
0
127
241
0
0
127
242
0
0
127
243
0
0
127
244
0
0
127
245
0
0
127
246
0
0
127
247
0
0
127
248
0
0
127
249
0
0
127
250
0
0
127
251
0
0
127
252
0
0
127
253
0
0
127
254
0
0
127
255
0
0
127
0
0
0
127
1
0
0
127
2
0
0
127
3
0
0
127
4
0
0
127
5
0
0
127
6
0
0
127
7
0
0
127
8
0
0
127
9
0
0
127
10
0
0
127
11
0
0
127
12
0
0
127
13
0
0
127
14
0
0
127
15
0
0
127
16
0
0
127
17
0
0
127
18
0
0
127
19
0
0
127
20
0
0
127
21
0
0
127
22
0
0
127
23
0
0
127
24
0
0
127
25
0
0
127
26
0
0
127
27
0
0
127
28
0
0
127
29
0
0
127
30
0
0
127
31
0
0
127
32
0
0
127
33
0
0
127
34
0
0
127
35
0
0
127
36
0
0
127
37
0
0
127
38
0
0
127
39
0
0
127
40
0
0
127
41
0
0
127
42
0
0
127
43
0
0
127
44
0
0
127
45
0
0
127
46
0
0
127
47
0
0
127
48
0
0
127
49
0
0
127
50
0
0
127
51
0
0
127
52
0
0
127
53
0
0
127
54
0
0
127
55
0
0
127
56
0
0
127
57
0
0
127
58
0
0
127
59
0
0
127
60
0
0
127
61
0
0
127
62
0
0
127
63
0
0
127
64
0
0
127
65
0
0
127
66
0
0
127
67
0
0
127
68
0
0
127
69
0
0
127
70
0
0
127
71
0
0
127
72
0
0
127
73
0
0
127
74
0
0
127
75
0
0
127
76
0
0
127
77
0
0
127
78
0
0
127
79
0
0
127
80
0
0
127
81
0
0
127
82
0
0
127
83
0
0
127
84
0
0
127
85
0
0
127
86
0
0
127
87
0
0
127
88
0
0
127
89
0
0
127
90
0
0
127
91
0
0
127
92
0
0
127
93
0
0
127
94
0
0
127
95
0
0
127
96
0
0
127
97
0
0
127
98
0
0
127
99
0
0
127
100
0
0
127
101
0
0
127
102
0
0
127
103
0
0
127
104
0
0
127
105
0
0
127
106
0
0
127
107
0
0
127
108
0
0
127
109
0
0
127
110
0
0
127
111
0
0
127
112
0
0
127
113
0
0
127
114
0
0
127
115
0
0
127
116
0
0
127
117
0
0
127
118
0
0
127
119
0
0
127
120
0
0
127
121
0
0
127
122
0
0
127
123
0
0
127
124
0
0
127
125
0
0
127
126
0
0
127
127
0
0
127
128
0
0
127
129
0
0
127
130
0
0
127
131
0
0
127
132
0
0
127
133
0
0
127
134
0
0
127
135
0
0
127
136
0
0
127
137
0
0
127
138
0
0
127
139
0
0
127
140
0
0
127
141
0
0
127
142
0
0
127
143
0
0
127
144
0
0
127
145
0
0
127
146
0
0
127
147
0
0
127
148
0
0
127
149
0
0
127
150
0
0
127
151
0
0
127
152
0
0
127
153
0
0
127
154
0
0
127
155
0
0
127
156
0
0
127
157
0
0
127
158
0
0
127
159
0
0
127
160
0
0
127
161
0
0
127
162
0
0
127
163
0
0
127
164
0
0
127
165
0
0
127
166
0
0
127
167
0
0
127
168
0
0
127
169
0
0
127
170
0
0
128
171
0
0
127
172
0
0
127
173
0
0
127
174
0
0
127
175
0
0
127
176
0
0
127
177
0
0
127
178
0
0
127
179
0
0
127
180
0
0
127
181
0
0
127
182
0
0
127
183
0
0
127
184
0
0
127
185
0
0
127
186
0
0
127
187
0
0
127
188
0
0
127
189
0
0
127
190
0
0
127
191
0
0
127
192
0
0
127
193
0
0
127
194
0
0
127
195
0
0
127
196
0
0
127
197
0
0
127
198
0
0
127
199
0
0
127
200
0
0
127
201
0
0
127
202
0
0
127
203
0
0
127
204
0
0
127
205
0
0
127
206
0
0
127
207
0
0
127
208
0
0
127
209
0
0
127
210
0
0
127
211
0
0
127
212
0
0
127
213
0
0
127
214
0
0
127
215
0
0
127
216
0
0
127
217
0
0
127
218
0
0
127
219
0
0
127
220
0
0
127
221
0
0
127
222
0
0
127
223
0
0
127
224
0
0
127
225
0
0
127
226
0
0
127
227
0
0
127
228
0
0
127
229
0
0
127
230
0
0
127
231
0
0
127
232
0
0
127
233
0
0
127
234
0
0
127
235
0
0
127
236
0
0
127
237
0
0
127
238
0
0
127
239
0
0
127
240
0
0
127
241
0
0
127
242
0
0
127
243
0
0
127
244
0
0
127
245
0
0
127
246
0
0
127
247
0
0
127
248
0
0
127
249
0
0
127
250
0
0
127
251
0
0
127
252
0
0
127
253
0
0
127
254
0
0
127
255
0
0
127
0
0
0
127
1
0
0
127
2
0
0
127
3
0
0
127
4
0
0
127
5
0
0
127
6
0
0
127
7
0
0
127
8
0
0
127
9
0
0
127
10
0
0
127
11
0
0
127
12
0
0
127
13
0
0
127
14
0
0
127
15
0
0
127
16
0
0
127
17
0
0
127
18
0
0
127
19
0
0
127
20
0
0
127
21
0
0
127
22
0
0
127
23
0
0
127
24
0
0
127
25
0
0
127
26
0
0
127
27
0
0
127
28
0
0
127
29
0
0
127
30
0
0
127
31
0
0
127
32
0
0
127
33
0
0
127
34
0
0
127
35
0
0
127
36
0
0
127
37
0
0
127
38
0
0
127
39
0
0
127
40
0
0
127
41
0
0
127
42
0
0
127
43
0
0
127
44
0
0
127
45
0
0
127
46
0
0
127
47
0
0
127
48
0
0
127
49
0
0
127
50
0
0
127
51
0
0
127
52
0
0
127
53
0
0
127
54
0
0
127
55
0
0
127
56
0
0
127
57
0
0
127
58
0
0
127
59
0
0
127
60
0
0
127
61
0
0
127
62
0
0
127
63
0
0
127
64
0
0
127
65
0
0
127
66
0
0
127
67
0
0
127
68
0
0
127
69
0
0
127
70
0
0
127
71
0
0
127
72
0
0
127
73
0
0
127
74
0
0
127
75
0
0
127
76
0
0
127
77
0
0
127
78
0
0
127
79
0
0
127
80
0
0
127
81
0
0
127
82
0
0
127
83
0
0
127
84
0
0
127
85
0
0
127
86
0
0
127
87
0
0
127
88
0
0
127
89
0
0
127
90
0
0
127
91
0
0
127
92
0
0
127
93
0
0
127
94
0
0
127
95
0
0
127
96
0
0
127
97
0
0
127
98
0
0
127
99
0
0
127
100
0
0
127
101
0
0
127
102
0
0
127
103
0
0
127
104
0
0
127
105
0
0
127
106
0
0
127
107
0
0
127
108
0
0
127
109
0
0
127
110
0
0
127
111
0
0
127
112
0
0
127
113
0
0
127
114
0
0
127
115
0
0
127
116
0
0
127
117
0
0
127
118
0
0
127
119
0
0
127
120
0
0
127
121
0
0
127
122
0
0
127
123
0
0
127
124
0
0
127
125
0
0
127
126
0
0
127
127
0
0
127
128
0
0
127
129
0
0
127
130
0
0
127
131
0
0
127
132
0
0
127
133
0
0
127
134
0
0
127
135
0
0
127
136
0
0
127
137
0
0
127
138
0
0
127
139
0
0
127
140
0
0
127
141
0
0
127
142
0
0
127
143
0
0
127
144
0
0
127
145
0
0
127
146
0
0
127
147
0
0
127
148
0
0
127
149
0
0
127
150
0
0
127
151
0
0
127
152
0
0
127
153
0
0
127
154
0
0
127
155
0
0
127
156
0
0
127
157
0
0
127
158
0
0
127
159
0
0
127
160
0
0
127
161
0
0
127
162
0
0
127
163
0
0
127
164
0
0
127
165
0
0
127
166
0
0
127
167
0
0
127
168
0
0
127
169
0
0
127
170
0
0
127
171
0
0
127
172
0
0
127
173
0
0
127
174
0
0
127
175
0
0
127
176
0
0
127
177
0
0
127
178
0
0
127
179
0
0
127
180
0
0
127
181
0
0
127
182
0
0
127
183
0
0
127
184
0
0
127
185
0
0
127
186
0
0
127
187
0
0
127
188
0
0
127
189
0
0
127
190
0
0
127
191
0
0
127
192
0
0
127
193
0
0
127
194
0
0
127
195
0
0
127
196
0
0
127
197
0
0
127
198
0
0
127
199
0
0
127
200
0
0
127
201
0
0
127
202
0
0
127
203
0
0
127
204
0
0
127
205
0
0
127
206
0
0
127
207
0
0
127
208
0
0
127
209
0
0
127
210
0
0
127
211
0
0
127
212
0
0
127
213
0
0
127
214
0
0
127
215
0
0
127
216
0
0
127
217
0
0
127
218
0
0
127
219
0
0
127
220
0
0
127
221
0
0
127
222
0
0
127
223
0
0
127
224
0
0
127
225
0
0
127
226
0
0
127
227
0
0
127
228
0
0
127
229
0
0
127
230
0
0
127
231
0
0
127
232
0
0
127
233
0
0
127
234
0
0
127
235
0
0
127
236
0
0
127
237
0
0
127
238
0
0
127
239
0
0
127
240
0
0
127
241
0
0
127
242
0
0
127
243
0
0
127
244
0
0
127
245
0
0
127
246
0
0
127
247
0
0
127
248
0
0
127
249
0
0
127
250
0
0
127
251
0
0
127
252
0
0
127
253
0
0
127
254
0
0
127
255
0
0
127
0
0
0
127
1
0
0
127
2
0
0
127
3
0
0
127
4
0
0
127
5
0
0
127
6
0
0
127
7
0
0
127
8
0
0
127
9
0
0
127
10
0
0
127
11
0
0
127
12
0
0
127
13
0
0
127
14
0
0
127
15
0
0
127
16
0
0
127
17
0
0
127
18
0
0
127
19
0
0
127
20
0
0
127
21
0
0
127
22
0
0
127
23
0
0
127
24
0
0
127
25
0
0
127
26
0
0
127
27
0
0
127
28
0
0
127
29
0
0
127
30
0
0
127
31
0
0
127
32
0
0
127
33
0
0
127
34
0
0
127
35
0
0
127
36
0
0
127
37
0
0
127
38
0
0
127
39
0
0
127
40
0
0
127
41
0
0
127
42
0
0
127
43
0
0
127
44
0
0
127
45
0
0
127
46
0
0
127
47
0
0
127
48
0
0
127
49
0
0
127
50
0
0
127
51
0
0
127
52
0
0
127
53
0
0
127
54
0
0
127
55
0
0
127
56
0
0
127
57
0
0
127
58
0
0
127
59
0
0
127
60
0
0
127
61
0
0
127
62
0
0
127
63
0
0
127
64
0
0
127
65
0
0
127
66
0
0
127
67
0
0
127
68
0
0
127
69
0
0
127
70
0
0
127
71
0
0
127
72
0
0
127
73
0
0
127
74
0
0
127
75
0
0
127
76
0
0
127
77
0
0
127
78
0
0
127
79
0
0
127
80
0
0
127
81
0
0
127
82
0
0
127
83
0
0
127
84
0
0
127
85
0
0
127
86
0
0
127
87
0
0
127
88
0
0
127
89
0
0
127
90
0
0
127
91
0
0
127
92
0
0
127
93
0
0
127
94
0
0
127
95
0
0
127
96
0
0
127
97
0
0
127
98
0
0
127
99
0
0
127
100
0
0
127
101
0
0
127
102
0
0
127
103
0
0
127
104
0
0
127
105
0
0
127
106
0
0
127
107
0
0
127
108
0
0
127
109
0
0
127
110
0
0
127
111
0
0
127
112
0
0
127
113
0
0
127
114
0
0
127
115
0
0
127
116
0
0
127
117
0
0
127
118
0
0
127
119
0
0
127
120
0
0
127
121
0
0
127
122
0
0
127
123
0
0
127
124
0
0
127
125
0
0
127
126
0
0
127
127
0
0
127
128
0
0
127
129
0
0
127
130
0
0
127
131
0
0
127
132
0
0
127
133
0
0
127
134
0
0
127
135
0
0
127
136
0
0
127
137
0
0
127
138
0
0
127
139
0
0
127
140
0
0
127
141
0
0
127
142
0
0
127
143
0
0
127
144
0
0
127
145
0
0
127
146
0
0
127
147
0
0
127
148
0
0
127
149
0
0
127
150
0
0
127
151
0
0
127
152
0
0
127
153
0
0
127
154
0
0
127
155
0
0
127
156
0
0
127
157
0
0
127
158
0
0
127
159
0
0
127
160
0
0
127
161
0
0
127
162
0
0
127
163
0
0
127
164
0
0
127
165
0
0
127
166
0
0
127
167
0
0
127
168
0
0
127
169
0
0
127
170
0
0
127
171
0
0
127
172
0
0
127
173
0
0
127
174
0
0
127
175
0
0
127
176
0
0
127
177
0
0
127
178
0
0
127
179
0
0
127
180
0
0
127
181
0
0
127
182
0
0
127
183
0
0
127
184
0
0
127
185
0
0
127
186
0
0
127
187
0
0
127
188
0
0
127
189
0
0
127
190
0
0
127
191
0
0
127
192
0
0
127
193
0
0
127
194
0
0
127
195
0
0
127
196
0
0
127
197
0
0
127
198
0
0
127
199
0
0
127
200
0
0
127
201
0
0
127
202
0
0
127
203
0
0
127
204
0
0
127
205
0
0
127
206
0
0
127
207
0
0
127
208
0
0
127
209
0
0
127
210
0
0
127
211
0
0
127
212
0
0
127
213
0
0
127
214
0
0
127
215
0
0
127
216
0
0
127
217
0
0
127
218
0
0
127
219
0
0
127
220
0
0
127
221
0
0
127
222
0
0
127
223
0
0
127
224
0
0
127
225
0
0
127
226
0
0
127
227
0
0
127
228
0
0
127
229
0
0
127
230
0
0
127
231
0
0
127
232
0
0
127
233
0
0
127
234
0
0
127
235
0
0
127
236
0
0
127
237
0
0
127
238
0
0
127
239
0
0
127
240
0
0
127
241
0
0
127
242
0
0
127
243
0
0
127
244
0
0
127
245
0
0
127
246
0
0
127
247
0
0
127
248
0
0
127
249
0
0
127
250
0
0
127
251
0
0
127
252
0
0
127
253
0
0
127
254
0
0
127
255
0
0
127
0
0
0
127
1
0
0
127
2
0
0
127
3
0
0
127
4
0
0
127
5
0
0
127
6
0
0
127
7
0
0
127
8
0
0
127
9
0
0
127
10
0
0
127
11
0
0
127
12
0
0
127
13
0
0
127
14
0
0
127
15
0
0
127
16
0
0
127
17
0
0
127
18
0
0
127
19
0
0
127
20
0
0
127
21
0
0
127
22
0
0
127
23
0
0
127
24
0
0
127
25
0
0
127
26
0
0
127
27
0
0
127
28
0
0
127
29
0
0
127
30
0
0
127
31
0
0
127
32
0
0
127
33
0
0
127
34
0
0
127
35
0
0
127
36
0
0
127
37
0
0
127
38
0
0
127
39
0
0
127
40
0
0
127
41
0
0
127
42
0
0
127
43
0
0
127
44
0
0
127
45
0
0
127
46
0
0
127
47
0
0
127
48
0
0
127
49
0
0
127
50
0
0
127
51
0
0
127
52
0
0
127
53
0
0
127
54
0
0
127
55
0
0
127
56
0
0
127
57
0
0
127
58
0
0
127
59
0
0
127
60
0
0
127
61
0
0
127
62
0
0
127
63
0
0
127
64
0
0
127
65
0
0
127
66
0
0
127
67
0
0
127
68
0
0
127
69
0
0
127
70
0
0
127
71
0
0
127
72
0
0
127
73
0
0
127
74
0
0
127
75
0
0
127
76
0
0
127
77
0
0
127
78
0
0
127
79
0
0
127
80
0
0
127
81
0
0
127
82
0
0
127
83
0
0
127
84
0
0
127
85
0
0
127
86
0
0
127
87
0
0
127
88
0
0
127
89
0
0
127
90
0
0
127
91
0
0
127
92
0
0
127
93
0
0
127
94
0
0
127
95
0
0
127
96
0
0
127
97
0
0
128
98
0
0
128
99
0
0
128
100
0
0
127
101
0
0
127
102
0
0
127
103
0
0
127
104
0
0
127
105
0
0
127
106
0
0
127
107
0
0
127
108
0
0
127
109
0
0
128
110
0
0
128
111
0
0
128
112
0
0
127
113
0
0
127
114
0
0
127
115
0
0
127
116
0
0
127
117
0
0
127
118
0
0
127
119
0
0
127
120
0
0
127
121
0
0
127
122
0
0
127
123
0
0
127
124
0
0
127
125
0
0
127
126
0
0
127
127
0
0
127
128
0
0
127
129
0
0
127
130
0
0
127
131
0
0
127
132
0
0
127
133
0
0
127
134
0
0
127
135
0
0
127
136
0
0
127
137
0
0
127
138
0
0
127
139
0
0
127
140
0
0
127
141
0
0
127
142
0
0
127
143
0
0
127
144
0
0
127
145
0
0
127
146
0
0
127
147
0
0
127
148
0
0
127
149
0
0
127
150
0
0
127
151
0
0
127
152
0
0
127
153
0
0
127
154
0
0
127
155
0
0
127
156
0
0
127
157
0
0
127
158
0
0
127
159
0
0
127
160
0
0
127
161
0
0
127
162
0
0
127
163
0
0
127
164
0
0
127
165
0
0
127
166
0
0
127
167
0
0
127
168
0
0
127
169
0
0
127
170
0
0
127
171
0
0
127
172
0
0
127
173
0
0
127
174
0
0
127
175
0
0
127
176
0
0
127
177
0
0
127
178
0
0
127
179
0
0
127
180
0
0
127
181
0
0
127
182
0
0
127
183
0
0
127
184
0
0
127
185
0
0
127
186
0
0
127
187
0
0
127
188
0
0
127
189
0
0
127
190
0
0
127
191
0
0
127
192
0
0
127
193
0
0
127
194
0
0
127
195
0
0
127
196
0
0
127
197
0
0
127
198
0
0
127
199
0
0
127
200
0
0
127
201
0
0
127
202
0
0
127
203
0
0
127
204
0
0
127
205
0
0
127
206
0
0
127
207
0
0
127
208
0
0
127
209
0
0
127
210
0
0
127
211
0
0
127
212
0
0
127
213
0
0
127
214
0
0
127
215
0
0
127
216
0
0
127
217
0
0
127
218
0
0
127
219
0
0
127
220
0
0
127
221
0
0
127
222
0
0
127
223
0
0
127
224
0
0
127
225
0
0
127
226
0
0
127
227
0
0
127
228
0
0
127
229
0
0
127
230
0
0
127
231
0
0
127
232
0
0
127
233
0
0
127
234
0
0
127
235
0
0
127
236
0
0
127
237
0
0
127
238
0
0
127
239
0
0
127
240
0
0
127
241
0
0
127
242
0
0
127
243
0
0
127
244
0
0
127
245
0
0
127
246
0
0
127
247
0
0
127
248
0
0
127
249
0
0
127
250
0
0
127
251
0
0
127
252
0
0
127
253
0
0
127
254
0
0
127
255
0
0
127
0
0
0
127
1
0
0
127
2
0
0
127
3
0
0
127
4
0
0
127
5
0
0
127
6
0
0
127
7
0
0
127
8
0
0
127
9
0
0
127
10
0
0
127
11
0
0
127
12
0
0
127
13
0
0
127
14
0
0
127
15
0
0
127
16
0
0
127
17
0
0
127
18
0
0
127
19
0
0
127
20
0
0
127
21
0
0
127
22
0
0
127
23
0
0
127
24
0
0
127
25
0
0
127
26
0
0
127
27
0
0
127
28
0
0
127
29
0
0
127
30
0
0
127
31
0
0
127
32
0
0
127
33
0
0
127
34
0
0
127
35
0
0
127
36
0
0
127
37
0
0
127
38
0
0
127
39
0
0
127
40
0
0
127
41
0
0
127
42
0
0
127
43
0
0
127
44
0
0
127
45
0
0
127
46
0
0
127
47
0
0
127
48
0
0
127
49
0
0
127
50
0
0
127
51
0
0
127
52
0
0
127
53
0
0
127
54
0
0
127
55
0
0
127
56
0
0
127
57
0
0
127
58
0
0
127
59
0
0
127
60
0
0
127
61
0
0
127
62
0
0
127
63
0
0
127
64
0
0
127
65
0
0
127
66
0
0
127
67
0
0
127
68
0
0
127
69
0
0
127
70
0
0
127
71
0
0
127
72
0
0
127
73
0
0
127
74
0
0
127
75
0
0
127
76
0
0
127
77
0
0
127
78
0
0
127
79
0
0
127
80
0
0
127
81
0
0
127
82
0
0
127
83
0
0
127
84
0
0
127
85
0
0
127
86
0
0
127
87
0
0
127
88
0
0
127
89
0
0
127
90
0
0
127
91
0
0
127
92
0
0
127
93
0
0
127
94
0
0
127
95
0
0
127
96
0
0
127
97
0
0
127
98
0
0
127
99
0
0
127
100
0
0
127
101
0
0
127
102
0
0
127
103
0
0
127
104
0
0
127
105
0
0
127
106
0
0
127
107
0
0
127
108
0
0
127
109
0
0
127
110
0
0
127
111
0
0
127
112
0
0
127
113
0
0
127
114
0
0
127
115
0
0
127
116
0
0
127
117
0
0
127
118
0
0
127
119
0
0
127
120
0
0
127
121
0
0
127
122
0
0
127
123
0
0
127
124
0
0
127
125
0
0
127
126
0
0
127
127
0
0
127
128
0
0
127
129
0
0
127
130
0
0
127
131
0
0
127
132
0
0
127
133
0
0
127
134
0
0
127
135
0
0
127
136
0
0
127
137
0
0
127
138
0
0
127
139
0
0
127
140
0
0
127
141
0
0
127
142
0
0
127
143
0
0
127
144
0
0
127
145
0
0
127
146
0
0
127
147
0
0
127
148
0
0
127
149
0
0
127
150
0
0
127
151
0
0
127
152
0
0
127
153
0
0
127
154
0
0
127
155
0
0
127
156
0
0
127
157
0
0
127
158
0
0
127
159
0
0
127
160
0
0
127
161
0
0
127
162
0
0
127
163
0
0
127
164
0
0
127
165
0
0
127
166
0
0
127
167
0
0
127
168
0
0
127
169
0
0
127
170
0
0
127
171
0
0
127
172
0
0
127
173
0
0
127
174
0
0
127
175
0
0
127
176
0
0
127
177
0
0
127
178
0
0
127
179
0
0
127
180
0
0
127
181
0
0
127
182
0
0
127
183
0
0
127
184
0
0
127
185
0
0
127
186
0
0
127
187
0
0
127
188
0
0
127
189
0
0
127
190
0
0
127
191
0
0
127
192
0
0
127
193
0
0
127
194
0
0
127
195
0
0
127
196
0
0
127
197
0
0
127
198
0
0
127
199
0
0
127
200
0
0
127
201
0
0
127
202
0
0
127
203
0
0
127
204
0
0
127
205
0
0
127
206
0
0
127
207
0
0
127
208
0
0
127
209
0
0
127
210
0
0
127
211
0
0
127
212
0
0
127
213
0
0
127
214
0
0
127
215
0
0
127
216
0
0
127
217
0
0
127
218
0
0
127
219
0
0
127
220
0
0
127
221
0
0
127
222
0
0
127
223
0
0
127
224
0
0
127
225
0
0
127
226
0
0
127
227
0
0
127
228
0
0
127
229
0
0
127
230
0
0
127
231
0
0
127
232
0
0
127
233
0
0
127
234
0
0
127
235
0
0
127
236
0
0
127
237
0
0
127
238
0
0
127
239
0
0
127
240
0
0
127
241
0
0
127
242
0
0
127
243
0
0
127
244
0
0
127
245
0
0
127
246
0
0
127
247
0
0
127
248
0
0
127
249
0
0
127
250
0
0
127
251
0
0
127
252
0
0
127
253
0
0
127
254
0
0
127
255
0
0
127
0
0
0
127
1
0
0
127
2
0
0
127
3
0
0
127
4
0
0
127
5
0
0
127
6
0
0
127
7
0
0
127
8
0
0
127
9
0
0
127
10
0
0
127
11
0
0
127
12
0
0
127
13
0
0
127
14
0
0
127
15
0
0
127
16
0
0
127
17
0
0
127
18
0
0
127
19
0
0
127
20
0
0
127
21
0
0
127
22
0
0
127
23
0
0
127
24
0
0
127
25
0
0
127
26
0
0
127
27
0
0
127
28
0
0
127
29
0
0
127
30
0
0
127
31
0
0
127
32
0
0
127
33
0
0
127
34
0
0
127
35
0
0
127
36
0
0
127
37
0
0
127
38
0
0
127
39
0
0
127
40
0
0
127
41
0
0
128
42
0
0
127
43
0
0
127
44
0
0
127
45
0
0
127
46
0
0
127
47
0
0
127
48
0
0
127
49
0
0
127
50
0
0
127
51
0
0
127
52
0
0
127
53
0
0
127
54
0
0
127
55
0
0
127
56
0
0
127
57
0
0
127
58
0
0
127
59
0
0
127
60
0
0
127
61
0
0
127
62
0
0
127
63
0
0
127
64
0
0
127
65
0
0
128
66
0
0
128
67
0
0
128
68
0
0
127
69
0
0
127
70
0
0
127
71
0
0
127
72
0
0
127
73
0
0
127
74
0
0
127
75
0
0
127
76
0
0
127
77
0
0
127
78
0
0
127
79
0
0
127
80
0
0
127
81
0
0
127
82
0
0
127
83
0
0
127
84
0
0
127
85
0
0
127
86
0
0
127
87
0
0
127
88
0
0
127
89
0
0
127
90
0
0
127
91
0
0
127
92
0
0
127
93
0
0
127
94
0
0
127
95
0
0
127
96
0
0
127
97
0
0
127
98
0
0
127
99
0
0
127
100
0
0
127
101
0
0
127
102
0
0
127
103
0
0
127
104
0
0
127
105
0
0
127
106
0
0
127
107
0
0
127
108
0
0
127
109
0
0
127
110
0
0
127
111
0
0
127
112
0
0
127
113
0
0
127
114
0
0
127
115
0
0
127
116
0
0
127
117
0
0
127
118
0
0
127
119
0
0
127
120
0
0
127
121
0
0
127
122
0
0
127
123
0
0
127
124
0
0
127
125
0
0
127
126
0
0
127
127
0
0
127
128
0
0
127
129
0
0
127
130
0
0
127
131
0
0
127
132
0
0
127
133
0
0
127
134
0
0
127
135
0
0
127
136
0
0
127
137
0
0
127
138
0
0
127
139
0
0
127
140
0
0
127
141
0
0
127
142
0
0
127
143
0
0
127
144
0
0
127
145
0
0
127
146
0
0
127
147
0
0
127
148
0
0
127
149
0
0
127
150
0
0
127
151
0
0
127
152
0
0
127
153
0
0
127
154
0
0
127
155
0
0
127
156
0
0
127
157
0
0
127
158
0
0
127
159
0
0
127
160
0
0
127
161
0
0
127
162
0
0
127
163
0
0
127
164
0
0
127
165
0
0
127
166
0
0
127
167
0
0
127
168
0
0
127
169
0
0
127
170
0
0
127
171
0
0
127
172
0
0
127
173
0
0
127
174
0
0
127
175
0
0
127
176
0
0
127
177
0
0
127
178
0
0
127
179
0
0
127
180
0
0
127
181
0
0
127
182
0
0
127
183
0
0
127
184
0
0
127
185
0
0
127
186
0
0
127
187
0
0
127
188
0
0
127
189
0
0
127
190
0
0
127
191
0
0
127
192
0
0
127
193
0
0
127
194
0
0
127
195
0
0
127
196
0
0
127
197
0
0
127
198
0
0
127
199
0
0
127
200
0
0
127
201
0
0
127
202
0
0
127
203
0
0
127
204
0
0
127
205
0
0
127
206
0
0
127
207
0
0
127
208
0
0
127
209
0
0
127
210
0
0
127
211
0
0
127
212
0
0
127
213
0
0
127
214
0
0
127
215
0
0
127
216
0
0
127
217
0
0
127
218
0
0
127
219
0
0
127
220
0
0
127
221
0
0
127
222
0
0
127
223
0
0
127
224
0
0
127
225
0
0
127
226
0
0
127
227
0
0
127
228
0
0
127
229
0
0
127
230
0
0
127
231
0
0
127
232
0
0
127
233
0
0
127
234
0
0
127
235
0
0
127
236
0
0
127
237
0
0
127
238
0
0
127
239
0
0
127
240
0
0
127
241
0
0
127
242
0
0
127
243
0
0
127
244
0
0
127
245
0
0
127
246
0
0
127
247
0
0
127
248
0
0
127
249
0
0
127
250
0
0
127
251
0
0
127
252
0
0
127
253
0
0
127
254
0
0
127
255
0
0
127
0
0
0
127
1
0
0
127
2
0
0
127
3
0
0
127
4
0
0
127
5
0
0
127
6
0
0
127
7
0
0
127
8
0
0
127
9
0
0
127
10
0
0
127
11
0
0
127
12
0
0
127
13
0
0
127
14
0
0
127
15
0
0
127
16
0
0
127
17
0
0
127
18
0
0
127
19
0
0
127
20
0
0
127
21
0
0
127
22
0
0
127
23
0
0
127
24
0
0
127
25
0
0
127
26
0
0
127
27
0
0
127
28
0
0
127
29
0
0
127
30
0
0
127
31
0
0
127
32
0
0
127
33
0
0
127
34
0
0
127
35
0
0
127
36
0
0
127
37
0
0
127
38
0
0
127
39
0
0
127
40
0
0
127
41
0
0
127
42
0
0
127
43
0
0
127
44
0
0
127
45
0
0
127
46
0
0
127
47
0
0
127
48
0
0
127
49
0
0
127
50
0
0
127
51
0
0
127
52
0
0
127
53
0
0
127
54
0
0
127
55
0
0
127
56
0
0
127
57
0
0
127
58
0
0
127
59
0
0
127
60
0
0
127
61
0
0
127
62
0
0
127
63
0
0
127
64
0
0
127
65
0
0
127
66
0
0
127
67
0
0
127
68
0
0
127
69
0
0
127
70
0
0
127
71
0
0
127
72
0
0
127
73
0
0
127
74
0
0
127
75
0
0
127
76
0
0
127
77
0
0
127
78
0
0
127
79
0
0
127
80
0
0
127
81
0
0
127
82
0
0
127
83
0
0
127
84
0
0
127
85
0
0
127
86
0
0
127
87
0
0
127
88
0
0
127
89
0
0
127
90
0
0
127
91
0
0
127
92
0
0
127
93
0
0
127
94
0
0
127
95
0
0
127
96
0
0
127
97
0
0
127
98
0
0
127
99
0
0
127
100
0
0
127
101
0
0
127
102
0
0
127
103
0
0
127
104
0
0
127
105
0
0
127
106
0
0
127
107
0
0
127
108
0
0
127
109
0
0
127
110
0
0
127
111
0
0
127
112
0
0
127
113
0
0
127
114
0
0
127
115
0
0
127
116
0
0
127
117
0
0
127
118
0
0
127
119
0
0
127
120
0
0
127
121
0
0
127
122
0
0
127
123
0
0
127
124
0
0
127
125
0
0
127
126
0
0
127
127
0
0
127
128
0
0
127
129
0
0
127
130
0
0
127
131
0
0
127
132
0
0
127
133
0
0
127
134
0
0
127
135
0
0
127
136
0
0
127
137
0
0
127
138
0
0
127
139
0
0
127
140
0
0
127
141
0
0
127
142
0
0
127
143
0
0
127
144
0
0
127
145
0
0
127
146
0
0
127
147
0
0
127
148
0
0
127
149
0
0
127
150
0
0
127
151
0
0
127
152
0
0
127
153
0
0
127
154
0
0
127
155
0
0
127
156
0
0
127
157
0
0
127
158
0
0
127
159
0
0
127
160
0
0
127
161
0
0
127
162
0
0
127
163
0
0
127
164
0
0
127
165
0
0
127
166
0
0
127
167
0
0
127
168
0
0
127
169
0
0
127
170
0
0
127
171
0
0
127
172
0
0
127
173
0
0
127
174
0
0
127
175
0
0
127
176
0
0
127
177
0
0
127
178
0
0
127
179
0
0
127
180
0
0
127
181
0
0
127
182
0
0
127
183
0
0
127
184
0
0
127
185
0
0
127
186
0
0
127
187
0
0
127
188
0
0
127
189
0
0
127
190
0
0
127
191
0
0
127
192
0
0
127
193
0
0
127
194
0
0
127
195
0
0
127
196
0
0
127
197
0
0
127
198
0
0
127
199
0
0
127
200
0
0
127
201
0
0
127
202
0
0
127
203
0
0
127
204
0
0
127
205
0
0
127
206
0
0
127
207
0
0
127
208
0
0
127
209
0
0
127
210
0
0
127
211
0
0
127
212
0
0
127
213
0
0
127
214
0
0
127
215
0
0
127
216
0
0
127
217
0
0
127
218
0
0
127
219
0
0
127
220
0
0
127
221
0
0
127
222
0
0
127
223
0
0
127
224
0
0
127
225
0
0
127
226
0
0
127
227
0
0
127
228
0
0
127
229
0
0
127
230
0
0
127
231
0
0
127
232
0
0
127
233
0
0
127
234
0
0
127
235
0
0
127
236
0
0
127
237
0
0
127
238
0
0
127
239
0
0
127
240
0
0
127
241
0
0
127
242
0
0
127
243
0
0
127
244
0
0
127
245
0
0
127
246
0
0
127
247
0
0
127
248
0
0
127
249
0
0
127
250
0
0
127
251
0
0
127
252
0
0
127
253
0
0
127
254
0
0
127
255
0
0
127
0
0
0
127
1
0
0
127
2
0
0
127
3
0
0
127
4
0
0
127
5
0
0
127
6
0
0
127
7
0
0
127
8
0
0
127
9
0
0
127
10
0
0
127
11
0
0
127
12
0
0
128
13
0
0
128
14
0
0
128
15
0
0
127
16
0
0
127
17
0
0
127
18
0
0
127
19
0
0
127
20
0
0
127
21
0
0
127
22
0
0
127
23
0
0
127
24
0
0
127
25
0
0
127
26
0
0
127
27
0
0
127
28
0
0
127
29
0
0
127
30
0
0
127
31
0
0
127
32
0
0
127
33
0
0
127
34
0
0
127
35
0
0
127
36
0
0
127
37
0
0
127
38
0
0
127
39
0
0
127
40
0
0
127
41
0
0
127
42
0
0
127
43
0
0
127
44
0
0
127
45
0
0
127
46
0
0
127
47
0
0
127
48
0
0
127
49
0
0
127
50
0
0
127
51
0
0
127
52
0
0
127
53
0
0
127
54
0
0
127
55
0
0
127
56
0
0
127
57
0
0
127
58
0
0
127
59
0
0
127
60
0
0
127
61
0
0
127
62
0
0
127
63
0
0
127
64
0
0
127
65
0
0
127
66
0
0
127
67
0
0
127
68
0
0
127
69
0
0
127
70
0
0
127
71
0
0
127
72
0
0
127
73
0
0
127
74
0
0
127
75
0
0
127
76
0
0
127
77
0
0
127
78
0
0
127
79
0
0
127
80
0
0
127
81
0
0
127
82
0
0
127
83
0
0
127
84
0
0
127
85
0
0
127
86
0
0
127
87
0
0
127
88
0
0
127
89
0
0
127
90
0
0
127
91
0
0
127
92
0
0
127
93
0
0
127
94
0
0
127
95
0
0
127
96
0
0
127
97
0
0
127
98
0
0
127
99
0
0
127
100
0
0
127
101
0
0
127
102
0
0
127
103
0
0
127
104
0
0
127
105
0
0
127
106
0
0
127
107
0
0
127
108
0
0
127
109
0
0
127
110
0
0
127
111
0
0
127
112
0
0
127
113
0
0
127
114
0
0
127
115
0
0
127
116
0
0
127
117
0
0
127
118
0
0
127
119
0
0
127
120
0
0
127
121
0
0
127
122
0
0
127
123
0
0
127
124
0
0
127
125
0
0
127
126
0
0
127
127
0
0
127
128
0
0
127
129
0
0
127
130
0
0
127
131
0
0
127
132
0
0
127
133
0
0
127
134
0
0
127
135
0
0
127
136
0
0
127
137
0
0
127
138
0
0
127
139
0
0
127
140
0
0
127
141
0
0
127
142
0
0
127
143
0
0
127
144
0
0
127
145
0
0
127
146
0
0
127
147
0
0
127
148
0
0
127
149
0
0
127
150
0
0
127
151
0
0
127
152
0
0
127
153
0
0
127
154
0
0
127
155
0
0
127
156
0
0
127
157
0
0
127
158
0
0
127
159
0
0
127
160
0
0
127
161
0
0
127
162
0
0
127
163
0
0
127
164
0
0
127
165
0
0
127
166
0
0
127
167
0
0
127
168
0
0
127
169
0
0
127
170
0
0
127
171
0
0
127
172
0
0
127
173
0
0
127
174
0
0
127
175
0
0
127
176
0
0
127
177
0
0
127
178
0
0
127
179
0
0
127
180
0
0
127
181
0
0
127
182
0
0
127
183
0
0
127
184
0
0
127
185
0
0
127
186
0
0
127
187
0
0
127
188
0
0
127
189
0
0
127
190
0
0
127
191
0
0
127
192
0
0
127
193
0
0
127
194
0
0
127
195
0
0
127
196
0
0
127
197
0
0
127
198
0
0
127
199
0
0
127
200
0
0
127
201
0
0
127
202
0
0
127
203
0
0
127
204
0
0
127
205
0
0
127
206
0
0
127
207
0
0
127
208
0
0
127
209
0
0
127
210
0
0
127
211
0
0
127
212
0
0
127
213
0
0
127
214
0
0
127
215
0
0
127
216
0
0
127
217
0
0
127
218
0
0
127
219
0
0
127
220
0
0
127
221
0
0
127
222
0
0
127
223
0
0
127
224
0
0
127
225
0
0
127
226
0
0
127
227
0
0
127
228
0
0
127
229
0
0
127
230
0
0
127
231
0
0
127
232
0
0
127
233
0
0
127
234
0
0
127
235
0
0
127
236
0
0
127
237
0
0
127
238
0
0
127
239
0
0
127
240
0
0
127
241
0
0
127
242
0
0
127
243
0
0
127
244
0
0
127
245
0
0
127
246
0
0
127
247
0
0
127
248
0
0
127
249
0
0
127
250
0
0
127
251
0
0
127
252
0
0
127
253
0
0
127
254
0
0
127
255
0
0
127
0
0
0
127
1
0
0
127
2
0
0
127
3
0
0
127
4
0
0
127
5
0
0
127
6
0
0
127
7
0
0
127
8
0
0
127
9
0
0
127
10
0
0
127
11
0
0
127
12
0
0
127
13
0
0
127
14
0
0
127
15
0
0
127
16
0
0
127
17
0
0
127
18
0
0
127
19
0
0
127
20
0
0
127
21
0
0
127
22
0
0
127
23
0
0
127
24
0
0
127
25
0
0
127
26
0
0
127
27
0
0
127
28
0
0
127
29
0
0
127
30
0
0
127
31
0
0
127
32
0
0
127
33
0
0
127
34
0
0
127
35
0
0
127
36
0
0
127
37
0
0
127
38
0
0
127
39
0
0
127
40
0
0
127
41
0
0
127
42
0
0
127
43
0
0
127
44
0
0
127
45
0
0
127
46
0
0
127
47
0
0
127
48
0
0
127
49
0
0
127
50
0
0
127
51
0
0
127
52
0
0
127
53
0
0
127
54
0
0
127
55
0
0
127
56
0
0
127
57
0
0
127
58
0
0
127
59
0
0
127
60
0
0
127
61
0
0
127
62
0
0
127
63
0
0
127
64
0
0
127
65
0
0
127
66
0
0
127
67
0
0
127
68
0
0
127
69
0
0
127
70
0
0
127
71
0
0
127
72
0
0
127
73
0
0
127
74
0
0
127
75
0
0
127
76
0
0
127
77
0
0
127
78
0
0
127
79
0
0
127
80
0
0
127
81
0
0
127
82
0
0
127
83
0
0
127
84
0
0
127
85
0
0
127
86
0
0
127
87
0
0
127
88
0
0
127
89
0
0
127
90
0
0
127
91
0
0
127
92
0
0
127
93
0
0
127
94
0
0
127
95
0
0
127
96
0
0
127
97
0
0
127
98
0
0
127
99
0
0
127
100
0
0
127
101
0
0
127
102
0
0
127
103
0
0
127
104
0
0
127
105
0
0
127
106
0
0
127
107
0
0
127
108
0
0
127
109
0
0
127
110
0
0
127
111
0
0
127
112
0
0
127
113
0
0
127
114
0
0
127
115
0
0
127
116
0
0
127
117
0
0
127
118
0
0
127
119
0
0
127
120
0
0
127
121
0
0
127
122
0
0
127
123
0
0
127
124
0
0
127
125
0
0
127
126
0
0
127
127
0
0
127
128
0
0
127
129
0
0
127
130
0
0
127
131
0
0
127
132
0
0
127
133
0
0
127
134
0
0
127
135
0
0
127
136
0
0
127
137
0
0
127
138
0
0
127
139
0
0
127
140
0
0
127
141
0
0
127
142
0
0
127
143
0
0
127
144
0
0
127
145
0
0
127
146
0
0
127
147
0
0
127
148
0
0
127
149
0
0
127
150
0
0
127
151
0
0
127
152
0
0
127
153
0
0
127
154
0
0
127
155
0
0
127
156
0
0
127
157
0
0
127
158
0
0
127
159
0
0
127
160
0
0
127
161
0
0
127
162
0
0
127
163
0
0
127
164
0
0
127
165
0
0
127
166
0
0
127
167
0
0
127
168
0
0
127
169
0
0
127
170
0
0
127
171
0
0
127
172
0
0
127
173
0
0
127
174
0
0
127
175
0
0
127
176
0
0
127
177
0
0
127
178
0
0
127
179
0
0
127
180
0
0
127
181
0
0
127
182
0
0
127
183
0
0
127
184
0
0
127
185
0
0
127
186
0
0
127
187
0
0
127
188
0
0
127
189
0
0
127
190
0
0
127
191
0
0
127
192
0
0
127
193
0
0
127
194
0
0
127
195
0
0
127
196
0
0
127
197
0
0
127
198
0
0
127
199
0
0
127
200
0
0
127
201
0
0
127
202
0
0
127
203
0
0
127
204
0
0
127
205
0
0
127
206
0
0
127
207
0
0
127
208
0
0
127
209
0
0
127
210
0
0
127
211
0
0
127
212
0
0
127
213
0
0
127
214
0
0
127
215
0
0
127
216
0
0
127
217
0
0
127
218
0
0
127
219
0
0
127
220
0
0
127
221
0
0
127
222
0
0
127
223
0
0
127
224
0
0
127
225
0
0
127
226
0
0
127
227
0
0
127
228
0
0
127
229
0
0
127
230
0
0
127
231
0
0
127
232
0
0
127
233
0
0
127
234
0
0
127
235
0
0
127
236
0
0
127
237
0
0
127
238
0
0
127
239
0
0
127
240
0
0
127
241
0
0
127
242
0
0
127
243
0
0
127
244
0
0
127
245
0
0
127
246
0
0
127
247
0
0
127
248
0
0
127
249
0
0
127
250
0
0
127
251
0
0
127
252
0
0
127
253
0
0
127
254
0
0
127
255
0
0
127
0
0
0
127
1
0
0
127
2
0
0
127
3
0
0
127
4
0
0
127
5
0
0
127
6
0
0
127
7
0
0
127
8
0
0
127
9
0
0
127
10
0
0
127
11
0
0
127
12
0
0
127
13
0
0
127
14
0
0
127
15
0
0
127
16
0
0
127
17
0
0
127
18
0
0
127
19
0
0
127
20
0
0
127
21
0
0
127
22
0
0
127
23
0
0
127
24
0
0
127
25
0
0
127
26
0
0
127
27
0
0
127
28
0
0
127
29
0
0
127
30
0
0
127
31
0
0
127
32
0
0
127
33
0
0
127
34
0
0
127
35
0
0
128
36
0
0
127
37
0
0
127
38
0
0
127
39
0
0
127
40
0
0
127
41
0
0
127
42
0
0
127
43
0
0
127
44
0
0
127
45
0
0
127
46
0
0
127
47
0
0
127
48
0
0
127
49
0
0
127
50
0
0
127
51
0
0
127
52
0
0
127
53
0
0
127
54
0
0
127
55
0
0
127
56
0
0
127
57
0
0
127
58
0
0
127
59
0
0
127
60
0
0
127
61
0
0
127
62
0
0
127
63
0
0
127
64
0
0
127
65
0
0
127
66
0
0
127
67
0
0
127
68
0
0
127
69
0
0
127
70
0
0
127
71
0
0
128
72
0
0
127
73
0
0
128
74
0
0
127
75
0
0
127
76
0
0
127
77
0
0
127
78
0
0
127
79
0
0
127
80
0
0
127
81
0
0
127
82
0
0
127
83
0
0
127
84
0
0
127
85
0
0
127
86
0
0
127
87
0
0
127
88
0
0
127
89
0
0
127
90
0
0
127
91
0
0
127
92
0
0
127
93
0
0
127
94
0
0
127
95
0
0
127
96
0
0
127
97
0
0
127
98
0
0
127
99
0
0
127
100
0
0
127
101
0
0
127
102
0
0
127
103
0
0
127
104
0
0
127
105
0
0
127
106
0
0
127
107
0
0
127
108
0
0
127
109
0
0
127
110
0
0
127
111
0
0
127
112
0
0
127
113
0
0
127
114
0
0
127
115
0
0
127
116
0
0
127
117
0
0
127
118
0
0
127
119
0
0
127
120
0
0
127
121
0
0
127
122
0
0
127
123
0
0
127
124
0
0
127
125
0
0
127
126
0
0
127
127
0
0
127
128
0
0
127
129
0
0
127
130
0
0
127
131
0
0
127
132
0
0
127
133
0
0
127
134
0
0
127
135
0
0
127
136
0
0
127
137
0
0
127
138
0
0
127
139
0
0
127
140
0
0
127
141
0
0
127
142
0
0
127
143
0
0
127
144
0
0
127
145
0
0
127
146
0
0
127
147
0
0
127
148
0
0
127
149
0
0
127
150
0
0
127
151
0
0
127
152
0
0
127
153
0
0
127
154
0
0
127
155
0
0
127
156
0
0
127
157
0
0
127
158
0
0
127
159
0
0
127
160
0
0
127
161
0
0
127
162
0
0
127
163
0
0
127
164
0
0
127
165
0
0
127
166
0
0
127
167
0
0
127
168
0
0
127
169
0
0
127
170
0
0
127
171
0
0
127
172
0
0
127
173
0
0
127
174
0
0
127
175
0
0
127
176
0
0
127
177
0
0
127
178
0
0
127
179
0
0
127
180
0
0
127
181
0
0
127
182
0
0
127
183
0
0
127
184
0
0
127
185
0
0
127
186
0
0
127
187
0
0
127
188
0
0
127
189
0
0
127
190
0
0
127
191
0
0
127
192
0
0
127
193
0
0
127
194
0
0
127
195
0
0
127
196
0
0
127
197
0
0
127
198
0
0
127
199
0
0
127
200
0
0
127
201
0
0
127
202
0
0
127
203
0
0
127
204
0
0
127
205
0
0
127
206
0
0
127
207
0
0
127
208
0
0
127
209
0
0
127
210
0
0
127
211
0
0
127
212
0
0
127
213
0
0
127
214
0
0
127
215
0
0
127
216
0
0
127
217
0
0
127
218
0
0
127
219
0
0
127
220
0
0
127
221
0
0
127
222
0
0
127
223
0
0
127
224
0
0
127
225
0
0
127
226
0
0
127
227
0
0
127
228
0
0
127
229
0
0
127
230
0
0
127
231
0
0
127
232
0
0
127
233
0
0
127
234
0
0
127
235
0
0
127
236
0
0
127
237
0
0
127
238
0
0
127
239
0
0
127
240
0
0
127
241
0
0
127
242
0
0
127
243
0
0
127
244
0
0
127
245
0
0
127
246
0
0
127
247
0
0
127
248
0
0
127
249
0
0
127
250
0
0
127
251
0
0
127
252
0
0
127
253
0
0
127
254
0
0
127
255
0
0
127
0
0
0
127
1
0
0
127
2
0
0
127
3
0
0
127
4
0
0
127
5
0
0
127
6
0
0
127
7
0
0
127
8
0
0
127
9
0
0
127
10
0
0
127
11
0
0
127
12
0
0
127
13
0
0
127
14
0
0
127
15
0
0
127
16
0
0
127
17
0
0
127
18
0
0
127
19
0
0
127
20
0
0
127
21
0
0
127
22
0
0
127
23
0
0
127
24
0
0
127
25
0
0
127
26
0
0
127
27
0
0
127
28
0
0
127
29
0
0
127
30
0
0
127
31
0
0
127
32
0
0
127
33
0
0
127
34
0
0
127
35
0
0
127
36
0
0
127
37
0
0
127
38
0
0
127
39
0
0
127
40
0
0
127
41
0
0
127
42
0
0
127
43
0
0
127
44
0
0
127
45
0
0
127
46
0
0
127
47
0
0
127
48
0
0
127
49
0
0
127
50
0
0
127
51
0
0
127
52
0
0
127
53
0
0
127
54
0
0
127
55
0
0
127
56
0
0
127
57
0
0
127
58
0
0
127
59
0
0
127
60
0
0
127
61
0
0
127
62
0
0
127
63
0
0
127
64
0
0
127
65
0
0
127
66
0
0
127
67
0
0
127
68
0
0
127
69
0
0
127
70
0
0
127
71
0
0
127
72
0
0
127
73
0
0
127
74
0
0
127
75
0
0
127
76
0
0
127
77
0
0
127
78
0
0
127
79
0
0
127
80
0
0
127
81
0
0
127
82
0
0
127
83
0
0
127
84
0
0
127
85
0
0
127
86
0
0
127
87
0
0
127
88
0
0
127
89
0
0
127
90
0
0
127
91
0
0
127
92
0
0
127
93
0
0
127
94
0
0
127
95
0
0
127
96
0
0
127
97
0
0
127
98
0
0
127
99
0
0
127
100
0
0
127
101
0
0
127
102
0
0
127
103
0
0
127
104
0
0
127
105
0
0
127
106
0
0
127
107
0
0
127
108
0
0
127
109
0
0
127
110
0
0
127
111
0
0
127
112
0
0
127
113
0
0
127
114
0
0
127
115
0
0
127
116
0
0
127
117
0
0
128
118
0
0
128
119
0
0
127
120
0
0
127
121
0
0
127
122
0
0
127
123
0
0
127
124
0
0
127
125
0
0
127
126
0
0
127
127
0
0
127
128
0
0
127
129
0
0
127
130
0
0
127
131
0
0
127
132
0
0
127
133
0
0
127
134
0
0
127
135
0
0
127
136
0
0
127
137
0
0
127
138
0
0
127
139
0
0
127
140
0
0
127
141
0
0
127
142
0
0
127
143
0
0
127
144
0
0
127
145
0
0
127
146
0
0
127
147
0
0
127
148
0
0
127
149
0
0
127
150
0
0
127
151
0
0
127
152
0
0
127
153
0
0
127
154
0
0
127
155
0
0
127
156
0
0
127
157
0
0
127
158
0
0
127
159
0
0
127
160
0
0
127
161
0
0
127
162
0
0
127
163
0
0
127
164
0
0
127
165
0
0
127
166
0
0
127
167
0
0
127
168
0
0
127
169
0
0
127
170
0
0
127
171
0
0
127
172
0
0
127
173
0
0
127
174
0
0
127
175
0
0
127
176
0
0
127
177
0
0
127
178
0
0
127
179
0
0
127
180
0
0
127
181
0
0
127
182
0
0
127
183
0
0
127
184
0
0
127
185
0
0
127
186
0
0
127
187
0
0
127
188
0
0
127
189
0
0
127
190
0
0
127
191
0
0
127
192
0
0
127
193
0
0
127
194
0
0
127
195
0
0
127
196
0
0
127
197
0
0
127
198
0
0
127
199
0
0
127
200
0
0
127
201
0
0
127
202
0
0
127
203
0
0
127
204
0
0
127
205
0
0
127
206
0
0
127
207
0
0
127
208
0
0
127
209
0
0
127
210
0
0
127
211
0
0
127
212
0
0
127
213
0
0
127
214
0
0
127
215
0
0
127
216
0
0
127
217
0
0
127
218
0
0
127
219
0
0
127
220
0
0
127
221
0
0
127
222
0
0
127
223
0
0
127
224
0
0
127
225
0
0
127
226
0
0
127
227
0
0
127
228
0
0
127
229
0
0
127
230
0
0
127
231
0
0
127
232
0
0
127
233
0
0
127
234
0
0
127
235
0
0
127
236
0
0
127
237
0
0
127
238
0
0
127
239
0
0
127
240
0
0
127
241
0
0
127
242
0
0
127
243
0
0
127
244
0
0
127
245
0
0
127
246
0
0
127
247
0
0
127
248
0
0
127
249
0
0
127
250
0
0
127
251
0
0
127
252
0
0
127
253
0
0
127
254
0
0
127
255
0
0
127
0
0
0
127
1
0
0
127
2
0
0
127
3
0
0
127
4
0
0
127
5
0
0
127
6
0
0
127
7
0
0
127
8
0
0
127
9
0
0
127
10
0
0
127
11
0
0
127
12
0
0
127
13
0
0
127
14
0
0
127
15
0
0
127
16
0
0
127
17
0
0
127
18
0
0
127
19
0
0
127
20
0
0
127
21
0
0
127
22
0
0
127
23
0
0
127
24
0
0
127
25
0
0
127
26
0
0
127
27
0
0
127
28
0
0
127
29
0
0
127
30
0
0
127
31
0
0
127
32
0
0
127
33
0
0
127
34
0
0
127
35
0
0
127
36
0
0
127
37
0
0
127
38
0
0
127
39
0
0
127
40
0
0
127
41
0
0
127
42
0
0
127
43
0
0
127
44
0
0
127
45
0
0
127
46
0
0
127
47
0
0
127
48
0
0
127
49
0
0
127
50
0
0
127
51
0
0
127
52
0
0
127
53
0
0
127
54
0
0
127
55
0
0
127
56
0
0
127
57
0
0
127
58
0
0
127
59
0
0
127
60
0
0
127
61
0
0
127
62
0
0
127
63
0
0
127
64
0
0
127
65
0
0
127
66
0
0
127
67
0
0
127
68
0
0
127
69
0
0
127
70
0
0
127
71
0
0
127
72
0
0
127
73
0
0
127
74
0
0
127
75
0
0
127
76
0
0
127
77
0
0
127
78
0
0
127
79
0
0
127
80
0
0
127
81
0
0
127
82
0
0
127
83
0
0
127
84
0
0
127
85
0
0
127
86
0
0
127
87
0
0
127
88
0
0
127
89
0
0
127
90
0
0
127
91
0
0
127
92
0
0
127
93
0
0
127
94
0
0
127
95
0
0
127
96
0
0
127
97
0
0
127
98
0
0
127
99
0
0
128
100
0
0
128
101
0
0
127
102
0
0
127
103
0
0
127
104
0
0
127
105
0
0
127
106
0
0
127
107
0
0
127
108
0
0
127
109
0
0
127
110
0
0
127
111
0
0
127
112
0
0
127
113
0
0
127
114
0
0
127
115
0
0
127
116
0
0
127
117
0
0
127
118
0
0
127
119
0
0
127
120
0
0
127
121
0
0
127
122
0
0
127
123
0
0
127
124
0
0
127
125
0
0
127
126
0
0
127
127
0
0
127
128
0
0
127
129
0
0
127
130
0
0
127
131
0
0
127
132
0
0
127
133
0
0
127
134
0
0
127
135
0
0
127
136
0
0
127
137
0
0
127
138
0
0
127
139
0
0
127
140
0
0
127
141
0
0
127
142
0
0
127
143
0
0
127
144
0
0
127
145
0
0
127
146
0
0
127
147
0
0
127
148
0
0
127
149
0
0
127
150
0
0
127
151
0
0
127
152
0
0
127
153
0
0
127
154
0
0
127
155
0
0
127
156
0
0
127
157
0
0
127
158
0
0
127
159
0
0
127
160
0
0
127
161
0
0
127
162
0
0
127
163
0
0
127
164
0
0
127
165
0
0
127
166
0
0
127
167
0
0
127
168
0
0
127
169
0
0
127
170
0
0
127
171
0
0
127
172
0
0
127
173
0
0
127
174
0
0
127
175
0
0
127
176
0
0
127
177
0
0
127
178
0
0
127
179
0
0
127
180
0
0
127
181
0
0
127
182
0
0
127
183
0
0
127
184
0
0
127
185
0
0
127
186
0
0
127
187
0
0
127
188
0
0
127
189
0
0
127
190
0
0
127
191
0
0
127
192
0
0
127
193
0
0
127
194
0
0
127
195
0
0
127
196
0
0
127
197
0
0
127
198
0
0
127
199
0
0
127
200
0
0
127
201
0
0
127
202
0
0
127
203
0
0
127
204
0
0
127
205
0
0
127
206
0
0
127
207
0
0
127
208
0
0
127
209
0
0
127
210
0
0
128
211
0
0
127
212
0
0
127
213
0
0
127
214
0
0
127
215
0
0
127
216
0
0
127
217
0
0
127
218
0
0
127
219
0
0
127
220
0
0
127
221
0
0
127
222
0
0
127
223
0
0
127
224
0
0
127
225
0
0
127
226
0
0
127
227
0
0
127
228
0
0
127
229
0
0
127
230
0
0
127
231
0
0
127
232
0
0
127
233
0
0
127
234
0
0
127
235
0
0
127
236
0
0
127
237
0
0
128
238
0
0
127
239
0
0
127
240
0
0
127
241
0
0
127
242
0
0
127
243
0
0
127
244
0
0
127
245
0
0
127
246
0
0
127
247
0
0
127
248
0
0
127
249
0
0
127
250
0
0
127
251
0
0
127
252
0
0
127
253
0
0
127
254
0
0
127
255
0
0
127
0
0
0
127
1
0
0
127
2
0
0
127
3
0
0
127
4
0
0
127
5
0
0
127
6
0
0
127
7
0
0
127
8
0
0
127
9
0
0
127
10
0
0
127
11
0
0
127
12
0
0
127
13
0
0
127
14
0
0
127
15
0
0
127
16
0
0
127
17
0
0
127
18
0
0
127
19
0
0
127
20
0
0
127
21
0
0
127
22
0
0
127
23
0
0
127
24
0
0
127
25
0
0
127
26
0
0
127
27
0
0
127
28
0
0
127
29
0
0
127
30
0
0
127
31
0
0
127
32
0
0
127
33
0
0
127
34
0
0
127
35
0
0
127
36
0
0
127
37
0
0
127
38
0
0
127
39
0
0
127
40
0
0
127
41
0
0
127
42
0
0
127
43
0
0
127
44
0
0
127
45
0
0
127
46
0
0
127
47
0
0
127
48
0
0
127
49
0
0
127
50
0
0
127
51
0
0
127
52
0
0
127
53
0
0
127
54
0
0
127
55
0
0
127
56
0
0
127
57
0
0
127
58
0
0
127
59
0
0
127
60
0
0
127
61
0
0
127
62
0
0
127
63
0
0
127
64
0
0
127
65
0
0
127
66
0
0
127
67
0
0
127
68
0
0
127
69
0
0
127
70
0
0
127
71
0
0
127
72
0
0
127
73
0
0
127
74
0
0
127
75
0
0
127
76
0
0
127
77
0
0
127
78
0
0
127
79
0
0
127
80
0
0
127
81
0
0
127
82
0
0
127
83
0
0
127
84
0
0
127
85
0
0
127
86
0
0
127
87
0
0
127
88
0
0
127
89
0
0
127
90
0
0
127
91
0
0
127
92
0
0
127
93
0
0
127
94
0
0
127
95
0
0
127
96
0
0
127
97
0
0
127
98
0
0
127
99
0
0
127
100
0
0
127
101
0
0
127
102
0
0
127
103
0
0
127
104
0
0
127
105
0
0
127
106
0
0
127
107
0
0
127
108
0
0
127
109
0
0
127
110
0
0
127
111
0
0
127
112
0
0
127
113
0
0
127
114
0
0
127
115
0
0
127
116
0
0
127
117
0
0
127
118
0
0
127
119
0
0
127
120
0
0
127
121
0
0
127
122
0
0
127
123
0
0
127
124
0
0
127
125
0
0
127
126
0
0
127
127
0
0
127
128
0
0
127
129
0
0
127
130
0
0
127
131
0
0
127
132
0
0
127
133
0
0
127
134
0
0
127
135
0
0
127
136
0
0
127
137
0
0
127
138
0
0
127
139
0
0
127
140
0
0
127
141
0
0
127
142
0
0
127
143
0
0
127
144
0
0
127
145
0
0
127
146
0
0
127
147
0
0
127
148
0
0
127
149
0
0
127
150
0
0
127
151
0
0
127
152
0
0
127
153
0
0
127
154
0
0
127
155
0
0
127
156
0
0
127
157
0
0
127
158
0
0
127
159
0
0
127
160
0
0
127
161
0
0
127
162
0
0
127
163
0
0
127
164
0
0
127
165
0
0
127
166
0
0
127
167
0
0
127
168
0
0
127
169
0
0
127
170
0
0
127
171
0
0
127
172
0
0
127
173
0
0
127
174
0
0
127
175
0
0
127
176
0
0
127
177
0
0
127
178
0
0
127
179
0
0
127
180
0
0
127
181
0
0
127
182
0
0
127
183
0
0
127
184
0
0
127
185
0
0
127
186
0
0
127
187
0
0
127
188
0
0
127
189
0
0
127
190
0
0
127
191
0
0
127
192
0
0
127
193
0
0
127
194
0
0
127
195
0
0
127
196
0
0
127
197
0
0
127
198
0
0
127
199
0
0
127
200
0
0
127
201
0
0
127
202
0
0
127
203
0
0
127
204
0
0
127
205
0
0
127
206
0
0
127
207
0
0
127
208
0
0
127
209
0
0
127
210
0
0
127
211
0
0
127
212
0
0
127
213
0
0
127
214
0
0
127
215
0
0
127
216
0
0
127
217
0
0
127
218
0
0
127
219
0
0
127
220
0
0
127
221
0
0
127
222
0
0
127
223
0
0
127
224
0
0
127
225
0
0
127
226
0
0
127
227
0
0
127
228
0
0
127
229
0
0
127
230
0
0
127
231
0
0
127
232
0
0
127
233
0
0
127
234
0
0
127
235
0
0
127
236
0
0
127
237
0
0
127
238
0
0
127
239
0
0
127
240
0
0
127
241
0
0
127
242
0
0
127
243
0
0
127
244
0
0
127
245
0
0
127
246
0
0
127
247
0
0
127
248
0
0
127
249
0
0
127
250
0
0
127
251
0
0
127
252
0
0
127
253
0
0
127
254
0
0
127
255
0
0
127
0
0
0
127
1
0
0
127
2
0
0
127
3
0
0
127
4
0
0
127
5
0
0
127
6
0
0
127
7
0
0
127
8
0
0
127
9
0
0
127
10
0
0
127
11
0
0
127
12
0
0
127
13
0
0
127
14
0
0
127
15
0
0
127
16
0
0
127
17
0
0
127
18
0
0
127
19
0
0
127
20
0
0
127
21
0
0
127
22
0
0
127
23
0
0
127
24
0
0
127
25
0
0
127
26
0
0
127
27
0
0
127
28
0
0
127
29
0
0
127
30
0
0
127
31
0
0
127
32
0
0
127
33
0
0
127
34
0
0
127
35
0
0
127
36
0
0
127
37
0
0
127
38
0
0
127
39
0
0
127
40
0
0
127
41
0
0
127
42
0
0
127
43
0
0
127
44
0
0
127
45
0
0
127
46
0
0
127
47
0
0
127
48
0
0
127
49
0
0
127
50
0
0
127
51
0
0
127
52
0
0
127
53
0
0
127
54
0
0
127
55
0
0
127
56
0
0
127
57
0
0
127
58
0
0
127
59
0
0
127
60
0
0
127
61
0
0
127
62
0
0
127
63
0
0
127
64
0
0
127
65
0
0
127
66
0
0
127
67
0
0
127
68
0
0
127
69
0
0
127
70
0
0
127
71
0
0
127
72
0
0
127
73
0
0
127
74
0
0
127
75
0
0
127
76
0
0
127
77
0
0
127
78
0
0
127
79
0
0
127
80
0
0
127
81
0
0
127
82
0
0
127
83
0
0
127
84
0
0
127
85
0
0
127
86
0
0
127
87
0
0
127
88
0
0
127
89
0
0
127
90
0
0
127
91
0
0
127
92
0
0
127
93
0
0
127
94
0
0
127
95
0
0
127
96
0
0
127
97
0
0
127
98
0
0
127
99
0
0
127
100
0
0
127
101
0
0
127
102
0
0
127
103
0
0
127
104
0
0
127
105
0
0
127
106
0
0
127
107
0
0
127
108
0
0
127
109
0
0
127
110
0
0
127
111
0
0
127
112
0
0
127
113
0
0
127
114
0
0
127
115
0
0
127
116
0
0
127
117
0
0
127
118
0
0
127
119
0
0
127
120
0
0
127
121
0
0
127
122
0
0
127
123
0
0
127
124
0
0
127
125
0
0
127
126
0
0
127
127
0
0
127
128
0
0
127
129
0
0
127
130
0
0
127
131
0
0
127
132
0
0
127
133
0
0
127
134
0
0
127
135
0
0
127
136
0
0
127
137
0
0
127
138
0
0
127
139
0
0
127
140
0
0
127
141
0
0
127
142
0
0
127
143
0
0
127
144
0
0
127
145
0
0
127
146
0
0
127
147
0
0
128
148
0
0
127
149
0
0
127
150
0
0
127
151
0
0
127
152
0
0
127
153
0
0
127
154
0
0
127
155
0
0
127
156
0
0
127
157
0
0
127
158
0
0
127
159
0
0
127
160
0
0
127
161
0
0
127
162
0
0
127
163
0
0
127
164
0
0
127
165
0
0
127
166
0
0
127
167
0
0
127
168
0
0
127
169
0
0
127
170
0
0
127
171
0
0
127
172
0
0
127
173
0
0
127
174
0
0
127
175
0
0
127
176
0
0
127
177
0
0
127
178
0
0
127
179
0
0
128
180
0
0
127
181
0
0
127
182
0
0
127
183
0
0
127
184
0
0
127
185
0
0
127
186
0
0
127
187
0
0
127
188
0
0
127
189
0
0
127
190
0
0
127
191
0
0
127
192
0
0
127
193
0
0
127
194
0
0
127
195
0
0
127
196
0
0
127
197
0
0
127
198
0
0
127
199
0
0
127
200
0
0
127
201
0
0
127
202
0
0
127
203
0
0
127
204
0
0
127
205
0
0
127
206
0
0
127
207
0
0
127
208
0
0
127
209
0
0
127
210
0
0
127
211
0
0
127
212
0
0
127
213
0
0
127
214
0
0
127
215
0
0
127
216
0
0
127
217
0
0
127
218
0
0
127
219
0
0
127
220
0
0
127
221
0
0
127
222
0
0
127
223
0
0
127
224
0
0
127
225
0
0
127
226
0
0
127
227
0
0
127
228
0
0
127
229
0
0
127
230
0
0
127
231
0
0
127
232
0
0
127
233
0
0
127
234
0
0
127
235
0
0
127
236
0
0
127
237
0
0
127
238
0
0
127
239
0
0
127
240
0
0
127
241
0
0
127
242
0
0
127
243
0
0
127
244
0
0
127
245
0
0
127
246
0
0
127
247
0
0
127
248
0
0
127
249
0
0
127
250
0
0
127
251
0
0
127
252
0
0
127
253
0
0
127
254
0
0
128
255
0
0
127
0
0
0
127
1
0
0
127
2
0
0
127
3
0
0
127
4
0
0
127
5
0
0
127
6
0
0
127
7
0
0
127
8
0
0
127
9
0
0
127
10
0
0
127
11
0
0
127
12
0
0
127
13
0
0
127
14
0
0
127
15
0
0
127
16
0
0
127
17
0
0
127
18
0
0
127
19
0
0
127
20
0
0
127
21
0
0
127
22
0
0
127
23
0
0
127
24
0
0
127
25
0
0
127
26
0
0
127
27
0
0
127
28
0
0
127
29
0
0
127
30
0
0
127
31
0
0
127
32
0
0
127
33
0
0
127
34
0
0
127
35
0
0
127
36
0
0
127
37
0
0
127
38
0
0
127
39
0
0
127
40
0
0
127
41
0
0
127
42
0
0
127
43
0
0
127
44
0
0
127
45
0
0
127
46
0
0
127
47
0
0
127
48
0
0
127
49
0
0
127
50
0
0
127
51
0
0
127
52
0
0
127
53
0
0
127
54
0
0
127
55
0
0
127
56
0
0
127
57
0
0
127
58
0
0
127
59
0
0
127
60
0
0
127
61
0
0
127
62
0
0
127
63
0
0
127
64
0
0
127
65
0
0
127
66
0
0
127
67
0
0
127
68
0
0
127
69
0
0
127
70
0
0
127
71
0
0
127
72
0
0
127
73
0
0
127
74
0
0
127
75
0
0
127
76
0
0
127
77
0
0
127
78
0
0
127
79
0
0
127
80
0
0
127
81
0
0
127
82
0
0
127
83
0
0
127
84
0
0
127
85
0
0
127
86
0
0
127
87
0
0
127
88
0
0
127
89
0
0
127
90
0
0
127
91
0
0
127
92
0
0
127
93
0
0
127
94
0
0
127
95
0
0
127
96
0
0
127
97
0
0
127
98
0
0
127
99
0
0
127
100
0
0
127
101
0
0
127
102
0
0
127
103
0
0
127
104
0
0
127
105
0
0
127
106
0
0
127
107
0
0
127
108
0
0
127
109
0
0
127
110
0
0
127
111
0
0
127
112
0
0
127
113
0
0
127
114
0
0
127
115
0
0
127
116
0
0
127
117
0
0
127
118
0
0
127
119
0
0
127
120
0
0
127
121
0
0
127
122
0
0
127
123
0
0
127
124
0
0
127
125
0
0
127
126
0
0
127
127
0
0
127
128
0
0
127
129
0
0
127
130
0
0
127
131
0
0
127
132
0
0
127
133
0
0
127
134
0
0
127
135
0
0
127
136
0
0
127
137
0
0
127
138
0
0
127
139
0
0
127
140
0
0
127
141
0
0
127
142
0
0
127
143
0
0
127
144
0
0
127
145
0
0
127
146
0
0
127
147
0
0
127
148
0
0
127
149
0
0
127
150
0
0
127
151
0
0
127
152
0
0
127
153
0
0
127
154
0
0
127
155
0
0
127
156
0
0
127
157
0
0
127
158
0
0
127
159
0
0
127
160
0
0
127
161
0
0
127
162
0
0
127
163
0
0
127
164
0
0
127
165
0
0
127
166
0
0
127
167
0
0
127
168
0
0
127
169
0
0
127
170
0
0
127
171
0
0
127
172
0
0
127
173
0
0
127
174
0
0
127
175
0
0
127
176
0
0
127
177
0
0
127
178
0
0
127
179
0
0
127
180
0
0
127
181
0
0
127
182
0
0
127
183
0
0
127
184
0
0
127
185
0
0
127
186
0
0
127
187
0
0
127
188
0
0
127
189
0
0
127
190
0
0
127
191
0
0
127
192
0
0
127
193
0
0
127
194
0
0
127
195
0
0
127
196
0
0
127
197
0
0
127
198
0
0
127
199
0
0
127
200
0
0
127
201
0
0
127
202
0
0
127
203
0
0
127
204
0
0
127
205
0
0
127
206
0
0
127
207
0
0
127
208
0
0
127
209
0
0
127
210
0
0
127
211
0
0
127
212
0
0
127
213
0
0
127
214
0
0
127
215
0
0
127
216
0
0
127
217
0
0
127
218
0
0
127
219
0
0
127
220
0
0
127
221
0
0
127
222
0
0
127
223
0
0
127
224
0
0
127
225
0
0
127
226
0
0
127
227
0
0
127
228
0
0
127
229
0
0
127
230
0
0
127
231
0
0
127
232
0
0
127
233
0
0
127
234
0
0
127
235
0
0
127
236
0
0
127
237
0
0
127
238
0
0
127
239
0
0
127
240
0
0
127
241
0
0
127
242
0
0
127
243
0
0
127
244
0
0
127
245
0
0
127
246
0
0
127
247
0
0
127
248
0
0
127
249
0
0
127
250
0
0
127
251
0
0
127
252
0
0
127
253
0
0
127
254
0
0
127
255
0
0
127
0
0
0
127
1
0
0
127
2
0
0
127
3
0
0
127
4
0
0
127
5
0
0
127
6
0
0
127
7
0
0
127
8
0
0
127
9
0
0
127
10
0
0
127
11
0
0
127
12
0
0
127
13
0
0
127
14
0
0
127
15
0
0
127
16
0
0
127
17
0
0
127
18
0
0
127
19
0
0
127
20
0
0
127
21
0
0
127
22
0
0
127
23
0
0
127
24
0
0
127
25
0
0
127
26
0
0
127
27
0
0
127
28
0
0
127
29
0
0
127
30
0
0
127
31
0
0
127
32
0
0
127
33
0
0
127
34
0
0
127
35
0
0
127
36
0
0
127
37
0
0
127
38
0
0
127
39
0
0
127
40
0
0
127
41
0
0
127
42
0
0
127
43
0
0
127
44
0
0
127
45
0
0
127
46
0
0
127
47
0
0
127
48
0
0
127
49
0
0
127
50
0
0
127
51
0
0
127
52
0
0
127
53
0
0
127
54
0
0
127
55
0
0
127
56
0
0
127
57
0
0
127
58
0
0
127
59
0
0
127
60
0
0
127
61
0
0
127
62
0
0
127
63
0
0
127
64
0
0
127
65
0
0
127
66
0
0
127
67
0
0
127
68
0
0
127
69
0
0
127
70
0
0
127
71
0
0
127
72
0
0
127
73
0
0
127
74
0
0
127
75
0
0
127
76
0
0
127
77
0
0
127
78
0
0
127
79
0
0
127
80
0
0
127
81
0
0
127
82
0
0
127
83
0
0
127
84
0
0
127
85
0
0
127
86
0
0
127
87
0
0
127
88
0
0
127
89
0
0
127
90
0
0
127
91
0
0
127
92
0
0
127
93
0
0
127
94
0
0
127
95
0
0
127
96
0
0
127
97
0
0
127
98
0
0
127
99
0
0
127
100
0
0
127
101
0
0
127
102
0
0
127
103
0
0
127
104
0
0
127
105
0
0
127
106
0
0
127
107
0
0
127
108
0
0
127
109
0
0
127
110
0
0
127
111
0
0
127
112
0
0
127
113
0
0
127
114
0
0
127
115
0
0
127
116
0
0
127
117
0
0
127
118
0
0
127
119
0
0
127
120
0
0
127
121
0
0
127
122
0
0
127
123
0
0
127
124
0
0
127
125
0
0
127
126
0
0
127
127
0
0
127
128
0
0
127
129
0
0
127
130
0
0
127
131
0
0
127
132
0
0
127
133
0
0
127
134
0
0
127
135
0
0
127
136
0
0
127
137
0
0
127
138
0
0
127
139
0
0
127
140
0
0
127
141
0
0
127
142
0
0
127
143
0
0
127
144
0
0
127
145
0
0
127
146
0
0
127
147
0
0
127
148
0
0
127
149
0
0
127
150
0
0
127
151
0
0
127
152
0
0
127
153
0
0
127
154
0
0
127
155
0
0
127
156
0
0
127
157
0
0
127
158
0
0
127
159
0
0
127
160
0
0
127
161
0
0
127
162
0
0
127
163
0
0
127
164
0
0
127
165
0
0
127
166
0
0
127
167
0
0
127
168
0
0
127
169
0
0
127
170
0
0
127
171
0
0
127
172
0
0
127
173
0
0
127
174
0
0
127
175
0
0
127
176
0
0
127
177
0
0
127
178
0
0
127
179
0
0
127
180
0
0
127
181
0
0
127
182
0
0
127
183
0
0
127
184
0
0
127
185
0
0
127
186
0
0
127
187
0
0
127
188
0
0
127
189
0
0
127
190
0
0
128
191
0
0
127
192
0
0
127
193
0
0
127
194
0
0
127
195
0
0
127
196
0
0
127
197
0
0
127
198
0
0
127
199
0
0
127
200
0
0
127
201
0
0
127
202
0
0
127
203
0
0
127
204
0
0
127
205
0
0
127
206
0
0
127
207
0
0
127
208
0
0
127
209
0
0
127
210
0
0
127
211
0
0
127
212
0
0
127
213
0
0
127
214
0
0
127
215
0
0
127
216
0
0
127
217
0
0
127
218
0
0
127
219
0
0
127
220
0
0
127
221
0
0
127
222
0
0
127
223
0
0
127
224
0
0
127
225
0
0
127
226
0
0
127
227
0
0
127
228
0
0
127
229
0
0
127
230
0
0
127
231
0
0
127
232
0
0
127
233
0
0
127
234
0
0
127
235
0
0
127
236
0
0
127
237
0
0
127
238
0
0
127
239
0
0
127
240
0
0
127
241
0
0
127
242
0
0
127
243
0
0
127
244
0
0
127
245
0
0
127
246
0
0
127
247
0
0
127
248
0
0
127
249
0
0
127
250
0
0
127
251
0
0
127
252
0
0
127
253
0
0
127
254
0
0
127
255
0
0
127
0
0
0
127
1
0
0
127
2
0
0
127
3
0
0
127
4
0
0
127
5
0
0
127
6
0
0
127
7
0
0
127
8
0
0
127
9
0
0
127
10
0
0
127
11
0
0
127
12
0
0
127
13
0
0
127
14
0
0
127
15
0
0
127
16
0
0
127
17
0
0
127
18
0
0
127
19
0
0
127
20
0
0
127
21
0
0
127
22
0
0
127
23
0
0
127
24
0
0
127
25
0
0
127
26
0
0
127
27
0
0
127
28
0
0
127
29
0
0
127
30
0
0
127
31
0
0
127
32
0
0
127
33
0
0
127
34
0
0
127
35
0
0
127
36
0
0
127
37
0
0
127
38
0
0
127
39
0
0
127
40
0
0
127
41
0
0
127
42
0
0
127
43
0
0
127
44
0
0
127
45
0
0
127
46
0
0
127
47
0
0
127
48
0
0
127
49
0
0
127
50
0
0
127
51
0
0
127
52
0
0
127
53
0
0
127
54
0
0
127
55
0
0
127
56
0
0
127
57
0
0
127
58
0
0
127
59
0
0
127
60
0
0
127
61
0
0
127
62
0
0
127
63
0
0
127
64
0
0
127
65
0
0
127
66
0
0
127
67
0
0
127
68
0
0
127
69
0
0
127
70
0
0
127
71
0
0
127
72
0
0
127
73
0
0
127
74
0
0
127
75
0
0
127
76
0
0
127
77
0
0
127
78
0
0
127
79
0
0
127
80
0
0
127
81
0
0
127
82
0
0
127
83
0
0
127
84
0
0
127
85
0
0
127
86
0
0
127
87
0
0
127
88
0
0
127
89
0
0
127
90
0
0
127
91
0
0
127
92
0
0
127
93
0
0
127
94
0
0
127
95
0
0
127
96
0
0
127
97
0
0
127
98
0
0
127
99
0
0
127
100
0
0
127
101
0
0
127
102
0
0
127
103
0
0
127
104
0
0
127
105
0
0
127
106
0
0
127
107
0
0
127
108
0
0
127
109
0
0
127
110
0
0
127
111
0
0
127
112
0
0
127
113
0
0
127
114
0
0
127
115
0
0
127
116
0
0
127
117
0
0
127
118
0
0
127
119
0
0
127
120
0
0
127
121
0
0
127
122
0
0
127
123
0
0
127
124
0
0
127
125
0
0
127
126
0
0
127
127
0
0
127
128
0
0
127
129
0
0
127
130
0
0
127
131
0
0
127
132
0
0
127
133
0
0
127
134
0
0
127
135
0
0
127
136
0
0
127
137
0
0
127
138
0
0
127
139
0
0
127
140
0
0
127
141
0
0
127
142
0
0
127
143
0
0
127
144
0
0
127
145
0
0
127
146
0
0
127
147
0
0
127
148
0
0
127
149
0
0
127
150
0
0
127
151
0
0
127
152
0
0
127
153
0
0
127
154
0
0
127
155
0
0
127
156
0
0
127
157
0
0
127
158
0
0
127
159
0
0
127
160
0
0
127
161
0
0
127
162
0
0
127
163
0
0
127
164
0
0
127
165
0
0
127
166
0
0
127
167
0
0
127
168
0
0
127
169
0
0
127
170
0
0
127
171
0
0
127
172
0
0
127
173
0
0
127
174
0
0
127
175
0
0
127
176
0
0
127
177
0
0
127
178
0
0
127
179
0
0
127
180
0
0
127
181
0
0
127
182
0
0
127
183
0
0
127
184
0
0
127
185
0
0
127
186
0
0
127
187
0
0
127
188
0
0
127
189
0
0
127
190
0
0
127
191
0
0
127
192
0
0
127
193
0
0
127
194
0
0
127
195
0
0
127
196
0
0
127
197
0
0
127
198
0
0
127
199
0
0
127
200
0
0
127
201
0
0
127
202
0
0
127
203
0
0
127
204
0
0
127
205
0
0
127
206
0
0
127
207
0
0
127
208
0
0
127
209
0
0
127
210
0
0
127
211
0
0
127
212
0
0
127
213
0
0
127
214
0
0
127
215
0
0
127
216
0
0
127
217
0
0
127
218
0
0
127
219
0
0
127
220
0
0
127
221
0
0
127
222
0
0
127
223
0
0
127
224
0
0
127
225
0
0
127
226
0
0
127
227
0
0
127
228
0
0
127
229
0
0
127
230
0
0
127
231
0
0
127
232
0
0
127
233
0
0
127
234
0
0
127
235
0
0
127
236
0
0
127
237
0
0
127
238
0
0
127
239
0
0
127
240
0
0
127
241
0
0
127
242
0
0
127
243
0
0
127
244
0
0
127
245
0
0
127
246
0
0
127
247
0
0
127
248
0
0
127
249
0
0
127
250
0
0
127
251
0
0
127
252
0
0
127
253
0
0
127
254
0
0
127
255
0
0
127
0
0
0
127
1
0
0
127
2
0
0
127
3
0
0
127
4
0
0
127
5
0
0
127
6
0
0
127
7
0
0
127
8
0
0
127
9
0
0
127
10
0
0
127
11
0
0
127
12
0
0
127
13
0
0
127
14
0
0
127
15
0
0
127
16
0
0
127
17
0
0
127
18
0
0
127
19
0
0
127
20
0
0
127
21
0
0
127
22
0
0
127
23
0
0
127
24
0
0
127
25
0
0
127
26
0
0
127
27
0
0
127
28
0
0
127
29
0
0
127
30
0
0
127
31
0
0
127
32
0
0
127
33
0
0
127
34
0
0
127
35
0
0
127
36
0
0
127
37
0
0
127
38
0
0
127
39
0
0
127
40
0
0
127
41
0
0
127
42
0
0
127
43
0
0
127
44
0
0
127
45
0
0
127
46
0
0
127
47
0
0
127
48
0
0
127
49
0
0
127
50
0
0
127
51
0
0
127
52
0
0
127
53
0
0
127
54
0
0
127
55
0
0
127
56
0
0
127
57
0
0
127
58
0
0
127
59
0
0
127
60
0
0
127
61
0
0
127
62
0
0
127
63
0
0
127
64
0
0
127
65
0
0
127
66
0
0
127
67
0
0
127
68
0
0
127
69
0
0
127
70
0
0
127
71
0
0
127
72
0
0
127
73
0
0
127
74
0
0
127
75
0
0
127
76
0
0
127
77
0
0
127
78
0
0
127
79
0
0
127
80
0
0
127
81
0
0
127
82
0
0
127
83
0
0
127
84
0
0
127
85
0
0
127
86
0
0
127
87
0
0
127
88
0
0
127
89
0
0
127
90
0
0
127
91
0
0
127
92
0
0
127
93
0
0
127
94
0
0
127
95
0
0
127
96
0
0
127
97
0
0
127
98
0
0
127
99
0
0
127
100
0
0
127
101
0
0
127
102
0
0
127
103
0
0
127
104
0
0
127
105
0
0
127
106
0
0
127
107
0
0
127
108
0
0
127
109
0
0
127
110
0
0
127
111
0
0
127
112
0
0
127
113
0
0
127
114
0
0
127
115
0
0
127
116
0
0
127
117
0
0
127
118
0
0
127
119
0
0
127
120
0
0
127
121
0
0
127
122
0
0
127
123
0
0
127
124
0
0
127
125
0
0
127
126
0
0
127
127
0
0
127
128
0
0
127
129
0
0
127
130
0
0
127
131
0
0
127
132
0
0
127
133
0
0
127
134
0
0
127
135
0
0
127
136
0
0
127
137
0
0
127
138
0
0
127
139
0
0
127
140
0
0
127
141
0
0
127
142
0
0
127
143
0
0
127
144
0
0
127
145
0
0
127
146
0
0
127
147
0
0
127
148
0
0
127
149
0
0
127
150
0
0
127
151
0
0
127
152
0
0
127
153
0
0
127
154
0
0
127
155
0
0
127
156
0
0
127
157
0
0
127
158
0
0
127
159
0
0
127
160
0
0
127
161
0
0
127
162
0
0
127
163
0
0
127
164
0
0
127
165
0
0
127
166
0
0
127
167
0
0
127
168
0
0
127
169
0
0
127
170
0
0
127
171
0
0
127
172
0
0
127
173
0
0
127
174
0
0
127
175
0
0
127
176
0
0
127
177
0
0
127
178
0
0
127
179
0
0
127
180
0
0
127
181
0
0
127
182
0
0
127
183
0
0
127
184
0
0
127
185
0
0
127
186
0
0
127
187
0
0
127
188
0
0
127
189
0
0
127
190
0
0
127
191
0
0
127
192
0
0
127
193
0
0
127
194
0
0
127
195
0
0
127
196
0
0
127
197
0
0
127
198
0
0
127
199
0
0
127
200
0
0
127
201
0
0
127
202
0
0
127
203
0
0
127
204
0
0
127
205
0
0
127
206
0
0
127
207
0
0
127
208
0
0
127
209
0
0
127
210
0
0
127
211
0
0
127
212
0
0
127
213
0
0
127
214
0
0
127
215
0
0
127
216
0
0
127
217
0
0
127
218
0
0
127
219
0
0
127
220
0
0
127
221
0
0
127
222
0
0
127
223
0
0
127
224
0
0
127
225
0
0
127
226
0
0
127
227
0
0
127
228
0
0
127
229
0
0
127
230
0
0
127
231
0
0
127
232
0
0
127
233
0
0
127
234
0
0
127
235
0
0
127
236
0
0
127
237
0
0
127
238
0
0
127
239
0
0
127
240
0
0
127
241
0
0
127
242
0
0
127
243
0
0
127
244
0
0
127
245
0
0
127
246
0
0
127
247
0
0
127
248
0
0
127
249
0
0
127
250
0
0
127
251
0
0
127
252
0
0
127
253
0
0
127
254
0
0
127
255
0
0
127
0
0
0
127
1
0
0
127
2
0
0
127
3
0
0
127
4
0
0
127
5
0
0
127
6
0
0
127
7
0
0
127
8
0
0
127
9
0
0
127
10
0
0
127
11
0
0
127
12
0
0
127
13
0
0
127
14
0
0
127
15
0
0
127
16
0
0
127
17
0
0
127
18
0
0
127
19
0
0
127
20
0
0
127
21
0
0
127
22
0
0
127
23
0
0
127
24
0
0
127
25
0
0
127
26
0
0
127
27
0
0
127
28
0
0
127
29
0
0
127
30
0
0
127
31
0
0
127
32
0
0
127
33
0
0
127
34
0
0
127
35
0
0
127
36
0
0
127
37
0
0
127
38
0
0
127
39
0
0
127
40
0
0
127
41
0
0
127
42
0
0
127
43
0
0
127
44
0
0
127
45
0
0
127
46
0
0
127
47
0
0
127
48
0
0
127
49
0
0
127
50
0
0
127
51
0
0
127
52
0
0
127
53
0
0
127
54
0
0
127
55
0
0
127
56
0
0
127
57
0
0
127
58
0
0
127
59
0
0
127
60
0
0
127
61
0
0
127
62
0
0
127
63
0
0
127
64
0
0
127
65
0
0
127
66
0
0
127
67
0
0
127
68
0
0
127
69
0
0
127
70
0
0
127
71
0
0
127
72
0
0
127
73
0
0
127
74
0
0
127
75
0
0
127
76
0
0
127
77
0
0
127
78
0
0
127
79
0
0
127
80
0
0
127
81
0
0
127
82
0
0
127
83
0
0
127
84
0
0
127
85
0
0
127
86
0
0
127
87
0
0
127
88
0
0
127
89
0
0
127
90
0
0
127
91
0
0
127
92
0
0
127
93
0
0
127
94
0
0
127
95
0
0
127
96
0
0
127
97
0
0
127
98
0
0
127
99
0
0
127
100
0
0
127
101
0
0
127
102
0
0
127
103
0
0
127
104
0
0
127
105
0
0
127
106
0
0
127
107
0
0
127
108
0
0
127
109
0
0
127
110
0
0
127
111
0
0
127
112
0
0
127
113
0
0
127
114
0
0
127
115
0
0
127
116
0
0
127
117
0
0
127
118
0
0
127
119
0
0
127
120
0
0
127
121
0
0
127
122
0
0
127
123
0
0
127
124
0
0
127
125
0
0
127
126
0
0
127
127
0
0
127
128
0
0
127
129
0
0
127
130
0
0
127
131
0
0
127
132
0
0
127
133
0
0
127
134
0
0
127
135
0
0
127
136
0
0
127
137
0
0
127
138
0
0
127
139
0
0
127
140
0
0
127
141
0
0
127
142
0
0
127
143
0
0
127
144
0
0
127
145
0
0
127
146
0
0
127
147
0
0
127
148
0
0
127
149
0
0
127
150
0
0
127
151
0
0
127
152
0
0
127
153
0
0
127
154
0
0
127
155
0
0
127
156
0
0
127
157
0
0
127
158
0
0
127
159
0
0
127
160
0
0
127
161
0
0
127
162
0
0
127
163
0
0
127
164
0
0
127
165
0
0
127
166
0
0
127
167
0
0
127
168
0
0
127
169
0
0
127
170
0
0
127
171
0
0
127
172
0
0
127
173
0
0
127
174
0
0
127
175
0
0
127
176
0
0
127
177
0
0
127
178
0
0
127
179
0
0
127
180
0
0
127
181
0
0
127
182
0
0
127
183
0
0
127
184
0
0
127
185
0
0
127
186
0
0
127
187
0
0
127
188
0
0
127
189
0
0
127
190
0
0
127
191
0
0
127
192
0
0
127
193
0
0
127
194
0
0
127
195
0
0
127
196
0
0
127
197
0
0
127
198
0
0
127
199
0
0
127
200
0
0
127
201
0
0
127
202
0
0
127
203
0
0
127
204
0
0
127
205
0
0
127
206
0
0
127
207
0
0
127
208
0
0
127
209
0
0
127
210
0
0
127
211
0
0
127
212
0
0
127
213
0
0
127
214
0
0
127
215
0
0
127
216
0
0
127
217
0
0
127
218
0
0
127
219
0
0
127
220
0
0
127
221
0
0
127
222
0
0
127
223
0
0
128
224
0
0
127
225
0
0
127
226
0
0
127
227
0
0
127
228
0
0
127
229
0
0
127
230
0
0
127
231
0
0
127
232
0
0
127
233
0
0
127
234
0
0
127
235
0
0
127
236
0
0
127
237
0
0
127
238
0
0
127
239
0
0
127
240
0
0
127
241
0
0
127
242
0
0
127
243
0
0
127
244
0
0
127
245
0
0
127
246
0
0
127
247
0
0
127
248
0
0
127
249
0
0
127
250
0
0
127
251
0
0
127
252
0
0
127
253
0
0
127
254
0
0
127
255
0
0
127
0
0
0
127
1
0
0
127
2
0
0
127
3
0
0
127
4
0
0
127
5
0
0
127
6
0
0
127
7
0
0
127
8
0
0
127
9
0
0
127
10
0
0
127
11
0
0
127
12
0
0
127
13
0
0
127
14
0
0
128
15
0
0
128
16
0
0
128
17
0
0
127
18
0
0
127
19
0
0
127
20
0
0
127
21
0
0
127
22
0
0
127
23
0
0
127
24
0
0
127
25
0
0
127
26
0
0
127
27
0
0
127
28
0
0
127
29
0
0
127
30
0
0
127
31
0
0
127
32
0
0
127
33
0
0
127
34
0
0
127
35
0
0
127
36
0
0
127
37
0
0
127
38
0
0
127
39
0
0
127
40
0
0
127
41
0
0
127
42
0
0
127
43
0
0
127
44
0
0
127
45
0
0
127
46
0
0
127
47
0
0
127
48
0
0
127
49
0
0
127
50
0
0
127
51
0
0
127
52
0
0
127
53
0
0
127
54
0
0
127
55
0
0
127
56
0
0
127
57
0
0
127
58
0
0
127
59
0
0
127
60
0
0
127
61
0
0
127
62
0
0
127
63
0
0
127
64
0
0
127
65
0
0
127
66
0
0
127
67
0
0
127
68
0
0
127
69
0
0
127
70
0
0
127
71
0
0
127
72
0
0
127
73
0
0
127
74
0
0
127
75
0
0
127
76
0
0
127
77
0
0
127
78
0
0
127
79
0
0
127
80
0
0
127
81
0
0
127
82
0
0
127
83
0
0
127
84
0
0
127
85
0
0
127
86
0
0
127
87
0
0
127
88
0
0
127
89
0
0
127
90
0
0
127
91
0
0
127
92
0
0
127
93
0
0
127
94
0
0
127
95
0
0
127
96
0
0
127
97
0
0
127
98
0
0
127
99
0
0
127
100
0
0
127
101
0
0
127
102
0
0
127
103
0
0
127
104
0
0
127
105
0
0
127
106
0
0
127
107
0
0
127
108
0
0
127
109
0
0
127
110
0
0
127
111
0
0
127
112
0
0
127
113
0
0
127
114
0
0
127
115
0
0
127
116
0
0
127
117
0
0
127
118
0
0
127
119
0
0
127
120
0
0
127
121
0
0
127
122
0
0
127
123
0
0
127
124
0
0
128
125
0
0
128
126
0
0
128
127
0
0
127
128
0
0
127
129
0
0
127
130
0
0
127
131
0
0
127
132
0
0
127
133
0
0
127
134
0
0
127
135
0
0
127
136
0
0
127
137
0
0
127
138
0
0
127
139
0
0
127
140
0
0
127
141
0
0
127
142
0
0
127
143
0
0
127
144
0
0
127
145
0
0
127
146
0
0
127
147
0
0
127
148
0
0
127
149
0
0
127
150
0
0
127
151
0
0
127
152
0
0
127
153
0
0
127
154
0
0
127
155
0
0
127
156
0
0
127
157
0
0
127
158
0
0
127
159
0
0
127
160
0
0
127
161
0
0
127
162
0
0
127
163
0
0
127
164
0
0
127
165
0
0
127
166
0
0
127
167
0
0
127
168
0
0
127
169
0
0
127
170
0
0
127
171
0
0
127
172
0
0
127
173
0
0
127
174
0
0
127
175
0
0
127
176
0
0
127
177
0
0
127
178
0
0
127
179
0
0
127
180
0
0
127
181
0
0
127
182
0
0
127
183
0
0
127
184
0
0
127
185
0
0
127
186
0
0
127
187
0
0
127
188
0
0
127
189
0
0
127
190
0
0
127
191
0
0
127
192
0
0
127
193
0
0
127
194
0
0
127
195
0
0
127
196
0
0
127
197
0
0
127
198
0
0
127
199
0
0
127
200
0
0
127
201
0
0
127
202
0
0
127
203
0
0
127
204
0
0
127
205
0
0
127
206
0
0
127
207
0
0
127
208
0
0
127
209
0
0
127
210
0
0
127
211
0
0
127
212
0
0
127
213
0
0
127
214
0
0
127
215
0
0
127
216
0
0
127
217
0
0
127
218
0
0
127
219
0
0
127
220
0
0
127
221
0
0
127
222
0
0
127
223
0
0
127
224
0
0
127
225
0
0
127
226
0
0
127
227
0
0
127
228
0
0
127
229
0
0
127
230
0
0
127
231
0
0
127
232
0
0
127
233
0
0
127
234
0
0
127
235
0
0
127
236
0
0
127
237
0
0
127
238
0
0
127
239
0
0
127
240
0
0
127
241
0
0
127
242
0
0
127
243
0
0
127
244
0
0
127
245
0
0
127
246
0
0
127
247
0
0
127
248
0
0
127
249
0
0
127
250
0
0
127
251
0
0
127
252
0
0
127
253
0
0
127
254
0
0
127
255
0
0
127
0
0
0
127
1
0
0
127
2
0
0
127
3
0
0
127
4
0
0
127
5
0
0
127
6
0
0
127
7
0
0
127
8
0
0
127
9
0
0
127
10
0
0
127
11
0
0
127
12
0
0
127
13
0
0
127
14
0
0
127
15
0
0
127
16
0
0
127
17
0
0
127
18
0
0
127
19
0
0
127
20
0
0
127
21
0
0
127
22
0
0
127
23
0
0
127
24
0
0
127
25
0
0
127
26
0
0
127
27
0
0
127
28
0
0
127
29
0
0
127
30
0
0
127
31
0
0
127
32
0
0
127
33
0
0
127
34
0
0
127
35
0
0
127
36
0
0
127
37
0
0
127
38
0
0
127
39
0
0
127
40
0
0
127
41
0
0
127
42
0
0
127
43
0
0
127
44
0
0
127
45
0
0
127
46
0
0
127
47
0
0
127
48
0
0
127
49
0
0
127
50
0
0
127
51
0
0
127
52
0
0
127
53
0
0
127
54
0
0
127
55
0
0
127
56
0
0
127
57
0
0
127
58
0
0
127
59
0
0
127
60
0
0
127
61
0
0
127
62
0
0
127
63
0
0
127
64
0
0
127
65
0
0
127
66
0
0
127
67
0
0
127
68
0
0
127
69
0
0
127
70
0
0
127
71
0
0
127
72
0
0
127
73
0
0
127
74
0
0
127
75
0
0
127
76
0
0
127
77
0
0
127
78
0
0
127
79
0
0
127
80
0
0
127
81
0
0
127
82
0
0
127
83
0
0
127
84
0
0
127
85
0
0
127
86
0
0
127
87
0
0
127
88
0
0
127
89
0
0
127
90
0
0
127
91
0
0
127
92
0
0
127
93
0
0
127
94
0
0
127
95
0
0
127
96
0
0
127
97
0
0
127
98
0
0
127
99
0
0
127
100
0
0
127
101
0
0
127
102
0
0
127
103
0
0
127
104
0
0
127
105
0
0
127
106
0
0
127
107
0
0
127
108
0
0
127
109
0
0
127
110
0
0
127
111
0
0
127
112
0
0
127
113
0
0
127
114
0
0
127
115
0
0
127
116
0
0
127
117
0
0
127
118
0
0
127
119
0
0
127
120
0
0
127
121
0
0
127
122
0
0
127
123
0
0
127
124
0
0
127
125
0
0
127
126
0
0
127
127
0
0
127
128
0
0
127
129
0
0
127
130
0
0
127
131
0
0
127
132
0
0
127
133
0
0
127
134
0
0
127
135
0
0
127
136
0
0
127
137
0
0
127
138
0
0
127
139
0
0
127
140
0
0
127
141
0
0
127
142
0
0
127
143
0
0
127
144
0
0
127
145
0
0
127
146
0
0
127
147
0
0
127
148
0
0
127
149
0
0
127
150
0
0
127
151
0
0
127
152
0
0
127
153
0
0
127
154
0
0
127
155
0
0
127
156
0
0
127
157
0
0
127
158
0
0
127
159
0
0
127
160
0
0
127
161
0
0
127
162
0
0
127
163
0
0
127
164
0
0
127
165
0
0
127
166
0
0
127
167
0
0
127
168
0
0
127
169
0
0
127
170
0
0
127
171
0
0
127
172
0
0
127
173
0
0
127
174
0
0
127
175
0
0
127
176
0
0
127
177
0
0
127
178
0
0
127
179
0
0
127
180
0
0
127
181
0
0
127
182
0
0
127
183
0
0
127
184
0
0
127
185
0
0
127
186
0
0
127
187
0
0
127
188
0
0
127
189
0
0
127
190
0
0
127
191
0
0
127
192
0
0
127
193
0
0
127
194
0
0
127
195
0
0
127
196
0
0
128
197
0
0
128
198
0
0
127
199
0
0
127
200
0
0
127
201
0
0
127
202
0
0
127
203
0
0
127
204
0
0
127
205
0
0
127
206
0
0
127
207
0
0
127
208
0
0
127
209
0
0
127
210
0
0
127
211
0
0
127
212
0
0
127
213
0
0
127
214
0
0
127
215
0
0
127
216
0
0
127
217
0
0
127
218
0
0
127
219
0
0
127
220
0
0
127
221
0
0
127
222
0
0
127
223
0
0
127
224
0
0
127
225
0
0
127
226
0
0
127
227
0
0
127
228
0
0
127
229
0
0
127
230
0
0
127
231
0
0
127
232
0
0
127
233
0
0
127
234
0
0
127
235
0
0
127
236
0
0
127
237
0
0
127
238
0
0
127
239
0
0
127
240
0
0
127
241
0
0
127
242
0
0
127
243
0
0
127
244
0
0
127
245
0
0
127
246
0
0
127
247
0
0
127
248
0
0
127
249
0
0
127
250
0
0
127
251
0
0
127
252
0
0
127
253
0
0
127
254
0
0
127
255
0
0
127
0
0
0
127
1
0
0
127
2
0
0
127
3
0
0
127
4
0
0
127
5
0
0
127
6
0
0
127
7
0
0
127
8
0
0
127
9
0
0
127
10
0
0
127
11
0
0
127
12
0
0
127
13
0
0
127
14
0
0
127
15
0
0
127
16
0
0
127
17
0
0
127
18
0
0
127
19
0
0
127
20
0
0
127
21
0
0
127
22
0
0
127
23
0
0
127
24
0
0
127
25
0
0
127
26
0
0
127
27
0
0
127
28
0
0
127
29
0
0
127
30
0
0
127
31
0
0
127
32
0
0
127
33
0
0
127
34
0
0
127
35
0
0
127
36
0
0
127
37
0
0
127
38
0
0
127
39
0
0
127
40
0
0
127
41
0
0
127
42
0
0
127
43
0
0
127
44
0
0
127
45
0
0
127
46
0
0
127
47
0
0
127
48
0
0
127
49
0
0
127
50
0
0
127
51
0
0
127
52
0
0
127
53
0
0
127
54
0
0
127
55
0
0
127
56
0
0
127
57
0
0
127
58
0
0
127
59
0
0
127
60
0
0
127
61
0
0
127
62
0
0
127
63
0
0
127
64
0
0
127
65
0
0
127
66
0
0
127
67
0
0
127
68
0
0
127
69
0
0
127
70
0
0
127
71
0
0
127
72
0
0
127
73
0
0
127
74
0
0
127
75
0
0
127
76
0
0
127
77
0
0
127
78
0
0
127
79
0
0
127
80
0
0
127
81
0
0
127
82
0
0
127
83
0
0
127
84
0
0
127
85
0
0
127
86
0
0
127
87
0
0
127
88
0
0
127
89
0
0
127
90
0
0
127
91
0
0
127
92
0
0
127
93
0
0
127
94
0
0
127
95
0
0
127
96
0
0
127
97
0
0
127
98
0
0
127
99
0
0
127
100
0
0
127
101
0
0
127
102
0
0
127
103
0
0
127
104
0
0
127
105
0
0
127
106
0
0
127
107
0
0
127
108
0
0
127
109
0
0
127
110
0
0
127
111
0
0
127
112
0
0
127
113
0
0
127
114
0
0
127
115
0
0
127
116
0
0
127
117
0
0
127
118
0
0
127
119
0
0
127
120
0
0
127
121
0
0
127
122
0
0
127
123
0
0
127
124
0
0
127
125
0
0
127
126
0
0
127
127
0
0
127
128
0
0
127
129
0
0
127
130
0
0
127
131
0
0
127
132
0
0
127
133
0
0
127
134
0
0
127
135
0
0
127
136
0
0
127
137
0
0
127
138
0
0
127
139
0
0
127
140
0
0
127
141
0
0
127
142
0
0
127
143
0
0
127
144
0
0
127
145
0
0
127
146
0
0
127
147
0
0
127
148
0
0
127
149
0
0
127
150
0
0
127
151
0
0
127
152
0
0
127
153
0
0
127
154
0
0
127
155
0
0
127
156
0
0
127
157
0
0
127
158
0
0
127
159
0
0
127
160
0
0
127
161
0
0
127
162
0
0
127
163
0
0
127
164
0
0
127
165
0
0
127
166
0
0
127
167
0
0
127
168
0
0
127
169
0
0
127
170
0
0
127
171
0
0
127
172
0
0
127
173
0
0
127
174
0
0
127
175
0
0
127
176
0
0
127
177
0
0
127
178
0
0
127
179
0
0
127
180
0
0
127
181
0
0
127
182
0
0
127
183
0
0
127
184
0
0
127
185
0
0
127
186
0
0
127
187
0
0
127
188
0
0
127
189
0
0
127
190
0
0
127
191
0
0
127
192
0
0
127
193
0
0
127
194
0
0
127
195
0
0
127
196
0
0
127
197
0
0
127
198
0
0
127
199
0
0
127
200
0
0
127
201
0
0
127
202
0
0
127
203
0
0
127
204
0
0
127
205
0
0
127
206
0
0
127
207
0
0
127
208
0
0
127
209
0
0
127
210
0
0
127
211
0
0
127
212
0
0
127
213
0
0
127
214
0
0
127
215
0
0
127
216
0
0
127
217
0
0
127
218
0
0
127
219
0
0
127
220
0
0
127
221
0
0
127
222
0
0
127
223
0
0
127
224
0
0
127
225
0
0
127
226
0
0
127
227
0
0
127
228
0
0
127
229
0
0
127
230
0
0
127
231
0
0
127
232
0
0
127
233
0
0
127
234
0
0
127
235
0
0
127
236
0
0
127
237
0
0
127
238
0
0
127
239
0
0
127
240
0
0
127
241
0
0
127
242
0
0
127
243
0
0
127
244
0
0
127
245
0
0
127
246
0
0
127
247
0
0
127
248
0
0
127
249
0
0
127
250
0
0
127
251
0
0
127
252
0
0
127
253
0
0
127
254
0
0
127
255
0
0
127
0
0
0
127
1
0
0
127
2
0
0
127
3
0
0
127
4
0
0
127
5
0
0
127
6
0
0
127
7
0
0
127
8
0
0
127
9
0
0
127
10
0
0
127
11
0
0
127
12
0
0
127
13
0
0
127
14
0
0
127
15
0
0
127
16
0
0
127
17
0
0
127
18
0
0
127
19
0
0
127
20
0
0
127
21
0
0
127
22
0
0
127
23
0
0
127
24
0
0
127
25
0
0
127
26
0
0
127
27
0
0
127
28
0
0
127
29
0
0
127
30
0
0
127
31
0
0
127
32
0
0
127
33
0
0
127
34
0
0
127
35
0
0
127
36
0
0
127
37
0
0
127
38
0
0
127
39
0
0
127
40
0
0
127
41
0
0
127
42
0
0
127
43
0
0
127
44
0
0
127
45
0
0
127
46
0
0
127
47
0
0
127
48
0
0
127
49
0
0
127
50
0
0
127
51
0
0
127
52
0
0
127
53
0
0
127
54
0
0
127
55
0
0
127
56
0
0
127
57
0
0
127
58
0
0
127
59
0
0
127
60
0
0
127
61
0
0
127
62
0
0
127
63
0
0
127
64
0
0
127
65
0
0
127
66
0
0
127
67
0
0
127
68
0
0
127
69
0
0
127
70
0
0
127
71
0
0
127
72
0
0
127
73
0
0
127
74
0
0
127
75
0
0
127
76
0
0
127
77
0
0
127
78
0
0
127
79
0
0
127
80
0
0
127
81
0
0
127
82
0
0
127
83
0
0
127
84
0
0
127
85
0
0
127
86
0
0
127
87
0
0
127
88
0
0
127
89
0
0
127
90
0
0
127
91
0
0
127
92
0
0
127
93
0
0
127
94
0
0
127
95
0
0
127
96
0
0
127
97
0
0
127
98
0
0
127
99
0
0
127
100
0
0
127
101
0
0
127
102
0
0
127
103
0
0
127
104
0
0
127
105
0
0
127
106
0
0
127
107
0
0
127
108
0
0
127
109
0
0
127
110
0
0
127
111
0
0
127
112
0
0
127
113
0
0
127
114
0
0
127
115
0
0
127
116
0
0
127
117
0
0
127
118
0
0
127
119
0
0
127
120
0
0
127
121
0
0
127
122
0
0
127
123
0
0
127
124
0
0
127
125
0
0
127
126
0
0
127
127
0
0
127
128
0
0
127
129
0
0
127
130
0
0
127
131
0
0
127
132
0
0
127
133
0
0
127
134
0
0
127
135
0
0
127
136
0
0
127
137
0
0
127
138
0
0
127
139
0
0
127
140
0
0
127
141
0
0
127
142
0
0
127
143
0
0
127
144
0
0
127
145
0
0
127
146
0
0
127
147
0
0
127
148
0
0
127
149
0
0
127
150
0
0
127
151
0
0
127
152
0
0
127
153
0
0
127
154
0
0
127
155
0
0
127
156
0
0
127
157
0
0
127
158
0
0
127
159
0
0
127
160
0
0
127
161
0
0
127
162
0
0
127
163
0
0
127
164
0
0
127
165
0
0
127
166
0
0
127
167
0
0
127
168
0
0
127
169
0
0
127
170
0
0
127
171
0
0
127
172
0
0
127
173
0
0
127
174
0
0
127
175
0
0
127
176
0
0
127
177
0
0
127
178
0
0
127
179
0
0
127
180
0
0
127
181
0
0
127
182
0
0
127
183
0
0
127
184
0
0
127
185
0
0
127
186
0
0
127
187
0
0
127
188
0
0
127
189
0
0
127
190
0
0
127
191
0
0
127
192
0
0
127
193
0
0
127
194
0
0
127
195
0
0
127
196
0
0
127
197
0
0
127
198
0
0
127
199
0
0
127
200
0
0
127
201
0
0
127
202
0
0
127
203
0
0
127
204
0
0
127
205
0
0
127
206
0
0
127
207
0
0
127
208
0
0
127
209
0
0
127
210
0
0
127
211
0
0
127
212
0
0
127
213
0
0
127
214
0
0
127
215
0
0
127
216
0
0
127
217
0
0
127
218
0
0
127
219
0
0
127
220
0
0
127
221
0
0
127
222
0
0
127
223
0
0
127
224
0
0
127
225
0
0
127
226
0
0
127
227
0
0
127
228
0
0
127
229
0
0
127
230
0
0
127
231
0
0
127
232
0
0
127
233
0
0
127
234
0
0
127
235
0
0
127
236
0
0
127
237
0
0
127
238
0
0
127
239
0
0
127
240
0
0
127
241
0
0
127
242
0
0
127
243
0
0
127
244
0
0
127
245
0
0
127
246
0
0
127
247
0
0
127
248
0
0
127
249
0
0
127
250
0
0
127
251
0
0
127
252
0
0
127
253
0
0
127
254
0
0
127
255
0
0
127
0
0
0
127
1
0
0
127
2
0
0
127
3
0
0
127
4
0
0
127
5
0
0
127
6
0
0
127
7
0
0
127
8
0
0
127
9
0
0
127
10
0
0
127
11
0
0
127
12
0
0
127
13
0
0
127
14
0
0
127
15
0
0
127
16
0
0
127
17
0
0
127
18
0
0
127
19
0
0
127
20
0
0
127
21
0
0
127
22
0
0
127
23
0
0
127
24
0
0
127
25
0
0
127
26
0
0
127
27
0
0
127
28
0
0
127
29
0
0
127
30
0
0
127
31
0
0
127
32
0
0
127
33
0
0
127
34
0
0
127
35
0
0
127
36
0
0
127
37
0
0
127
38
0
0
127
39
0
0
127
40
0
0
127
41
0
0
127
42
0
0
127
43
0
0
127
44
0
0
127
45
0
0
127
46
0
0
127
47
0
0
127
48
0
0
127
49
0
0
127
50
0
0
127
51
0
0
127
52
0
0
127
53
0
0
127
54
0
0
127
55
0
0
127
56
0
0
127
57
0
0
127
58
0
0
127
59
0
0
127
60
0
0
127
61
0
0
127
62
0
0
127
63
0
0
127
64
0
0
127
65
0
0
127
66
0
0
127
67
0
0
127
68
0
0
127
69
0
0
127
70
0
0
127
71
0
0
127
72
0
0
127
73
0
0
127
74
0
0
127
75
0
0
127
76
0
0
127
77
0
0
127
78
0
0
127
79
0
0
127
80
0
0
127
81
0
0
127
82
0
0
127
83
0
0
127
84
0
0
127
85
0
0
127
86
0
0
127
87
0
0
127
88
0
0
127
89
0
0
127
90
0
0
127
91
0
0
127
92
0
0
127
93
0
0
127
94
0
0
127
95
0
0
127
96
0
0
127
97
0
0
127
98
0
0
127
99
0
0
127
100
0
0
127
101
0
0
127
102
0
0
127
103
0
0
127
104
0
0
127
105
0
0
127
106
0
0
127
107
0
0
127
108
0
0
127
109
0
0
127
110
0
0
127
111
0
0
127
112
0
0
127
113
0
0
127
114
0
0
127
115
0
0
127
116
0
0
127
117
0
0
127
118
0
0
127
119
0
0
127
120
0
0
127
121
0
0
127
122
0
0
127
123
0
0
127
124
0
0
127
125
0
0
127
126
0
0
127
127
0
0
127
128
0
0
127
129
0
0
127
130
0
0
127
131
0
0
127
132
0
0
127
133
0
0
127
134
0
0
127
135
0
0
127
136
0
0
127
137
0
0
127
138
0
0
127
139
0
0
127
140
0
0
127
141
0
0
127
142
0
0
127
143
0
0
127
144
0
0
127
145
0
0
127
146
0
0
127
147
0
0
127
148
0
0
127
149
0
0
127
150
0
0
127
151
0
0
127
152
0
0
127
153
0
0
127
154
0
0
127
155
0
0
127
156
0
0
127
157
0
0
127
158
0
0
127
159
0
0
127
160
0
0
127
161
0
0
127
162
0
0
127
163
0
0
127
164
0
0
127
165
0
0
127
166
0
0
127
167
0
0
127
168
0
0
127
169
0
0
127
170
0
0
127
171
0
0
127
172
0
0
127
173
0
0
127
174
0
0
127
175
0
0
127
176
0
0
127
177
0
0
127
178
0
0
127
179
0
0
127
180
0
0
127
181
0
0
127
182
0
0
127
183
0
0
127
184
0
0
127
185
0
0
127
186
0
0
127
187
0
0
127
188
0
0
127
189
0
0
127
190
0
0
127
191
0
0
127
192
0
0
127
193
0
0
127
194
0
0
127
195
0
0
127
196
0
0
127
197
0
0
127
198
0
0
127
199
0
0
127
200
0
0
127
201
0
0
127
202
0
0
127
203
0
0
127
204
0
0
127
205
0
0
127
206
0
0
127
207
0
0
127
208
0
0
127
209
0
0
127
210
0
0
127
211
0
0
127
212
0
0
127
213
0
0
127
214
0
0
127
215
0
0
127
216
0
0
127
217
0
0
127
218
0
0
127
219
0
0
127
220
0
0
127
221
0
0
127
222
0
0
127
223
0
0
127
224
0
0
127
225
0
0
127
226
0
0
127
227
0
0
127
228
0
0
127
229
0
0
127
230
0
0
127
231
0
0
127
232
0
0
127
233
0
0
127
234
0
0
127
235
0
0
127
236
0
0
127
237
0
0
127
238
0
0
127
239
0
0
127
240
0
0
127
241
0
0
127
242
0
0
127
243
0
0
127
244
0
0
127
245
0
0
127
246
0
0
127
247
0
0
127
248
0
0
127
249
0
0
127
250
0
0
127
251
0
0
127
252
0
0
127
253
0
0
127
254
0
0
127
255
0
0
127
0
0
0
127
1
0
0
127
2
0
0
127
3
0
0
127
4
0
0
127
5
0
0
127
6
0
0
127
7
0
0
127
8
0
0
127
9
0
0
127
10
0
0
127
11
0
0
127
12
0
0
127
13
0
0
127
14
0
0
127
15
0
0
127
16
0
0
127
17
0
0
127
18
0
0
127
19
0
0
127
20
0
0
127
21
0
0
127
22
0
0
127
23
0
0
127
24
0
0
127
25
0
0
127
26
0
0
127
27
0
0
127
28
0
0
127
29
0
0
127
30
0
0
127
31
0
0
127
32
0
0
127
33
0
0
127
34
0
0
127
35
0
0
127
36
0
0
127
37
0
0
127
38
0
0
127
39
0
0
127
40
0
0
127
41
0
0
127
42
0
0
127
43
0
0
127
44
0
0
127
45
0
0
127
46
0
0
127
47
0
0
127
48
0
0
127
49
0
0
127
50
0
0
127
51
0
0
127
52
0
0
127
53
0
0
127
54
0
0
127
55
0
0
127
56
0
0
127
57
0
0
127
58
0
0
127
59
0
0
127
60
0
0
127
61
0
0
127
62
0
0
127
63
0
0
127
64
0
0
127
65
0
0
127
66
0
0
127
67
0
0
127
68
0
0
127
69
0
0
127
70
0
0
127
71
0
0
127
72
0
0
127
73
0
0
127
74
0
0
127
75
0
0
127
76
0
0
127
77
0
0
127
78
0
0
127
79
0
0
127
80
0
0
127
81
0
0
127
82
0
0
127
83
0
0
127
84
0
0
127
85
0
0
127
86
0
0
127
87
0
0
127
88
0
0
127
89
0
0
127
90
0
0
127
91
0
0
127
92
0
0
127
93
0
0
127
94
0
0
127
95
0
0
127
96
0
0
127
97
0
0
127
98
0
0
127
99
0
0
127
100
0
0
127
101
0
0
127
102
0
0
127
103
0
0
127
104
0
0
127
105
0
0
127
106
0
0
127
107
0
0
127
108
0
0
127
109
0
0
127
110
0
0
127
111
0
0
127
112
0
0
127
113
0
0
127
114
0
0
127
115
0
0
127
116
0
0
127
117
0
0
127
118
0
0
127
119
0
0
127
120
0
0
127
121
0
0
127
122
0
0
127
123
0
0
127
124
0
0
127
125
0
0
127
126
0
0
127
127
0
0
127
128
0
0
127
129
0
0
127
130
0
0
127
131
0
0
127
132
0
0
127
133
0
0
127
134
0
0
127
135
0
0
127
136
0
0
127
137
0
0
127
138
0
0
128
139
0
0
128
140
0
0
127
141
0
0
127
142
0
0
127
143
0
0
127
144
0
0
127
145
0
0
127
146
0
0
127
147
0
0
127
148
0
0
127
149
0
0
127
150
0
0
127
151
0
0
127
152
0
0
127
153
0
0
127
154
0
0
127
155
0
0
127
156
0
0
127
157
0
0
127
158
0
0
127
159
0
0
127
160
0
0
127
161
0
0
127
162
0
0
127
163
0
0
127
164
0
0
127
165
0
0
127
166
0
0
127
167
0
0
127
168
0
0
127
169
0
0
127
170
0
0
127
171
0
0
127
172
0
0
127
173
0
0
127
174
0
0
127
175
0
0
127
176
0
0
127
177
0
0
127
178
0
0
127
179
0
0
127
180
0
0
127
181
0
0
127
182
0
0
127
183
0
0
127
184
0
0
127
185
0
0
127
186
0
0
127
187
0
0
127
188
0
0
127
189
0
0
127
190
0
0
127
191
0
0
127
192
0
0
127
193
0
0
127
194
0
0
127
195
0
0
127
196
0
0
127
197
0
0
127
198
0
0
127
199
0
0
127
200
0
0
127
201
0
0
127
202
0
0
127
203
0
0
127
204
0
0
127
205
0
0
127
206
0
0
127
207
0
0
127
208
0
0
127
209
0
0
127
210
0
0
127
211
0
0
127
212
0
0
127
213
0
0
127
214
0
0
127
215
0
0
127
216
0
0
127
217
0
0
127
218
0
0
127
219
0
0
127
220
0
0
127
221
0
0
127
222
0
0
127
223
0
0
127
224
0
0
127
225
0
0
127
226
0
0
127
227
0
0
127
228
0
0
127
229
0
0
127
230
0
0
127
231
0
0
127
232
0
0
127
233
0
0
127
234
0
0
127
235
0
0
127
236
0
0
127
237
0
0
127
238
0
0
127
239
0
0
127
240
0
0
127
241
0
0
127
242
0
0
127
243
0
0
127
244
0
0
127
245
0
0
127
246
0
0
127
247
0
0
127
248
0
0
127
249
0
0
127
250
0
0
127
251
0
0
127
252
0
0
127
253
0
0
127
254
0
0
127
255
0
0
127
0
0
0
127
1
0
0
127
2
0
0
127
3
0
0
127
4
0
0
127
5
0
0
127
6
0
0
127
7
0
0
127
8
0
0
127
9
0
0
127
10
0
0
127
11
0
0
127
12
0
0
127
13
0
0
127
14
0
0
127
15
0
0
127
16
0
0
127
17
0
0
127
18
0
0
127
19
0
0
127
20
0
0
127
21
0
0
127
22
0
0
127
23
0
0
127
24
0
0
127
25
0
0
127
26
0
0
127
27
0
0
127
28
0
0
127
29
0
0
127
30
0
0
127
31
0
0
127
32
0
0
127
33
0
0
127
34
0
0
127
35
0
0
127
36
0
0
127
37
0
0
127
38
0
0
127
39
0
0
127
40
0
0
127
41
0
0
127
42
0
0
127
43
0
0
127
44
0
0
127
45
0
0
127
46
0
0
127
47
0
0
127
48
0
0
127
49
0
0
127
50
0
0
127
51
0
0
127
52
0
0
127
53
0
0
127
54
0
0
127
55
0
0
127
56
0
0
127
57
0
0
127
58
0
0
127
59
0
0
127
60
0
0
127
61
0
0
127
62
0
0
127
63
0
0
127
64
0
0
127
65
0
0
127
66
0
0
127
67
0
0
127
68
0
0
127
69
0
0
127
70
0
0
127
71
0
0
127
72
0
0
127
73
0
0
127
74
0
0
127
75
0
0
127
76
0
0
127
77
0
0
127
78
0
0
127
79
0
0
127
80
0
0
127
81
0
0
127
82
0
0
127
83
0
0
127
84
0
0
127
85
0
0
127
86
0
0
127
87
0
0
127
88
0
0
127
89
0
0
127
90
0
0
127
91
0
0
127
92
0
0
127
93
0
0
127
94
0
0
127
95
0
0
127
96
0
0
127
97
0
0
127
98
0
0
127
99
0
0
127
100
0
0
127
101
0
0
127
102
0
0
127
103
0
0
127
104
0
0
127
105
0
0
127
106
0
0
127
107
0
0
127
108
0
0
127
109
0
0
127
110
0
0
127
111
0
0
127
112
0
0
127
113
0
0
127
114
0
0
127
115
0
0
127
116
0
0
127
117
0
0
127
118
0
0
127
119
0
0
127
120
0
0
127
121
0
0
127
122
0
0
127
123
0
0
127
124
0
0
127
125
0
0
127
126
0
0
127
127
0
0
127
128
0
0
127
129
0
0
127
130
0
0
127
131
0
0
127
132
0
0
127
133
0
0
127
134
0
0
127
135
0
0
127
136
0
0
127
137
0
0
127
138
0
0
127
139
0
0
127
140
0
0
127
141
0
0
127
142
0
0
127
143
0
0
127
144
0
0
127
145
0
0
127
146
0
0
127
147
0
0
127
148
0
0
127
149
0
0
127
150
0
0
127
151
0
0
127
152
0
0
127
153
0
0
127
154
0
0
127
155
0
0
127
156
0
0
127
157
0
0
127
158
0
0
127
159
0
0
127
160
0
0
127
161
0
0
127
162
0
0
127
163
0
0
127
164
0
0
127
165
0
0
127
166
0
0
127
167
0
0
127
168
0
0
127
169
0
0
127
170
0
0
127
171
0
0
127
172
0
0
127
173
0
0
127
174
0
0
127
175
0
0
127
176
0
0
127
177
0
0
127
178
0
0
127
179
0
0
127
180
0
0
127
181
0
0
127
182
0
0
127
183
0
0
127
184
0
0
127
185
0
0
127
186
0
0
127
187
0
0
127
188
0
0
127
189
0
0
127
190
0
0
127
191
0
0
127
192
0
0
127
193
0
0
127
194
0
0
127
195
0
0
127
196
0
0
127
197
0
0
127
198
0
0
127
199
0
0
127
200
0
0
127
201
0
0
127
202
0
0
127
203
0
0
127
204
0
0
127
205
0
0
127
206
0
0
127
207
0
0
127
208
0
0
127
209
0
0
127
210
0
0
127
211
0
0
127
212
0
0
127
213
0
0
127
214
0
0
127
215
0
0
127
216
0
0
127
217
0
0
127
218
0
0
127
219
0
0
127
220
0
0
127
221
0
0
127
222
0
0
127
223
0
0
127
224
0
0
127
225
0
0
127
226
0
0
127
227
0
0
127
228
0
0
127
229
0
0
127
230
0
0
127
231
0
0
127
232
0
0
127
233
0
0
127
234
0
0
127
235
0
0
127
236
0
0
127
237
0
0
127
238
0
0
127
239
0
0
127
240
0
0
127
241
0
0
127
242
0
0
127
243
0
0
127
244
0
0
127
245
0
0
127
246
0
0
127
247
0
0
127
248
0
0
127
249
0
0
127
250
0
0
127
251
0
0
127
252
0
0
127
253
0
0
127
254
0
0
127
255
0
0
127
0
0
0
127
1
0
0
127
2
0
0
127
3
0
0
127
4
0
0
127
5
0
0
127
6
0
0
127
7
0
0
127
8
0
0
127
9
0
0
127
10
0
0
127
11
0
0
127
12
0
0
127
13
0
0
127
14
0
0
127
15
0
0
127
16
0
0
127
17
0
0
127
18
0
0
127
19
0
0
127
20
0
0
127
21
0
0
127
22
0
0
127
23
0
0
127
24
0
0
127
25
0
0
127
26
0
0
127
27
0
0
127
28
0
0
127
29
0
0
127
30
0
0
127
31
0
0
127
32
0
0
127
33
0
0
127
34
0
0
127
35
0
0
127
36
0
0
127
37
0
0
127
38
0
0
127
39
0
0
127
40
0
0
127
41
0
0
127
42
0
0
127
43
0
0
127
44
0
0
127
45
0
0
127
46
0
0
127
47
0
0
127
48
0
0
127
49
0
0
127
50
0
0
127
51
0
0
127
52
0
0
127
53
0
0
127
54
0
0
127
55
0
0
127
56
0
0
127
57
0
0
127
58
0
0
127
59
0
0
127
60
0
0
127
61
0
0
127
62
0
0
127
63
0
0
127
64
0
0
127
65
0
0
127
66
0
0
127
67
0
0
127
68
0
0
127
69
0
0
127
70
0
0
127
71
0
0
127
72
0
0
127
73
0
0
127
74
0
0
127
75
0
0
127
76
0
0
127
77
0
0
127
78
0
0
127
79
0
0
127
80
0
0
127
81
0
0
127
82
0
0
127
83
0
0
127
84
0
0
127
85
0
0
127
86
0
0
127
87
0
0
127
88
0
0
127
89
0
0
127
90
0
0
127
91
0
0
127
92
0
0
127
93
0
0
127
94
0
0
127
95
0
0
127
96
0
0
127
97
0
0
127
98
0
0
127
99
0
0
127
100
0
0
127
101
0
0
127
102
0
0
127
103
0
0
128
104
0
0
127
105
0
0
127
106
0
0
127
107
0
0
127
108
0
0
127
109
0
0
127
110
0
0
127
111
0
0
127
112
0
0
127
113
0
0
127
114
0
0
127
115
0
0
127
116
0
0
127
117
0
0
127
118
0
0
127
119
0
0
128
120
0
0
127
121
0
0
127
122
0
0
127
123
0
0
127
124
0
0
127
125
0
0
127
126
0
0
127
127
0
0
127
128
0
0
127
129
0
0
127
130
0
0
127
131
0
0
127
132
0
0
127
133
0
0
127
134
0
0
127
135
0
0
127
136
0
0
127
137
0
0
127
138
0
0
127
139
0
0
127
140
0
0
127
141
0
0
127
142
0
0
127
143
0
0
127
144
0
0
127
145
0
0
127
146
0
0
127
147
0
0
127
148
0
0
127
149
0
0
127
150
0
0
127
151
0
0
127
152
0
0
127
153
0
0
127
154
0
0
127
155
0
0
127
156
0
0
127
157
0
0
127
158
0
0
127
159
0
0
127
160
0
0
127
161
0
0
127
162
0
0
127
163
0
0
127
164
0
0
127
165
0
0
128
166
0
0
128
167
0
0
127
168
0
0
127
169
0
0
127
170
0
0
127
171
0
0
127
172
0
0
127
173
0
0
127
174
0
0
127
175
0
0
127
176
0
0
127
177
0
0
127
178
0
0
127
179
0
0
127
180
0
0
127
181
0
0
127
182
0
0
127
183
0
0
127
184
0
0
127
185
0
0
127
186
0
0
127
187
0
0
127
188
0
0
127
189
0
0
127
190
0
0
127
191
0
0
127
192
0
0
127
193
0
0
127
194
0
0
127
195
0
0
127
196
0
0
127
197
0
0
127
198
0
0
127
199
0
0
127
200
0
0
127
201
0
0
127
202
0
0
127
203
0
0
127
204
0
0
127
205
0
0
127
206
0
0
127
207
0
0
127
208
0
0
127
209
0
0
127
210
0
0
127
211
0
0
127
212
0
0
127
213
0
0
127
214
0
0
127
215
0
0
127
216
0
0
127
217
0
0
127
218
0
0
127
219
0
0
127
220
0
0
127
221
0
0
127
222
0
0
127
223
0
0
127
224
0
0
127
225
0
0
127
226
0
0
127
227
0
0
127
228
0
0
127
229
0
0
127
230
0
0
127
231
0
0
127
232
0
0
127
233
0
0
127
234
0
0
127
235
0
0
127
236
0
0
127
237
0
0
127
238
0
0
127
239
0
0
127
240
0
0
127
241
0
0
127
242
0
0
127
243
0
0
127
244
0
0
127
245
0
0
127
246
0
0
127
247
0
0
127
248
0
0
127
249
0
0
127
250
0
0
127
251
0
0
127
252
0
0
127
253
0
0
127
254
0
0
127
255
0
0
127
0
0
0
127
1
0
0
127
2
0
0
127
3
0
0
127
4
0
0
127
5
0
0
127
6
0
0
127
7
0
0
127
8
0
0
127
9
0
0
127
10
0
0
127
11
0
0
127
12
0
0
127
13
0
0
127
14
0
0
127
15
0
0
127
16
0
0
127
17
0
0
127
18
0
0
127
19
0
0
127
20
0
0
127
21
0
0
127
22
0
0
127
23
0
0
127
24
0
0
127
25
0
0
127
26
0
0
127
27
0
0
127
28
0
0
127
29
0
0
127
30
0
0
127
31
0
0
127
32
0
0
127
33
0
0
127
34
0
0
127
35
0
0
127
36
0
0
127
37
0
0
127
38
0
0
127
39
0
0
127
40
0
0
127
41
0
0
127
42
0
0
127
43
0
0
127
44
0
0
127
45
0
0
127
46
0
0
127
47
0
0
127
48
0
0
127
49
0
0
127
50
0
0
127
51
0
0
127
52
0
0
127
53
0
0
127
54
0
0
127
55
0
0
127
56
0
0
127
57
0
0
127
58
0
0
127
59
0
0
127
60
0
0
127
61
0
0
127
62
0
0
127
63
0
0
127
64
0
0
127
65
0
0
127
66
0
0
127
67
0
0
127
68
0
0
127
69
0
0
127
70
0
0
127
71
0
0
127
72
0
0
127
73
0
0
127
74
0
0
127
75
0
0
127
76
0
0
127
77
0
0
127
78
0
0
127
79
0
0
127
80
0
0
127
81
0
0
127
82
0
0
127
83
0
0
127
84
0
0
127
85
0
0
127
86
0
0
127
87
0
0
127
88
0
0
127
89
0
0
127
90
0
0
127
91
0
0
127
92
0
0
127
93
0
0
127
94
0
0
127
95
0
0
127
96
0
0
127
97
0
0
127
98
0
0
127
99
0
0
127
100
0
0
127
101
0
0
127
102
0
0
127
103
0
0
127
104
0
0
127
105
0
0
127
106
0
0
127
107
0
0
127
108
0
0
127
109
0
0
127
110
0
0
127
111
0
0
127
112
0
0
127
113
0
0
127
114
0
0
127
115
0
0
127
116
0
0
127
117
0
0
127
118
0
0
127
119
0
0
127
120
0
0
127
121
0
0
127
122
0
0
127
123
0
0
127
124
0
0
127
125
0
0
127
126
0
0
127
127
0
0
127
128
0
0
127
129
0
0
127
130
0
0
127
131
0
0
127
132
0
0
127
133
0
0
127
134
0
0
127
135
0
0
127
136
0
0
127
137
0
0
127
138
0
0
127
139
0
0
127
140
0
0
127
141
0
0
127
142
0
0
127
143
0
0
127
144
0
0
127
145
0
0
127
146
0
0
127
147
0
0
127
148
0
0
127
149
0
0
127
150
0
0
127
151
0
0
127
152
0
0
127
153
0
0
127
154
0
0
127
155
0
0
127
156
0
0
127
157
0
0
127
158
0
0
127
159
0
0
127
160
0
0
127
161
0
0
127
162
0
0
127
163
0
0
127
164
0
0
127
165
0
0
127
166
0
0
127
167
0
0
127
168
0
0
127
169
0
0
127
170
0
0
127
171
0
0
127
172
0
0
127
173
0
0
127
174
0
0
127
175
0
0
127
176
0
0
127
177
0
0
127
178
0
0
127
179
0
0
127
180
0
0
127
181
0
0
127
182
0
0
127
183
0
0
127
184
0
0
127
185
0
0
127
186
0
0
127
187
0
0
127
188
0
0
127
189
0
0
127
190
0
0
127
191
0
0
127
192
0
0
127
193
0
0
127
194
0
0
127
195
0
0
127
196
0
0
127
197
0
0
127
198
0
0
127
199
0
0
127
200
0
0
127
201
0
0
127
202
0
0
127
203
0
0
127
204
0
0
127
205
0
0
127
206
0
0
127
207
0
0
127
208
0
0
127
209
0
0
127
210
0
0
127
211
0
0
127
212
0
0
127
213
0
0
127
214
0
0
127
215
0
0
127
216
0
0
127
217
0
0
127
218
0
0
127
219
0
0
127
220
0
0
127
221
0
0
127
222
0
0
127
223
0
0
127
224
0
0
127
225
0
0
127
226
0
0
127
227
0
0
127
228
0
0
127
229
0
0
127
230
0
0
127
231
0
0
127
232
0
0
127
233
0
0
127
234
0
0
127
235
0
0
127
236
0
0
127
237
0
0
127
238
0
0
127
239
0
0
127
240
0
0
127
241
0
0
127
242
0
0
127
243
0
0
127
244
0
0
127
245
0
0
127
246
0
0
127
247
0
0
127
248
0
0
127
249
0
0
127
250
0
0
127
251
0
0
127
252
0
0
127
253
0
0
127
254
0
0
127
255
0
0
127
0
0
0
127
1
0
0
127
2
0
0
127
3
0
0
127
4
0
0
127
5
0
0
127
6
0
0
127
7
0
0
127
8
0
0
127
9
0
0
127
10
0
0
127
11
0
0
127
12
0
0
127
13
0
0
127
14
0
0
127
15
0
0
127
16
0
0
127
17
0
0
127
18
0
0
127
19
0
0
127
20
0
0
127
21
0
0
127
22
0
0
127
23
0
0
127
24
0
0
127
25
0
0
127
26
0
0
127
27
0
0
127
28
0
0
127
29
0
0
127
30
0
0
127
31
0
0
127
32
0
0
127
33
0
0
127
34
0
0
127
35
0
0
127
36
0
0
127
37
0
0
127
38
0
0
127
39
0
0
127
40
0
0
127
41
0
0
127
42
0
0
127
43
0
0
127
44
0
0
127
45
0
0
127
46
0
0
127
47
0
0
127
48
0
0
127
49
0
0
127
50
0
0
127
51
0
0
127
52
0
0
127
53
0
0
127
54
0
0
127
55
0
0
127
56
0
0
127
57
0
0
127
58
0
0
127
59
0
0
127
60
0
0
127
61
0
0
127
62
0
0
127
63
0
0
127
64
0
0
127
65
0
0
127
66
0
0
127
67
0
0
127
68
0
0
127
69
0
0
127
70
0
0
127
71
0
0
127
72
0
0
127
73
0
0
127
74
0
0
127
75
0
0
127
76
0
0
127
77
0
0
127
78
0
0
127
79
0
0
127
80
0
0
127
81
0
0
127
82
0
0
127
83
0
0
127
84
0
0
127
85
0
0
127
86
0
0
127
87
0
0
127
88
0
0
127
89
0
0
127
90
0
0
127
91
0
0
127
92
0
0
127
93
0
0
127
94
0
0
127
95
0
0
127
96
0
0
127
97
0
0
127
98
0
0
127
99
0
0
127
100
0
0
127
101
0
0
127
102
0
0
127
103
0
0
127
104
0
0
127
105
0
0
127
106
0
0
127
107
0
0
127
108
0
0
127
109
0
0
127
110
0
0
127
111
0
0
127
112
0
0
127
113
0
0
127
114
0
0
127
115
0
0
127
116
0
0
127
117
0
0
127
118
0
0
127
119
0
0
127
120
0
0
127
121
0
0
127
122
0
0
127
123
0
0
127
124
0
0
127
125
0
0
127
126
0
0
127
127
0
0
127
128
0
0
127
129
0
0
127
130
0
0
127
131
0
0
127
132
0
0
127
133
0
0
127
134
0
0
127
135
0
0
127
136
0
0
127
137
0
0
127
138
0
0
127
139
0
0
127
140
0
0
127
141
0
0
127
142
0
0
127
143
0
0
127
144
0
0
127
145
0
0
127
146
0
0
127
147
0
0
127
148
0
0
127
149
0
0
127
150
0
0
127
151
0
0
127
152
0
0
127
153
0
0
127
154
0
0
127
155
0
0
127
156
0
0
127
157
0
0
127
158
0
0
127
159
0
0
127
160
0
0
127
161
0
0
127
162
0
0
127
163
0
0
127
164
0
0
127
165
0
0
127
166
0
0
127
167
0
0
127
168
0
0
127
169
0
0
127
170
0
0
127
171
0
0
127
172
0
0
127
173
0
0
127
174
0
0
127
175
0
0
127
176
0
0
127
177
0
0
127
178
0
0
127
179
0
0
127
180
0
0
127
181
0
0
127
182
0
0
127
183
0
0
127
184
0
0
127
185
0
0
127
186
0
0
127
187
0
0
127
188
0
0
127
189
0
0
127
190
0
0
127
191
0
0
127
192
0
0
127
193
0
0
127
194
0
0
127
195
0
0
127
196
0
0
127
197
0
0
127
198
0
0
127
199
0
0
127
200
0
0
127
201
0
0
127
202
0
0
127
203
0
0
127
204
0
0
127
205
0
0
127
206
0
0
127
207
0
0
127
208
0
0
127
209
0
0
127
210
0
0
127
211
0
0
127
212
0
0
127
213
0
0
127
214
0
0
127
215
0
0
127
216
0
0
127
217
0
0
127
218
0
0
127
219
0
0
127
220
0
0
127
221
0
0
127
222
0
0
127
223
0
0
127
224
0
0
127
225
0
0
127
226
0
0
127
227
0
0
127
228
0
0
127
229
0
0
127
230
0
0
127
231
0
0
127
232
0
0
127
233
0
0
127
234
0
0
127
235
0
0
127
236
0
0
127
237
0
0
127
238
0
0
127
239
0
0
127
240
0
0
127
241
0
0
127
242
0
0
127
243
0
0
127
244
0
0
127
245
0
0
127
246
0
0
127
247
0
0
127
248
0
0
127
249
0
0
127
250
0
0
127
251
0
0
127
252
0
0
127
253
0
0
127
254
0
0
127
255
0
0
127
0
0
0
127
1
0
0
127
2
0
0
127
3
0
0
127
4
0
0
127
5
0
0
127
6
0
0
127
7
0
0
127
8
0
0
127
9
0
0
127
10
0
0
127
11
0
0
127
12
0
0
127
13
0
0
127
14
0
0
127
15
0
0
127
16
0
0
127
17
0
0
127
18
0
0
127
19
0
0
127
20
0
0
127
21
0
0
127
22
0
0
127
23
0
0
127
24
0
0
127
25
0
0
127
26
0
0
127
27
0
0
127
28
0
0
127
29
0
0
127
30
0
0
127
31
0
0
127
32
0
0
127
33
0
0
127
34
0
0
127
35
0
0
127
36
0
0
127
37
0
0
127
38
0
0
127
39
0
0
127
40
0
0
127
41
0
0
127
42
0
0
127
43
0
0
127
44
0
0
127
45
0
0
127
46
0
0
127
47
0
0
127
48
0
0
127
49
0
0
127
50
0
0
127
51
0
0
127
52
0
0
127
53
0
0
127
54
0
0
127
55
0
0
127
56
0
0
127
57
0
0
127
58
0
0
127
59
0
0
127
60
0
0
127
61
0
0
127
62
0
0
127
63
0
0
127
64
0
0
127
65
0
0
127
66
0
0
127
67
0
0
127
68
0
0
127
69
0
0
127
70
0
0
127
71
0
0
127
72
0
0
127
73
0
0
127
74
0
0
127
75
0
0
127
76
0
0
127
77
0
0
127
78
0
0
127
79
0
0
127
80
0
0
127
81
0
0
127
82
0
0
127
83
0
0
127
84
0
0
127
85
0
0
127
86
0
0
127
87
0
0
127
88
0
0
127
89
0
0
127
90
0
0
127
91
0
0
127
92
0
0
127
93
0
0
127
94
0
0
127
95
0
0
127
96
0
0
127
97
0
0
127
98
0
0
127
99
0
0
127
100
0
0
127
101
0
0
127
102
0
0
127
103
0
0
127
104
0
0
127
105
0
0
127
106
0
0
127
107
0
0
127
108
0
0
127
109
0
0
127
110
0
0
127
111
0
0
127
112
0
0
127
113
0
0
127
114
0
0
127
115
0
0
127
116
0
0
127
117
0
0
127
118
0
0
127
119
0
0
127
120
0
0
127
121
0
0
127
122
0
0
127
123
0
0
127
124
0
0
127
125
0
0
127
126
0
0
127
127
0
0
127
128
0
0
127
129
0
0
127
130
0
0
127
131
0
0
127
132
0
0
127
133
0
0
127
134
0
0
127
135
0
0
127
136
0
0
127
137
0
0
127
138
0
0
127
139
0
0
127
140
0
0
127
141
0
0
127
142
0
0
127
143
0
0
127
144
0
0
127
145
0
0
127
146
0
0
127
147
0
0
127
148
0
0
127
149
0
0
127
150
0
0
127
151
0
0
127
152
0
0
127
153
0
0
127
154
0
0
127
155
0
0
127
156
0
0
127
157
0
0
127
158
0
0
127
159
0
0
127
160
0
0
127
161
0
0
127
162
0
0
127
163
0
0
127
164
0
0
127
165
0
0
127
166
0
0
127
167
0
0
127
168
0
0
127
169
0
0
127
170
0
0
127
171
0
0
127
172
0
0
127
173
0
0
127
174
0
0
127
175
0
0
127
176
0
0
127
177
0
0
127
178
0
0
127
179
0
0
127
180
0
0
127
181
0
0
127
182
0
0
127
183
0
0
127
184
0
0
127
185
0
0
127
186
0
0
127
187
0
0
127
188
0
0
127
189
0
0
127
190
0
0
127
191
0
0
127
192
0
0
127
193
0
0
127
194
0
0
127
195
0
0
127
196
0
0
127
197
0
0
127
198
0
0
127
199
0
0
127
200
0
0
127
201
0
0
127
202
0
0
127
203
0
0
127
204
0
0
127
205
0
0
127
206
0
0
127
207
0
0
127
208
0
0
127
209
0
0
127
210
0
0
127
211
0
0
127
212
0
0
127
213
0
0
127
214
0
0
127
215
0
0
127
216
0
0
127
217
0
0
127
218
0
0
127
219
0
0
127
220
0
0
127
221
0
0
127
222
0
0
127
223
0
0
127
224
0
0
127
225
0
0
127
226
0
0
127
227
0
0
127
228
0
0
127
229
0
0
127
230
0
0
127
231
0
0
127
232
0
0
127
233
0
0
127
234
0
0
127
235
0
0
127
236
0
0
127
237
0
0
127
238
0
0
127
239
0
0
127
240
0
0
127
241
0
0
127
242
0
0
127
243
0
0
127
244
0
0
127
245
0
0
127
246
0
0
127
247
0
0
127
248
0
0
127
249
0
0
127
250
0
0
127
251
0
0
127
252
0
0
127
253
0
0
127
254
0
0
127
255
0
0
127
0
0
0
127
1
0
0
127
2
0
0
127
3
0
0
127
4
0
0
127
5
0
0
127
6
0
0
127
7
0
0
127
8
0
0
127
9
0
0
127
10
0
0
127
11
0
0
127
12
0
0
127
13
0
0
127
14
0
0
127
15
0
0
127
16
0
0
127
17
0
0
127
18
0
0
127
19
0
0
127
20
0
0
127
21
0
0
127
22
0
0
127
23
0
0
127
24
0
0
127
25
0
0
127
26
0
0
127
27
0
0
127
28
0
0
127
29
0
0
127
30
0
0
127
31
0
0
127
32
0
0
127
33
0
0
127
34
0
0
127
35
0
0
127
36
0
0
127
37
0
0
127
38
0
0
127
39
0
0
127
40
0
0
127
41
0
0
127
42
0
0
127
43
0
0
127
44
0
0
127
45
0
0
127
46
0
0
127
47
0
0
127
48
0
0
127
49
0
0
127
50
0
0
127
51
0
0
127
52
0
0
127
53
0
0
127
54
0
0
127
55
0
0
127
56
0
0
127
57
0
0
127
58
0
0
127
59
0
0
127
60
0
0
127
61
0
0
127
62
0
0
127
63
0
0
127
64
0
0
127
65
0
0
127
66
0
0
127
67
0
0
127
68
0
0
127
69
0
0
127
70
0
0
127
71
0
0
127
72
0
0
127
73
0
0
127
74
0
0
127
75
0
0
127
76
0
0
127
77
0
0
127
78
0
0
127
79
0
0
127
80
0
0
127
81
0
0
127
82
0
0
127
83
0
0
127
84
0
0
127
85
0
0
127
86
0
0
127
87
0
0
127
88
0
0
127
89
0
0
127
90
0
0
127
91
0
0
127
92
0
0
127
93
0
0
127
94
0
0
127
95
0
0
127
96
0
0
127
97
0
0
127
98
0
0
127
99
0
0
127
100
0
0
127
101
0
0
127
102
0
0
127
103
0
0
127
104
0
0
127
105
0
0
127
106
0
0
127
107
0
0
127
108
0
0
127
109
0
0
127
110
0
0
127
111
0
0
127
112
0
0
127
113
0
0
127
114
0
0
127
115
0
0
127
116
0
0
127
117
0
0
127
118
0
0
127
119
0
0
127
120
0
0
127
121
0
0
127
122
0
0
127
123
0
0
127
124
0
0
127
125
0
0
127
126
0
0
127
127
0
0
127
128
0
0
127
129
0
0
127
130
0
0
127
131
0
0
127
132
0
0
127
133
0
0
127
134
0
0
127
135
0
0
127
136
0
0
127
137
0
0
127
138
0
0
127
139
0
0
127
140
0
0
127
141
0
0
127
142
0
0
127
143
0
0
127
144
0
0
127
145
0
0
127
146
0
0
127
147
0
0
127
148
0
0
127
149
0
0
127
150
0
0
127
151
0
0
127
152
0
0
127
153
0
0
127
154
0
0
127
155
0
0
127
156
0
0
127
157
0
0
127
158
0
0
127
159
0
0
127
160
0
0
127
161
0
0
127
162
0
0
127
163
0
0
127
164
0
0
127
165
0
0
127
166
0
0
127
167
0
0
127
168
0
0
127
169
0
0
127
170
0
0
127
171
0
0
127
172
0
0
127
173
0
0
127
174
0
0
127
175
0
0
127
176
0
0
127
177
0
0
127
178
0
0
127
179
0
0
127
180
0
0
127
181
0
0
127
182
0
0
127
183
0
0
127
184
0
0
127
185
0
0
127
186
0
0
127
187
0
0
127
188
0
0
127
189
0
0
127
190
0
0
127
191
0
0
127
192
0
0
127
193
0
0
127
194
0
0
127
195
0
0
127
196
0
0
127
197
0
0
127
198
0
0
127
199
0
0
127
200
0
0
127
201
0
0
127
202
0
0
127
203
0
0
127
204
0
0
127
205
0
0
127
206
0
0
127
207
0
0
127
208
0
0
127
209
0
0
127
210
0
0
127
211
0
0
127
212
0
0
127
213
0
0
127
214
0
0
127
215
0
0
127
216
0
0
127
217
0
0
127
218
0
0
127
219
0
0
127
220
0
0
127
221
0
0
127
222
0
0
127
223
0
0
127
224
0
0
127
225
0
0
127
226
0
0
127
227
0
0
127
228
0
0
127
229
0
0
127
230
0
0
127
231
0
0
127
232
0
0
127
233
0
0
127
234
0
0
127
235
0
0
127
236
0
0
127
237
0
0
127
238
0
0
127
239
0
0
127
240
0
0
127
241
0
0
127
242
0
0
127
243
0
0
127
244
0
0
127
245
0
0
127
246
0
0
127
247
0
0
127
248
0
0
127
249
0
0
127
250
0
0
127
251
0
0
127
252
0
0
127
253
0
0
127
254
0
0
127
255
0
0
127
0
0
0
127
1
0
0
127
2
0
0
127
3
0
0
127
4
0
0
127
5
0
0
127
6
0
0
127
7
0
0
127
8
0
0
127
9
0
0
127
10
0
0
127
11
0
0
127
12
0
0
127
13
0
0
127
14
0
0
127
15
0
0
127
16
0
0
127
17
0
0
127
18
0
0
127
19
0
0
127
20
0
0
127
21
0
0
127
22
0
0
127
23
0
0
127
24
0
0
127
25
0
0
127
26
0
0
127
27
0
0
127
28
0
0
127
29
0
0
127
30
0
0
127
31
0
0
127
32
0
0
127
33
0
0
127
34
0
0
127
35
0
0
127
36
0
0
127
37
0
0
127
38
0
0
127
39
0
0
127
40
0
0
127
41
0
0
127
42
0
0
127
43
0
0
127
44
0
0
127
45
0
0
127
46
0
0
127
47
0
0
127
48
0
0
127
49
0
0
127
50
0
0
127
51
0
0
127
52
0
0
127
53
0
0
127
54
0
0
127
55
0
0
127
56
0
0
127
57
0
0
127
58
0
0
127
59
0
0
127
60
0
0
127
61
0
0
127
62
0
0
127
63
0
0
128
64
0
0
128
65
0
0
127
66
0
0
127
67
0
0
127
68
0
0
127
69
0
0
127
70
0
0
127
71
0
0
127
72
0
0
127
73
0
0
127
74
0
0
127
75
0
0
127
76
0
0
127
77
0
0
127
78
0
0
127
79
0
0
127
80
0
0
127
81
0
0
127
82
0
0
127
83
0
0
127
84
0
0
127
85
0
0
127
86
0
0
127
87
0
0
127
88
0
0
127
89
0
0
127
90
0
0
127
91
0
0
127
92
0
0
127
93
0
0
127
94
0
0
127
95
0
0
127
96
0
0
127
97
0
0
127
98
0
0
127
99
0
0
127
100
0
0
127
101
0
0
127
102
0
0
127
103
0
0
127
104
0
0
127
105
0
0
127
106
0
0
127
107
0
0
127
108
0
0
127
109
0
0
127
110
0
0
127
111
0
0
127
112
0
0
127
113
0
0
127
114
0
0
127
115
0
0
127
116
0
0
127
117
0
0
127
118
0
0
127
119
0
0
127
120
0
0
127
121
0
0
127
122
0
0
127
123
0
0
127
124
0
0
127
125
0
0
127
126
0
0
127
127
0
0
127
128
0
0
127
129
0
0
127
130
0
0
127
131
0
0
127
132
0
0
127
133
0
0
127
134
0
0
127
135
0
0
127
136
0
0
127
137
0
0
127
138
0
0
127
139
0
0
127
140
0
0
127
141
0
0
127
142
0
0
127
143
0
0
127
144
0
0
127
145
0
0
127
146
0
0
127
147
0
0
127
148
0
0
127
149
0
0
127
150
0
0
127
151
0
0
127
152
0
0
127
153
0
0
127
154
0
0
127
155
0
0
127
156
0
0
127
157
0
0
127
158
0
0
127
159
0
0
127
160
0
0
127
161
0
0
127
162
0
0
127
163
0
0
127
164
0
0
127
165
0
0
127
166
0
0
127
167
0
0
127
168
0
0
127
169
0
0
127
170
0
0
127
171
0
0
127
172
0
0
127
173
0
0
127
174
0
0
127
175
0
0
127
176
0
0
127
177
0
0
127
178
0
0
127
179
0
0
127
180
0
0
127
181
0
0
127
182
0
0
127
183
0
0
127
184
0
0
127
185
0
0
127
186
0
0
127
187
0
0
127
188
0
0
127
189
0
0
127
190
0
0
127
191
0
0
127
192
0
0
127
193
0
0
127
194
0
0
127
195
0
0
127
196
0
0
127
197
0
0
127
198
0
0
127
199
0
0
127
200
0
0
127
201
0
0
127
202
0
0
127
203
0
0
127
204
0
0
127
205
0
0
127
206
0
0
127
207
0
0
127
208
0
0
127
209
0
0
127
210
0
0
127
211
0
0
127
212
0
0
127
213
0
0
127
214
0
0
127
215
0
0
127
216
0
0
127
217
0
0
127
218
0
0
127
219
0
0
127
220
0
0
127
221
0
0
127
222
0
0
127
223
0
0
127
224
0
0
127
225
0
0
127
226
0
0
127
227
0
0
127
228
0
0
127
229
0
0
127
230
0
0
127
231
0
0
127
232
0
0
127
233
0
0
127
234
0
0
127
235
0
0
127
236
0
0
127
237
0
0
127
238
0
0
127
239
0
0
127
240
0
0
127
241
0
0
127
242
0
0
127
243
0
0
127
244
0
0
127
245
0
0
127
246
0
0
127
247
0
0
127
248
0
0
127
249
0
0
127
250
0
0
127
251
0
0
127
252
0
0
127
253
0
0
127
254
0
0
127
255
0
0
127
0
0
0
127
1
0
0
127
2
0
0
127
3
0
0
127
4
0
0
127
5
0
0
127
6
0
0
127
7
0
0
127
8
0
0
127
9
0
0
127
10
0
0
127
11
0
0
127
12
0
0
127
13
0
0
127
14
0
0
127
15
0
0
127
16
0
0
127
17
0
0
127
18
0
0
127
19
0
0
127
20
0
0
127
21
0
0
127
22
0
0
127
23
0
0
127
24
0
0
127
25
0
0
127
26
0
0
127
27
0
0
127
28
0
0
127
29
0
0
127
30
0
0
127
31
0
0
127
32
0
0
127
33
0
0
127
34
0
0
127
35
0
0
127
36
0
0
127
37
0
0
127
38
0
0
127
39
0
0
127
40
0
0
127
41
0
0
127
42
0
0
127
43
0
0
127
44
0
0
127
45
0
0
127
46
0
0
127
47
0
0
127
48
0
0
127
49
0
0
127
50
0
0
127
51
0
0
127
52
0
0
127
53
0
0
127
54
0
0
127
55
0
0
127
56
0
0
127
57
0
0
127
58
0
0
127
59
0
0
127
60
0
0
127
61
0
0
127
62
0
0
127
63
0
0
127
64
0
0
127
65
0
0
127
66
0
0
127
67
0
0
127
68
0
0
127
69
0
0
127
70
0
0
127
71
0
0
127
72
0
0
127
73
0
0
127
74
0
0
127
75
0
0
127
76
0
0
127
77
0
0
127
78
0
0
127
79
0
0
127
80
0
0
127
81
0
0
127
82
0
0
127
83
0
0
127
84
0
0
127
85
0
0
127
86
0
0
127
87
0
0
127
88
0
0
127
89
0
0
127
90
0
0
127
91
0
0
127
92
0
0
127
93
0
0
127
94
0
0
127
95
0
0
127
96
0
0
127
97
0
0
127
98
0
0
127
99
0
0
127
100
0
0
127
101
0
0
127
102
0
0
127
103
0
0
127
104
0
0
127
105
0
0
127
106
0
0
127
107
0
0
127
108
0
0
127
109
0
0
127
110
0
0
127
111
0
0
127
112
0
0
127
113
0
0
127
114
0
0
127
115
0
0
127
116
0
0
127
117
0
0
127
118
0
0
127
119
0
0
127
120
0
0
127
121
0
0
127
122
0
0
127
123
0
0
127
124
0
0
127
125
0
0
127
126
0
0
127
127
0
0
127
128
0
0
127
129
0
0
127
130
0
0
127
131
0
0
127
132
0
0
127
133
0
0
127
134
0
0
127
135
0
0
127
136
0
0
127
137
0
0
127
138
0
0
127
139
0
0
127
140
0
0
127
141
0
0
127
142
0
0
127
143
0
0
127
144
0
0
127
145
0
0
127
146
0
0
127
147
0
0
127
148
0
0
127
149
0
0
127
150
0
0
127
151
0
0
127
152
0
0
127
153
0
0
127
154
0
0
127
155
0
0
127
156
0
0
127
157
0
0
127
158
0
0
127
159
0
0
127
160
0
0
127
161
0
0
127
162
0
0
127
163
0
0
127
164
0
0
127
165
0
0
127
166
0
0
127
167
0
0
127
168
0
0
127
169
0
0
127
170
0
0
127
171
0
0
127
172
0
0
127
173
0
0
127
174
0
0
127
175
0
0
127
176
0
0
127
177
0
0
127
178
0
0
127
179
0
0
127
180
0
0
127
181
0
0
127
182
0
0
127
183
0
0
127
184
0
0
127
185
0
0
127
186
0
0
127
187
0
0
127
188
0
0
127
189
0
0
127
190
0
0
127
191
0
0
127
192
0
0
127
193
0
0
127
194
0
0
127
195
0
0
127
196
0
0
127
197
0
0
127
198
0
0
127
199
0
0
127
200
0
0
127
201
0
0
127
202
0
0
127
203
0
0
127
204
0
0
127
205
0
0
127
206
0
0
127
207
0
0
127
208
0
0
127
209
0
0
127
210
0
0
127
211
0
0
127
212
0
0
127
213
0
0
127
214
0
0
127
215
0
0
127
216
0
0
127
217
0
0
127
218
0
0
127
219
0
0
127
220
0
0
127
221
0
0
127
222
0
0
127
223
0
0
127
224
0
0
127
225
0
0
127
226
0
0
127
227
0
0
127
228
0
0
127
229
0
0
127
230
0
0
127
231
0
0
127
232
0
0
127
233
0
0
127
234
0
0
127
235
0
0
127
236
0
0
127
237
0
0
127
238
0
0
127
239
0
0
127
240
0
0
127
241
0
0
127
242
0
0
127
243
0
0
127
244
0
0
127
245
0
0
127
246
0
0
127
247
0
0
127
248
0
0
127
249
0
0
127
250
0
0
127
251
0
0
127
252
0
0
127
253
0
0
127
254
0
0
127
255
0
0
127
0
0
0
127
1
0
0
127
2
0
0
127
3
0
0
127
4
0
0
127
5
0
0
127
6
0
0
127
7
0
0
127
8
0
0
127
9
0
0
127
10
0
0
127
11
0
0
127
12
0
0
127
13
0
0
127
14
0
0
127
15
0
0
127
16
0
0
127
17
0
0
127
18
0
0
127
19
0
0
127
20
0
0
127
21
0
0
127
22
0
0
127
23
0
0
127
24
0
0
127
25
0
0
127
26
0
0
127
27
0
0
127
28
0
0
127
29
0
0
127
30
0
0
127
31
0
0
127
32
0
0
127
33
0
0
127
34
0
0
127
35
0
0
127
36
0
0
127
37
0
0
127
38
0
0
127
39
0
0
127
40
0
0
127
41
0
0
127
42
0
0
127
43
0
0
127
44
0
0
127
45
0
0
127
46
0
0
127
47
0
0
127
48
0
0
127
49
0
0
127
50
0
0
127
51
0
0
127
52
0
0
127
53
0
0
127
54
0
0
127
55
0
0
127
56
0
0
127
57
0
0
127
58
0
0
127
59
0
0
127
60
0
0
127
61
0
0
127
62
0
0
127
63
0
0
127
64
0
0
127
65
0
0
127
66
0
0
127
67
0
0
127
68
0
0
127
69
0
0
127
70
0
0
127
71
0
0
127
72
0
0
127
73
0
0
127
74
0
0
127
75
0
0
127
76
0
0
127
77
0
0
127
78
0
0
127
79
0
0
127
80
0
0
127
81
0
0
127
82
0
0
127
83
0
0
127
84
0
0
127
85
0
0
127
86
0
0
127
87
0
0
127
88
0
0
127
89
0
0
127
90
0
0
127
91
0
0
127
92
0
0
127
93
0
0
127
94
0
0
127
95
0
0
127
96
0
0
127
97
0
0
127
98
0
0
127
99
0
0
127
100
0
0
127
101
0
0
127
102
0
0
127
103
0
0
127
104
0
0
127
105
0
0
127
106
0
0
127
107
0
0
127
108
0
0
127
109
0
0
127
110
0
0
127
111
0
0
127
112
0
0
127
113
0
0
127
114
0
0
127
115
0
0
127
116
0
0
127
117
0
0
127
118
0
0
127
119
0
0
127
120
0
0
127
121
0
0
127
122
0
0
127
123
0
0
127
124
0
0
127
125
0
0
127
126
0
0
127
127
0
0
127
128
0
0
127
129
0
0
127
130
0
0
127
131
0
0
127
132
0
0
127
133
0
0
127
134
0
0
127
135
0
0
127
136
0
0
127
137
0
0
127
138
0
0
127
139
0
0
127
140
0
0
127
141
0
0
127
142
0
0
127
143
0
0
127
144
0
0
127
145
0
0
127
146
0
0
127
147
0
0
127
148
0
0
127
149
0
0
127
150
0
0
127
151
0
0
127
152
0
0
127
153
0
0
127
154
0
0
127
155
0
0
127
156
0
0
127
157
0
0
127
158
0
0
127
159
0
0
127
160
0
0
127
161
0
0
127
162
0
0
127
163
0
0
127
164
0
0
127
165
0
0
127
166
0
0
127
167
0
0
127
168
0
0
127
169
0
0
127
170
0
0
127
171
0
0
127
172
0
0
127
173
0
0
127
174
0
0
127
175
0
0
127
176
0
0
127
177
0
0
127
178
0
0
127
179
0
0
127
180
0
0
127
181
0
0
127
182
0
0
127
183
0
0
127
184
0
0
127
185
0
0
127
186
0
0
127
187
0
0
127
188
0
0
127
189
0
0
127
190
0
0
127
191
0
0
127
192
0
0
127
193
0
0
127
194
0
0
127
195
0
0
127
196
0
0
127
197
0
0
127
198
0
0
127
199
0
0
127
200
0
0
127
201
0
0
127
202
0
0
127
203
0
0
127
204
0
0
127
205
0
0
127
206
0
0
127
207
0
0
127
208
0
0
127
209
0
0
127
210
0
0
127
211
0
0
127
212
0
0
127
213
0
0
127
214
0
0
127
215
0
0
127
216
0
0
127
217
0
0
127
218
0
0
127
219
0
0
127
220
0
0
127
221
0
0
127
222
0
0
127
223
0
0
127
224
0
0
127
225
0
0
127
226
0
0
127
227
0
0
127
228
0
0
127
229
0
0
127
230
0
0
127
231
0
0
127
232
0
0
127
233
0
0
127
234
0
0
127
235
0
0
127
236
0
0
127
237
0
0
127
238
0
0
127
239
0
0
127
240
0
0
127
241
0
0
127
242
0
0
127
243
0
0
127
244
0
0
127
245
0
0
127
246
0
0
127
247
0
0
127
248
0
0
127
249
0
0
127
250
0
0
127
251
0
0
127
252
0
0
127
253
0
0
127
254
0
0
127
255
0
0
127
0
0
0
127
1
0
0
127
2
0
0
127
3
0
0
127
4
0
0
127
5
0
0
127
6
0
0
127
7
0
0
127
8
0
0
127
9
0
0
127
10
0
0
127
11
0
0
127
12
0
0
127
13
0
0
127
14
0
0
127
15
0
0
127
16
0
0
127
17
0
0
127
18
0
0
127
19
0
0
127
20
0
0
127
21
0
0
127
22
0
0
127
23
0
0
127
24
0
0
127
25
0
0
127
26
0
0
127
27
0
0
127
28
0
0
127
29
0
0
127
30
0
0
127
31
0
0
127
32
0
0
127
33
0
0
127
34
0
0
127
35
0
0
127
36
0
0
127
37
0
0
127
38
0
0
127
39
0
0
127
40
0
0
127
41
0
0
127
42
0
0
127
43
0
0
127
44
0
0
127
45
0
0
127
46
0
0
127
47
0
0
127
48
0
0
127
49
0
0
127
50
0
0
127
51
0
0
127
52
0
0
127
53
0
0
127
54
0
0
127
55
0
0
127
56
0
0
127
57
0
0
127
58
0
0
127
59
0
0
127
60
0
0
127
61
0
0
127
62
0
0
127
63
0
0
127
64
0
0
127
65
0
0
127
66
0
0
127
67
0
0
127
68
0
0
127
69
0
0
127
70
0
0
127
71
0
0
127
72
0
0
127
73
0
0
127
74
0
0
127
75
0
0
127
76
0
0
127
77
0
0
127
78
0
0
127
79
0
0
127
80
0
0
127
81
0
0
127
82
0
0
127
83
0
0
127
84
0
0
127
85
0
0
127
86
0
0
127
87
0
0
127
88
0
0
127
89
0
0
127
90
0
0
127
91
0
0
127
92
0
0
127
93
0
0
127
94
0
0
127
95
0
0
127
96
0
0
127
97
0
0
127
98
0
0
127
99
0
0
127
100
0
0
127
101
0
0
127
102
0
0
127
103
0
0
127
104
0
0
127
105
0
0
127
106
0
0
127
107
0
0
127
108
0
0
127
109
0
0
127
110
0
0
127
111
0
0
127
112
0
0
127
113
0
0
127
114
0
0
127
115
0
0
127
116
0
0
127
117
0
0
127
118
0
0
127
119
0
0
127
120
0
0
127
121
0
0
127
122
0
0
127
123
0
0
127
124
0
0
127
125
0
0
127
126
0
0
127
127
0
0
127
128
0
0
127
129
0
0
127
130
0
0
127
131
0
0
127
132
0
0
127
133
0
0
127
134
0
0
127
135
0
0
127
136
0
0
127
137
0
0
127
138
0
0
127
139
0
0
127
140
0
0
127
141
0
0
127
142
0
0
127
143
0
0
127
144
0
0
127
145
0
0
127
146
0
0
127
147
0
0
127
148
0
0
127
149
0
0
127
150
0
0
127
151
0
0
127
152
0
0
127
153
0
0
127
154
0
0
127
155
0
0
127
156
0
0
127
157
0
0
127
158
0
0
127
159
0
0
127
160
0
0
127
161
0
0
127
162
0
0
127
163
0
0
127
164
0
0
127
165
0
0
127
166
0
0
127
167
0
0
127
168
0
0
127
169
0
0
127
170
0
0
127
171
0
0
127
172
0
0
127
173
0
0
127
174
0
0
127
175
0
0
127
176
0
0
127
177
0
0
127
178
0
0
127
179
0
0
127
180
0
0
127
181
0
0
127
182
0
0
127
183
0
0
127
184
0
0
127
185
0
0
127
186
0
0
127
187
0
0
127
188
0
0
127
189
0
0
127
190
0
0
127
191
0
0
127
192
0
0
127
193
0
0
127
194
0
0
127
195
0
0
127
196
0
0
127
197
0
0
127
198
0
0
127
199
0
0
127
200
0
0
127
201
0
0
127
202
0
0
127
203
0
0
127
204
0
0
127
205
0
0
127
206
0
0
127
207
0
0
127
208
0
0
127
209
0
0
127
210
0
0
127
211
0
0
127
212
0
0
127
213
0
0
127
214
0
0
127
215
0
0
127
216
0
0
127
217
0
0
127
218
0
0
127
219
0
0
127
220
0
0
127
221
0
0
127
222
0
0
127
223
0
0
127
224
0
0
127
225
0
0
127
226
0
0
127
227
0
0
127
228
0
0
127
229
0
0
127
230
0
0
127
231
0
0
127
232
0
0
127
233
0
0
127
234
0
0
127
235
0
0
127
236
0
0
127
237
0
0
127
238
0
0
127
239
0
0
127
240
0
0
127
241
0
0
127
242
0
0
127
243
0
0
127
244
0
0
127
245
0
0
127
246
0
0
127
247
0
0
127
248
0
0
127
249
0
0
127
250
0
0
127
251
0
0
127
252
0
0
127
253
0
0
127
254
0
0
127
255
0
0
127
0
0
0
127
1
0
0
127
2
0
0
127
3
0
0
127
4
0
0
127
5
0
0
127
6
0
0
127
7
0
0
127
8
0
0
127
9
0
0
127
10
0
0
127
11
0
0
127
12
0
0
127
13
0
0
127
14
0
0
127
15
0
0
127
16
0
0
127
17
0
0
127
18
0
0
127
19
0
0
127
20
0
0
127
21
0
0
127
22
0
0
127
23
0
0
127
24
0
0
127
25
0
0
127
26
0
0
127
27
0
0
127
28
0
0
127
29
0
0
127
30
0
0
127
31
0
0
127
32
0
0
127
33
0
0
127
34
0
0
127
35
0
0
127
36
0
0
127
37
0
0
127
38
0
0
127
39
0
0
127
40
0
0
127
41
0
0
127
42
0
0
127
43
0
0
127
44
0
0
127
45
0
0
127
46
0
0
127
47
0
0
127
48
0
0
127
49
0
0
127
50
0
0
127
51
0
0
127
52
0
0
127
53
0
0
127
54
0
0
127
55
0
0
127
56
0
0
127
57
0
0
127
58
0
0
127
59
0
0
127
60
0
0
127
61
0
0
127
62
0
0
127
63
0
0
127
64
0
0
127
65
0
0
127
66
0
0
127
67
0
0
127
68
0
0
127
69
0
0
127
70
0
0
127
71
0
0
127
72
0
0
127
73
0
0
127
74
0
0
127
75
0
0
127
76
0
0
127
77
0
0
127
78
0
0
127
79
0
0
127
80
0
0
127
81
0
0
127
82
0
0
127
83
0
0
127
84
0
0
127
85
0
0
127
86
0
0
127
87
0
0
127
88
0
0
127
89
0
0
127
90
0
0
127
91
0
0
127
92
0
0
127
93
0
0
127
94
0
0
127
95
0
0
127
96
0
0
127
97
0
0
127
98
0
0
127
99
0
0
127
100
0
0
127
101
0
0
127
102
0
0
127
103
0
0
127
104
0
0
127
105
0
0
127
106
0
0
127
107
0
0
127
108
0
0
127
109
0
0
127
110
0
0
127
111
0
0
127
112
0
0
127
113
0
0
127
114
0
0
127
115
0
0
127
116
0
0
127
117
0
0
127
118
0
0
127
119
0
0
127
120
0
0
127
121
0
0
127
122
0
0
127
123
0
0
127
124
0
0
127
125
0
0
127
126
0
0
127
127
0
0
127
128
0
0
127
129
0
0
127
130
0
0
127
131
0
0
127
132
0
0
127
133
0
0
127
134
0
0
127
135
0
0
127
136
0
0
127
137
0
0
127
138
0
0
127
139
0
0
127
140
0
0
127
141
0
0
127
142
0
0
127
143
0
0
127
144
0
0
127
145
0
0
127
146
0
0
127
147
0
0
127
148
0
0
127
149
0
0
127
150
0
0
127
151
0
0
127
152
0
0
127
153
0
0
127
154
0
0
127
155
0
0
127
156
0
0
127
157
0
0
127
158
0
0
127
159
0
0
127
160
0
0
127
161
0
0
127
162
0
0
127
163
0
0
127
164
0
0
127
165
0
0
127
166
0
0
127
167
0
0
127
168
0
0
127
169
0
0
127
170
0
0
127
171
0
0
127
172
0
0
127
173
0
0
127
174
0
0
127
175
0
0
127
176
0
0
127
177
0
0
127
178
0
0
127
179
0
0
127
180
0
0
127
181
0
0
127
182
0
0
127
183
0
0
127
184
0
0
127
185
0
0
127
186
0
0
127
187
0
0
127
188
0
0
127
189
0
0
127
190
0
0
127
191
0
0
127
192
0
0
127
193
0
0
127
194
0
0
127
195
0
0
127
196
0
0
127
197
0
0
127
198
0
0
127
199
0
0
127
200
0
0
127
201
0
0
127
202
0
0
127
203
0
0
127
204
0
0
127
205
0
0
127
206
0
0
127
207
0
0
127
208
0
0
127
209
0
0
127
210
0
0
127
211
0
0
127
212
0
0
127
213
0
0
127
214
0
0
127
215
0
0
127
216
0
0
127
217
0
0
127
218
0
0
127
219
0
0
127
220
0
0
127
221
0
0
127
222
0
0
127
223
0
0
127
224
0
0
127
225
0
0
127
226
0
0
127
227
0
0
127
228
0
0
127
229
0
0
127
230
0
0
127
231
0
0
127
232
0
0
127
233
0
0
127
234
0
0
127
235
0
0
127
236
0
0
127
237
0
0
127
238
0
0
127
239
0
0
127
240
0
0
127
241
0
0
127
242
0
0
127
243
0
0
127
244
0
0
127
245
0
0
127
246
0
0
127
247
0
0
127
248
0
0
127
249
0
0
127
250
0
0
127
251
0
0
127
252
0
0
127
253
0
0
127
254
0
0
127
255
0
0
127
0
0
0
127
1
0
0
127
2
0
0
127
3
0
0
127
4
0
0
127
5
0
0
127
6
0
0
127
7
0
0
127
8
0
0
127
9
0
0
127
10
0
0
127
11
0
0
127
12
0
0
127
13
0
0
127
14
0
0
127
15
0
0
127
16
0
0
127
17
0
0
127
18
0
0
127
19
0
0
127
20
0
0
127
21
0
0
127
22
0
0
127
23
0
0
127
24
0
0
127
25
0
0
127
26
0
0
127
27
0
0
127
28
0
0
127
29
0
0
127
30
0
0
127
31
0
0
127
32
0
0
127
33
0
0
127
34
0
0
127
35
0
0
127
36
0
0
127
37
0
0
127
38
0
0
127
39
0
0
127
40
0
0
127
41
0
0
127
42
0
0
127
43
0
0
127
44
0
0
127
45
0
0
127
46
0
0
127
47
0
0
127
48
0
0
127
49
0
0
127
50
0
0
127
51
0
0
127
52
0
0
127
53
0
0
127
54
0
0
127
55
0
0
127
56
0
0
127
57
0
0
127
58
0
0
127
59
0
0
127
60
0
0
127
61
0
0
127
62
0
0
127
63
0
0
127
64
0
0
127
65
0
0
127
66
0
0
127
67
0
0
127
68
0
0
127
69
0
0
127
70
0
0
127
71
0
0
127
72
0
0
127
73
0
0
127
74
0
0
127
75
0
0
127
76
0
0
127
77
0
0
127
78
0
0
127
79
0
0
127
80
0
0
127
81
0
0
127
82
0
0
127
83
0
0
127
84
0
0
127
85
0
0
127
86
0
0
127
87
0
0
127
88
0
0
127
89
0
0
127
90
0
0
127
91
0
0
127
92
0
0
127
93
0
0
127
94
0
0
127
95
0
0
127
96
0
0
127
97
0
0
127
98
0
0
127
99
0
0
127
100
0
0
127
101
0
0
127
102
0
0
127
103
0
0
127
104
0
0
127
105
0
0
127
106
0
0
127
107
0
0
127
108
0
0
127
109
0
0
127
110
0
0
127
111
0
0
127
112
0
0
127
113
0
0
127
114
0
0
127
115
0
0
127
116
0
0
127
117
0
0
127
118
0
0
127
119
0
0
127
120
0
0
127
121
0
0
127
122
0
0
127
123
0
0
127
124
0
0
127
125
0
0
127
126
0
0
127
127
0
0
127
128
0
0
127
129
0
0
127
130
0
0
127
131
0
0
127
132
0
0
127
133
0
0
127
134
0
0
127
135
0
0
127
136
0
0
127
137
0
0
127
138
0
0
127
139
0
0
127
140
0
0
127
141
0
0
127
142
0
0
127
143
0
0
127
144
0
0
127
145
0
0
127
146
0
0
127
147
0
0
127
148
0
0
127
149
0
0
127
150
0
0
127
151
0
0
127
152
0
0
127
153
0
0
127
154
0
0
127
155
0
0
127
156
0
0
127
157
0
0
127
158
0
0
127
159
0
0
127
160
0
0
127
161
0
0
127
162
0
0
127
163
0
0
127
164
0
0
127
165
0
0
127
166
0
0
127
167
0
0
127
168
0
0
127
169
0
0
127
170
0
0
127
171
0
0
127
172
0
0
127
173
0
0
127
174
0
0
127
175
0
0
127
176
0
0
127
177
0
0
127
178
0
0
127
179
0
0
127
180
0
0
127
181
0
0
127
182
0
0
127
183
0
0
127
184
0
0
127
185
0
0
127
186
0
0
127
187
0
0
127
188
0
0
127
189
0
0
127
190
0
0
127
191
0
0
128
192
0
0
127
193
0
0
127
194
0
0
127
195
0
0
127
196
0
0
127
197
0
0
127
198
0
0
127
199
0
0
128
200
0
0
127
201
0
0
127
202
0
0
127
203
0
0
127
204
0
0
127
205
0
0
127
206
0
0
127
207
0
0
127
208
0
0
127
209
0
0
127
210
0
0
127
211
0
0
127
212
0
0
128
213
0
0
128
214
0
0
127
215
0
0
127
216
0
0
127
217
0
0
127
218
0
0
127
219
0
0
127
220
0
0
127
221
0
0
127
222
0
0
127
223
0
0
127
224
0
0
127
225
0
0
127
226
0
0
127
227
0
0
127
228
0
0
127
229
0
0
127
230
0
0
127
231
0
0
127
232
0
0
127
233
0
0
127
234
0
0
127
235
0
0
127
236
0
0
127
237
0
0
127
238
0
0
127
239
0
0
127
240
0
0
127
241
0
0
127
242
0
0
127
243
0
0
127
244
0
0
127
245
0
0
127
246
0
0
127
247
0
0
127
248
0
0
127
249
0
0
127
250
0
0
127
251
0
0
127
252
0
0
127
253
0
0
127
254
0
0
127
255
0
0
127
0
0
0
127
1
0
0
127
2
0
0
127
3
0
0
127
4
0
0
127
5
0
0
127
6
0
0
127
7
0
0
127
8
0
0
127
9
0
0
127
10
0
0
127
11
0
0
127
12
0
0
127
13
0
0
127
14
0
0
127
15
0
0
127
16
0
0
127
17
0
0
127
18
0
0
127
19
0
0
127
20
0
0
127
21
0
0
127
22
0
0
127
23
0
0
127
24
0
0
127
25
0
0
127
26
0
0
127
27
0
0
127
28
0
0
127
29
0
0
127
30
0
0
127
31
0
0
127
32
0
0
127
33
0
0
127
34
0
0
127
35
0
0
127
36
0
0
127
37
0
0
127
38
0
0
128
39
0
0
128
40
0
0
128
41
0
0
127
42
0
0
127
43
0
0
127
44
0
0
127
45
0
0
127
46
0
0
127
47
0
0
127
48
0
0
127
49
0
0
127
50
0
0
127
51
0
0
127
52
0
0
127
53
0
0
127
54
0
0
127
55
0
0
127
56
0
0
127
57
0
0
127
58
0
0
127
59
0
0
127
60
0
0
127
61
0
0
127
62
0
0
127
63
0
0
128
64
0
0
128
65
0
0
128
66
0
0
127
67
0
0
128
68
0
0
127
69
0
0
127
70
0
0
127
71
0
0
127
72
0
0
127
73
0
0
127
74
0
0
127
75
0
0
127
76
0
0
127
77
0
0
127
78
0
0
127
79
0
0
127
80
0
0
127
81
0
0
127
82
0
0
127
83
0
0
128
84
0
0
128
85
0
0
128
86
0
0
129
87
0
0
129
88
0
0
129
89
0
0
129
90
0
0
128
91
0
0
127
92
0
0
127
93
0
0
127
94
0
0
127
95
0
0
127
96
0
0
127
97
0
0
127
98
0
0
128
99
0
0
128
100
0
0
127
101
0
0
127
102
0
0
127
103
0
0
127
104
0
0
127
105
0
0
127
106
0
0
127
107
0
0
127
108
0
0
127
109
0
0
127
110
0
0
127
111
0
0
127
112
0
0
127
113
0
0
127
114
0
0
127
115
0
0
128
116
0
0
127
117
0
0
127
118
0
0
128
119
0
0
128
120
0
0
128
121
0
0
128
122
0
0
128
123
0
0
127
124
0
0
127
125
0
0
127
126
0
0
127
127
0
0
127
128
0
0
127
129
0
0
127
130
0
0
127
131
0
0
127
132
0
0
127
133
0
0
127
134
0
0
128
135
0
0
127
136
0
0
127
137
0
0
127
138
0
0
128
139
0
0
128
140
0
0
128
141
0
0
127
142
0
0
128
143
0
0
127
144
0
0
127
145
0
0
127
146
0
0
127
147
0
0
127
148
0
0
127
149
0
0
127
150
0
0
127
151
0
0
127
152
0
0
128
153
0
0
128
154
0
0
128
155
0
0
128
156
0
0
128
157
0
0
128
158
0
0
127
159
0
0
127
160
0
0
127
161
0
0
127
162
0
0
127
163
0
0
127
164
0
0
127
165
0
0
127
166
0
0
128
167
0
0
128
168
0
0
128
169
0
0
128
170
0
0
128
171
0
0
128
172
0
0
128
173
0
0
128
174
0
0
128
175
0
0
128
176
0
0
127
177
0
0
127
178
0
0
127
179
0
0
127
180
0
0
128
181
0
0
128
182
0
0
128
183
0
0
128
184
0
0
128
185
0
0
128
186
0
0
128
187
0
0
128
188
0
0
127
189
0
0
127
190
0
0
127
191
0
0
127
192
0
0
128
193
0
0
128
194
0
0
128
195
0
0
128
196
0
0
128
197
0
0
128
198
0
0
128
199
0
0
128
200
0
0
128
201
0
0
128
202
0
0
128
203
0
0
128
204
0
0
127
205
0
0
127
206
0
0
127
207
0
0
128
208
0
0
128
209
0
0
129
210
0
0
130
211
0
0
131
212
0
0
132
213
0
0
132
214
0
0
132
215
0
0
132
216
0
0
132
217
0
0
132
218
0
0
132
219
0
0
131
220
0
0
130
221
0
0
129
222
0
0
129
223
0
0
129
224
0
0
129
225
0
0
129
226
0
0
129
227
0
0
129
228
0
0
130
229
0
0
131
230
0
0
132
231
0
0
133
232
0
0
133
233
0
0
133
234
0
0
132
235
0
0
131
236
0
0
130
237
0
0
129
238
0
0
129
239
0
0
130
240
0
0
131
241
0
0
132
242
0
0
133
243
0
0
134
244
0
0
135
245
0
0
136
246
0
0
137
247
0
0
138
248
0
0
139
249
0
0
139
250
0
0
139
251
0
0
138
252
0
0
138
253
0
0
137
254
0
0
137
255
0
0
138
0
0
0
139
1
0
0
139
2
0
0
139
3
0
0
139
4
0
0
139
5
0
0
139
6
0
0
139
7
0
0
139
8
0
0
139
9
0
0
138
10
0
0
137
11
0
0
136
12
0
0
135
13
0
0
135
14
0
0
135
15
0
0
135
16
0
0
135
17
0
0
135
18
0
0
135
19
0
0
135
20
0
0
135
21
0
0
135
22
0
0
135
23
0
0
135
24
0
0
134
25
0
0
133
26
0
0
132
27
0
0
131
28
0
0
130
29
0
0
130
30
0
0
130
31
0
0
130
32
0
0
130
33
0
0
130
34
0
0
130
35
0
0
130
36
0
0
131
37
0
0
132
38
0
0
132
39
0
0
132
40
0
0
132
41
0
0
132
42
0
0
131
43
0
0
130
44
0
0
129
45
0
0
129
46
0
0
129
47
0
0
129
48
0
0
129
49
0
0
130
50
0
0
131
51
0
0
131
52
0
0
131
53
0
0
131
54
0
0
131
55
0
0
130
56
0
0
129
57
0
0
128
58
0
0
127
59
0
0
127
60
0
0
128
61
0
0
128
62
0
0
128
63
0
0
128
64
0
0
128
65
0
0
128
66
0
0
128
67
0
0
128
68
0
0
128
69
0
0
128
70
0
0
128
71
0
0
127
72
0
0
127
73
0
0
127
74
0
0
127
75
0
0
127
76
0
0
127
77
0
0
128
78
0
0
128
79
0
0
128
80
0
0
128
81
0
0
128
82
0
0
128
83
0
0
128
84
0
0
128
85
0
0
127
86
0
0
127
87
0
0
127
88
0
0
127
89
0
0
127
90
0
0
127
91
0
0
128
92
0
0
127
93
0
0
127
94
0
0
128
95
0
0
128
96
0
0
128
97
0
0
129
98
0
0
130
99
0
0
130
100
0
0
130
101
0
0
129
102
0
0
128
103
0
0
127
104
0
0
127
105
0
0
127
106
0
0
127
107
0
0
127
108
0
0
127
109
0
0
127
110
0
0
128
111
0
0
128
112
0
0
128
113
0
0
128
114
0
0
128
115
0
0
129
116
0
0
129
117
0
0
129
118
0
0
129
119
0
0
128
120
0
0
127
121
0
0
127
122
0
0
127
123
0
0
127
124
0
0
127
125
0
0
127
126
0
0
127
127
0
0
127
128
0
0
127
129
0
0
127
130
0
0
127
131
0
0
128
132
0
0
127
133
0
0
127
134
0
0
127
135
0
0
127
136
0
0
127
137
0
0
127
138
0
0
127
139
0
0
127
140
0
0
127
141
0
0
127
142
0
0
127
143
0
0
127
144
0
0
127
145
0
0
127
146
0
0
127
147
0
0
127
148
0
0
127
149
0
0
127
150
0
0
127
151
0
0
127
152
0
0
127
153
0
0
127
154
0
0
127
155
0
0
127
156
0
0
127
157
0
0
127
158
0
0
127
159
0
0
127
160
0
0
127
161
0
0
127
162
0
0
127
163
0
0
127
164
0
0
127
165
0
0
127
166
0
0
127
167
0
0
127
168
0
0
127
169
0
0
127
170
0
0
127
171
0
0
127
172
0
0
127
173
0
0
127
174
0
0
127
175
0
0
127
176
0
0
127
177
0
0
127
178
0
0
127
179
0
0
127
180
0
0
128
181
0
0
127
182
0
0
127
183
0
0
127
184
0
0
127
185
0
0
127
186
0
0
127
187
0
0
127
188
0
0
127
189
0
0
127
190
0
0
127
191
0
0
127
192
0
0
127
193
0
0
127
194
0
0
127
195
0
0
127
196
0
0
127
197
0
0
127
198
0
0
127
199
0
0
127
200
0
0
127
201
0
0
127
202
0
0
127
203
0
0
127
204
0
0
127
205
0
0
127
206
0
0
127
207
0
0
127
208
0
0
127
209
0
0
127
210
0
0
127
211
0
0
127
212
0
0
127
213
0
0
127
214
0
0
127
215
0
0
127
216
0
0
127
217
0
0
127
218
0
0
127
219
0
0
127
220
0
0
127
221
0
0
127
222
0
0
127
223
0
0
127
224
0
0
127
225
0
0
127
226
0
0
127
227
0
0
128
228
0
0
127
229
0
0
127
230
0
0
127
231
0
0
127
232
0
0
127
233
0
0
127
234
0
0
127
235
0
0
127
236
0
0
127
237
0
0
127
238
0
0
127
239
0
0
127
240
0
0
127
241
0
0
127
242
0
0
127
243
0
0
127
244
0
0
127
245
0
0
127
246
0
0
127
247
0
0
127
248
0
0
127
249
0
0
127
250
0
0
127
251
0
0
127
252
0
0
127
253
0
0
127
254
0
0
127
255
0
0
127
0
0
0
127
1
0
0
127
2
0
0
127
3
0
0
127
4
0
0
127
5
0
0
127
6
0
0
127
7
0
0
127
8
0
0
127
9
0
0
127
10
0
0
127
11
0
0
127
12
0
0
127
13
0
0
127
14
0
0
127
15
0
0
127
16
0
0
127
17
0
0
127
18
0
0
127
19
0
0
127
20
0
0
127
21
0
0
127
22
0
0
127
23
0
0
127
24
0
0
127
25
0
0
127
26
0
0
127
27
0
0
127
28
0
0
127
29
0
0
127
30
0
0
127
31
0
0
127
32
0
0
127
33
0
0
127
34
0
0
127
35
0
0
127
36
0
0
127
37
0
0
127
38
0
0
127
39
0
0
127
40
0
0
127
41
0
0
127
42
0
0
127
43
0
0
127
44
0
0
127
45
0
0
127
46
0
0
127
47
0
0
127
48
0
0
127
49
0
0
127
50
0
0
127
51
0
0
127
52
0
0
127
53
0
0
127
54
0
0
127
55
0
0
127
56
0
0
127
57
0
0
127
58
0
0
127
59
0
0
127
60
0
0
127
61
0
0
127
62
0
0
127
63
0
0
127
64
0
0
127
65
0
0
127
66
0
0
127
67
0
0
127
68
0
0
127
69
0
0
127
70
0
0
127
71
0
0
127
72
0
0
127
73
0
0
127
74
0
0
127
75
0
0
127
76
0
0
127
77
0
0
127
78
0
0
127
79
0
0
127
80
0
0
127
81
0
0
127
82
0
0
128
83
0
0
128
84
0
0
128
85
0
0
128
86
0
0
128
87
0
0
127
88
0
0
127
89
0
0
127
90
0
0
127
91
0
0
127
92
0
0
127
93
0
0
127
94
0
0
127
95
0
0
127
96
0
0
127
97
0
0
127
98
0
0
127
99
0
0
127
100
0
0
127
101
0
0
127
102
0
0
127
103
0
0
127
104
0
0
127
105
0
0
127
106
0
0
127
107
0
0
127
108
0
0
127
109
0
0
127
110
0
0
127
111
0
0
127
112
0
0
127
113
0
0
127
114
0
0
127
115
0
0
127
116
0
0
127
117
0
0
128
118
0
0
128
119
0
0
127
120
0
0
127
121
0
0
127
122
0
0
127
123
0
0
127
124
0
0
127
125
0
0
127
126
0
0
127
127
0
0
127
128
0
0
127
129
0
0
127
130
0
0
127
131
0
0
127
132
0
0
127
133
0
0
127
134
0
0
127
135
0
0
128
136
0
0
128
137
0
0
129
138
0
0
129
139
0
0
129
140
0
0
128
141
0
0
127
142
0
0
127
143
0
0
127
144
0
0
127
145
0
0
127
146
0
0
127
147
0
0
127
148
0
0
127
149
0
0
127
150
0
0
127
151
0
0
127
152
0
0
127
153
0
0
127
154
0
0
127
155
0
0
127
156
0
0
127
157
0
0
127
158
0
0
127
159
0
0
127
160
0
0
127
161
0
0
127
162
0
0
127
163
0
0
127
164
0
0
127
165
0
0
127
166
0
0
127
167
0
0
127
168
0
0
127
169
0
0
127
170
0
0
127
171
0
0
127
172
0
0
128
173
0
0
127
174
0
0
127
175
0
0
127
176
0
0
127
177
0
0
127
178
0
0
127
179
0
0
127
180
0
0
127
181
0
0
127
182
0
0
127
183
0
0
127
184
0
0
127
185
0
0
127
186
0
0
127
187
0
0
127
188
0
0
127
189
0
0
127
190
0
0
127
191
0
0
127
192
0
0
127
193
0
0
127
194
0
0
127
195
0
0
127
196
0
0
127
197
0
0
127
198
0
0
127
199
0
0
127
200
0
0
127
201
0
0
127
202
0
0
127
203
0
0
127
204
0
0
128
205
0
0
128
206
0
0
128
207
0
0
127
208
0
0
127
209
0
0
127
210
0
0
127
211
0
0
127
212
0
0
127
213
0
0
127
214
0
0
127
215
0
0
127
216
0
0
127
217
0
0
128
218
0
0
128
219
0
0
127
220
0
0
127
221
0
0
127
222
0
0
127
223
0
0
127
224
0
0
127
225
0
0
127
226
0
0
127
227
0
0
127
228
0
0
127
229
0
0
128
230
0
0
128
231
0
0
128
232
0
0
128
233
0
0
128
234
0
0
127
235
0
0
127
236
0
0
127
237
0
0
127
238
0
0
127
239
0
0
127
240
0
0
127
241
0
0
127
242
0
0
127
243
0
0
127
244
0
0
127
245
0
0
127
246
0
0
127
247
0
0
127
248
0
0
127
249
0
0
127
250
0
0
127
251
0
0
128
252
0
0
128
253
0
0
127
254
0
0
127
255
0
0
127
0
0
0
127
1
0
0
127
2
0
0
128
3
0
0
128
4
0
0
127
5
0
0
127
6
0
0
127
7
0
0
127
8
0
0
128
9
0
0
128
10
0
0
128
11
0
0
127
12
0
0
127
13
0
0
127
14
0
0
127
15
0
0
127
16
0
0
127
17
0
0
128
18
0
0
127
19
0
0
127
20
0
0
127
21
0
0
127
22
0
0
128
23
0
0
128
24
0
0
128
25
0
0
128
26
0
0
127
27
0
0
127
28
0
0
127
29
0
0
127
30
0
0
127
31
0
0
127
32
0
0
127
33
0
0
127
34
0
0
127
35
0
0
127
36
0
0
127
37
0
0
127
38
0
0
127
39
0
0
127
40
0
0
127
41
0
0
127
42
0
0
127
43
0
0
127
44
0
0
127
45
0
0
127
46
0
0
127
47
0
0
127
48
0
0
127
49
0
0
127
50
0
0
127
51
0
0
127
52
0
0
127
53
0
0
127
54
0
0
127
55
0
0
127
56
0
0
127
57
0
0
127
58
0
0
127
59
0
0
127
60
0
0
127
61
0
0
127
62
0
0
127
63
0
0
127
64
0
0
127
65
0
0
127
66
0
0
127
67
0
0
127
68
0
0
127
69
0
0
127
70
0
0
127
71
0
0
127
72
0
0
127
73
0
0
127
74
0
0
127
75
0
0
127
76
0
0
127
77
0
0
127
78
0
0
128
79
0
0
128
80
0
0
128
81
0
0
128
82
0
0
127
83
0
0
127
84
0
0
128
85
0
0
127
86
0
0
127
87
0
0
127
88
0
0
127
89
0
0
128
90
0
0
128
91
0
0
127
92
0
0
127
93
0
0
127
94
0
0
127
95
0
0
127
96
0
0
127
97
0
0
127
98
0
0
127
99
0
0
127
100
0
0
127
101
0
0
127
102
0
0
127
103
0
0
127
104
0
0
127
105
0
0
127
106
0
0
127
107
0
0
127
108
0
0
127
109
0
0
127
110
0
0
127
111
0
0
127
112
0
0
127
113
0
0
128
114
0
0
128
115
0
0
127
116
0
0
127
117
0
0
127
118
0
0
127
119
0
0
127
120
0
0
127
121
0
0
127
122
0
0
127
123
0
0
127
124
0
0
127
125
0
0
127
126
0
0
127
127
0
0
127
128
0
0
127
129
0
0
127
130
0
0
127
131
0
0
127
132
0
0
127
133
0
0
127
134
0
0
127
135
0
0
127
136
0
0
127
137
0
0
127
138
0
0
127
139
0
0
127
140
0
0
127
141
0
0
127
142
0
0
127
143
0
0
127
144
0
0
127
145
0
0
127
146
0
0
127
147
0
0
127
148
0
0
127
149
0
0
127
150
0
0
127
151
0
0
127
152
0
0
127
153
0
0
127
154
0
0
127
155
0
0
127
156
0
0
127
157
0
0
127
158
0
0
127
159
0
0
127
160
0
0
127
161
0
0
127
162
0
0
127
163
0
0
127
164
0
0
127
165
0
0
127
166
0
0
127
167
0
0
127
168
0
0
127
169
0
0
127
170
0
0
127
171
0
0
127
172
0
0
127
173
0
0
127
174
0
0
127
175
0
0
128
176
0
0
127
177
0
0
127
178
0
0
127
179
0
0
127
180
0
0
127
181
0
0
127
182
0
0
127
183
0
0
127
184
0
0
127
185
0
0
127
186
0
0
127
187
0
0
127
188
0
0
127
189
0
0
127
190
0
0
128
191
0
0
127
192
0
0
127
193
0
0
127
194
0
0
127
195
0
0
127
196
0
0
127
197
0
0
127
198
0
0
127
199
0
0
127
200
0
0
127
201
0
0
127
202
0
0
128
203
0
0
128
204
0
0
128
205
0
0
127
206
0
0
127
207
0
0
127
208
0
0
127
209
0
0
127
210
0
0
127
211
0
0
127
212
0
0
127
213
0
0
127
214
0
0
127
215
0
0
127
216
0
0
127
217
0
0
127
218
0
0
127
219
0
0
127
220
0
0
127
221
0
0
127
222
0
0
127
223
0
0
127
224
0
0
127
225
0
0
127
226
0
0
127
227
0
0
127
228
0
0
127
229
0
0
127
230
0
0
127
231
0
0
127
232
0
0
127
233
0
0
127
234
0
0
127
235
0
0
128
236
0
0
128
237
0
0
128
238
0
0
128
239
0
0
127
240
0
0
127
241
0
0
127
242
0
0
127
243
0
0
127
244
0
0
127
245
0
0
127
246
0
0
127
247
0
0
127
248
0
0
127
249
0
0
128
250
0
0
128
251
0
0
127
252
0
0
127
253
0
0
127
254
0
0
127
255
0
0
127
0
0
0
128
1
0
0
128
2
0
0
128
3
0
0
128
4
0
0
128
5
0
0
128
6
0
0
128
7
0
0
127
8
0
0
127
9
0
0
127
10
0
0
127
11
0
0
127
12
0
0
127
13
0
0
127
14
0
0
127
15
0
0
127
16
0
0
127
17
0
0
127
18
0
0
127
19
0
0
127
20
0
0
127
21
0
0
127
22
0
0
127
23
0
0
127
24
0
0
127
25
0
0
127
26
0
0
127
27
0
0
127
28
0
0
127
29
0
0
127
30
0
0
127
31
0
0
127
32
0
0
127
33
0
0
127
34
0
0
127
35
0
0
127
36
0
0
127
37
0
0
127
38
0
0
127
39
0
0
127
40
0
0
127
41
0
0
127
42
0
0
127
43
0
0
127
44
0
0
127
45
0
0
127
46
0
0
127
47
0
0
127
48
0
0
127
49
0
0
127
50
0
0
127
51
0
0
127
52
0
0
127
53
0
0
127
54
0
0
127
55
0
0
127
56
0
0
128
57
0
0
128
58
0
0
129
59
0
0
130
60
0
0
130
61
0
0
130
62
0
0
130
63
0
0
129
64
0
0
129
65
0
0
129
66
0
0
129
67
0
0
128
68
0
0
128
69
0
0
127
70
0
0
127
71
0
0
128
72
0
0
127
73
0
0
127
74
0
0
127
75
0
0
127
76
0
0
127
77
0
0
127
78
0
0
127
79
0
0
127
80
0
0
127
81
0
0
127
82
0
0
128
83
0
0
127
84
0
0
127
85
0
0
127
86
0
0
127
87
0
0
127
88
0
0
127
89
0
0
127
90
0
0
128
91
0
0
128
92
0
0
128
93
0
0
128
94
0
0
127
95
0
0
127
96
0
0
127
97
0
0
127
98
0
0
127
99
0
0
127
100
0
0
127
101
0
0
127
102
0
0
127
103
0
0
127
104
0
0
127
105
0
0
127
106
0
0
127
107
0
0
127
108
0
0
127
109
0
0
127
110
0
0
127
111
0
0
127
112
0
0
127
113
0
0
127
114
0
0
127
115
0
0
128
116
0
0
129
117
0
0
131
118
0
0
135
119
0
0
140
120
0
0
145
121
0
0
151
122
0
0
157
123
0
0
163
124
0
0
168
125
0
0
171
126
0
0
173
127
0
0
173
128
0
0
173
129
0
0
173
130
0
0
173
131
0
0
173
132
0
0
173
133
0
0
173
134
0
0
173
135
0
0
173
136
0
0
173
137
0
0
172
138
0
0
171
139
0
0
170
140
0
0
169
141
0
0
168
142
0
0
167
143
0
0
166
144
0
0
166
145
0
0
166
146
0
0
165
147
0
0
164
148
0
0
163
149
0
0
162
150
0
0
162
151
0
0
162
152
0
0
162
153
0
0
163
154
0
0
164
155
0
0
165
156
0
0
166
157
0
0
166
158
0
0
166
159
0
0
165
160
0
0
165
161
0
0
164
162
0
0
164
163
0
0
163
164
0
0
162
165
0
0
161
166
0
0
160
167
0
0
160
168
0
0
160
169
0
0
161
170
0
0
162
171
0
0
163
172
0
0
164
173
0
0
165
174
0
0
165
175
0
0
165
176
0
0
165
177
0
0
165
178
0
0
165
179
0
0
165
180
0
0
165
181
0
0
164
182
0
0
163
183
0
0
162
184
0
0
161
185
0
0
160
186
0
0
159
187
0
0
158
188
0
0
158
189
0
0
158
190
0
0
157
191
0
0
156
192
0
0
155
193
0
0
154
194
0
0
154
195
0
0
154
196
0
0
154
197
0
0
154
198
0
0
155
199
0
0
156
200
0
0
158
201
0
0
160
202
0
0
163
203
0
0
166
204
0
0
169
205
0
0
172
206
0
0
174
207
0
0
175
208
0
0
175
209
0
0
175
210
0
0
174
211
0
0
173
212
0
0
172
213
0
0
172
214
0
0
172
215
0
0
172
216
0
0
173
217
0
0
176
218
0
0
180
219
0
0
187
220
0
0
196
221
0
0
206
222
0
0
216
223
0
0
226
224
0
0
236
225
0
0
245
226
0
0
253
227
0
1
2
228
0
1
3
229
0
1
4
230
0
1
7
231
0
1
12
232
0
1
17
233
0
1
22
234
0
1
25
235
0
1
27
236
0
1
28
237
0
1
28
238
0
1
27
239
0
1
26
240
0
1
26
241
0
1
26
242
0
1
27
243
0
1
28
244
0
1
30
245
0
1
32
246
0
1
34
247
0
1
36
248
0
1
38
249
0
1
39
250
0
1
39
251
0
1
40
252
0
1
42
253
0
1
45
254
0
1
49
255
0
1
52
0
0
1
55
1
0
1
57
2
0
1
59
3
0
1
60
4
0
1
60
5
0
1
59
6
0
1
58
7
0
1
57
8
0
1
57
9
0
1
58
10
0
1
60
11
0
1
62
12
0
1
65
13
0
1
67
14
0
1
67
15
0
1
66
16
0
1
65
17
0
1
64
18
0
1
63
19
0
1
62
20
0
1
61
21
0
1
60
22
0
1
59
23
0
1
58
24
0
1
56
25
0
1
55
26
0
1
54
27
0
1
54
28
0
1
54
29
0
1
54
30
0
1
54
31
0
1
53
32
0
1
51
33
0
1
50
34
0
1
49
35
0
1
49
36
0
1
49
37
0
1
49
38
0
1
48
39
0
1
47
40
0
1
46
41
0
1
45
42
0
1
44
43
0
1
43
44
0
1
42
45
0
1
43
46
0
1
46
47
0
1
50
48
0
1
55
49
0
1
60
50
0
1
65
51
0
1
69
52
0
1
72
53
0
1
74
54
0
1
76
55
0
1
77
56
0
1
77
57
0
1
76
58
0
1
75
59
0
1
74
60
0
1
74
61
0
1
75
62
0
1
77
63
0
1
80
64
0
1
83
65
0
1
85
66
0
1
85
67
0
1
86
68
0
1
90
69
0
1
97
70
0
1
105
71
0
1
113
72
0
1
121
73
0
1
128
74
0
1
134
75
0
1
138
76
0
1
139
77
0
1
142
78
0
1
150
79
0
1
162
80
0
1
178
81
0
1
195
82
0
1
214
83
0
1
234
84
0
1
254
85
0
2
17
86
0
2
31
87
0
2
39
88
0
2
41
89
0
2
42
90
0
2
44
91
0
2
48
92
0
2
54
93
0
2
61
94
0
2
68
95
0
2
75
96
0
2
81
97
0
2
87
98
0
2
93
99
0
2
98
100
0
2
102
101
0
2
104
102
0
2
103
103
0
2
103
104
0
2
107
105
0
2
114
106
0
2
124
107
0
2
136
108
0
2
147
109
0
2
156
110
0
2
161
111
0
2
161
112
0
2
160
113
0
2
159
114
0
2
159
115
0
2
160
116
0
2
163
117
0
2
166
118
0
2
169
119
0
2
171
120
0
2
171
121
0
2
169
122
0
2
166
123
0
2
162
124
0
2
157
125
0
2
154
126
0
2
154
127
0
2
155
128
0
2
156
129
0
2
155
130
0
2
152
131
0
2
149
132
0
2
146
133
0
2
143
134
0
2
141
135
0
2
140
136
0
2
139
137
0
2
137
138
0
2
133
139
0
2
129
140
0
2
125
141
0
2
122
142
0
2
120
143
0
2
119
144
0
2
119
145
0
2
119
146
0
2
120
147
0
2
122
148
0
2
123
149
0
2
122
150
0
2
121
151
0
2
121
152
0
2
122
153
0
2
122
154
0
2
122
155
0
2
123
156
0
2
124
157
0
2
126
158
0
2
127
159
0
2
127
160
0
2
128
161
0
2
129
162
0
2
132
163
0
2
135
164
0
2
137
165
0
2
139
166
0
2
140
167
0
2
139
168
0
2
137
169
0
2
134
170
0
2
131
171
0
2
127
172
0
2
123
173
0
2
119
174
0
2
116
175
0
2
113
176
0
2
111
177
0
2
111
178
0
2
114
179
0
2
119
180
0
2
125
181
0
2
128
182
0
2
128
183
0
2
131
184
0
2
137
185
0
2
145
186
0
2
152
187
0
2
159
188
0
2
167
189
0
2
176
190
0
2
185
191
0
2
191
192
0
2
193
193
0
2
192
194
0
2
189
195
0
2
187
196
0
2
189
197
0
2
197
198
0
2
213
199
0
2
237
200
0
3
10
201
0
3
41
202
0
3
72
203
0
3
100
204
0
3
122
205
0
3
135
206
0
3
139
207
0
3
146
208
0
3
159
209
0
3
177
210
0
3
195
211
0
3
210
212
0
3
223
213
0
3
236
214
0
3
249
215
0
4
5
216
0
4
14
217
0
4
19
218
0
4
20
219
0
4
17
220
0
4
14
221
0
4
15
222
0
4
22
223
0
4
36
224
0
4
55
225
0
4
76
226
0
4
94
227
0
4
107
228
0
4
113
229
0
4
113
230
0
4
112
231
0
4
111
232
0
4
111
233
0
4
111
234
0
4
112
235
0
4
114
236
0
4
118
237
0
4
123
238
0
4
128
239
0
4
130
240
0
4
129
241
0
4
124
242
0
4
119
243
0
4
115
244
0
4
113
245
0
4
113
246
0
4
115
247
0
4
116
248
0
4
115
249
0
4
111
250
0
4
106
251
0
4
101
252
0
4
96
253
0
4
91
254
0
4
84
255
0
4
77
0
0
4
71
1
0
4
65
2
0
4
58
3
0
4
52
4
0
4
47
5
0
4
45
6
0
4
44
7
0
4
43
8
0
4
40
9
0
4
35
10
0
4
29
11
0
4
22
12
0
4
14
13
0
4
9
14
0
4
6
15
0
4
6
16
0
4
7
17
0
4
9
18
0
4
12
19
0
4
14
20
0
4
14
21
0
4
11
22
0
4
8
23
0
4
6
24
0
4
5
25
0
4
3
26
0
3
255
27
0
3
250
28
0
3
245
29
0
3
241
30
0
3
238
31
0
3
236
32
0
3
234
33
0
3
230
34
0
3
225
35
0
3
219
36
0
3
213
37
0
3
208
38
0
3
205
39
0
3
205
40
0
3
208
41
0
3
213
42
0
3
217
43
0
3
218
44
0
3
215
45
0
3
214
46
0
3
216
47
0
3
220
48
0
3
225
49
0
3
230
50
0
3
236
51
0
3
244
52
0
3
254
53
0
4
7
54
0
4
11
55
0
4
11
56
0
4
8
57
0
4
3
58
0
4
0
59
0
4
4
60
0
4
16
61
0
4
35
62
0
4
59
63
0
4
88
64
0
4
121
65
0
4
154
66
0
4
182
67
0
4
200
68
0
4
205
69
0
4
212
70
0
4
225
71
0
4
244
72
0
5
8
73
0
5
26
74
0
5
42
75
0
5
57
76
0
5
72
77
0
5
84
78
0
5
92
79
0
5
95
80
0
5
95
81
0
5
93
82
0
5
87
83
0
5
84
84
0
5
89
85
0
5
103
86
0
5
125
87
0
5
151
88
0
5
175
89
0
5
194
90
0
5
204
91
0
5
204
92
0
5
203
93
0
5
205
94
0
5
211
95
0
5
220
96
0
5
228
97
0
5
233
98
0
5
233
99
0
5
231
100
0
5
228
101
0
5
225
102
0
5
221
103
0
5
213
104
0
5
206
105
0
5
203
106
0
5
202
107
0
5
203
108
0
5
204
109
0
5
204
110
0
5
202
111
0
5
195
112
0
5
189
113
0
5
187
114
0
5
188
115
0
5
189
116
0
5
187
117
0
5
180
118
0
5
173
119
0
5
167
120
0
5
162
121
0
5
158
122
0
5
155
123
0
5
154
124
0
5
154
125
0
5
152
126
0
5
148
127
0
5
142
128
0
5
134
129
0
5
125
130
0
5
116
131
0
5
109
132
0
5
106
133
0
5
107
134
0
5
111
135
0
5
117
136
0
5
123
137
0
5
127
138
0
5
126
139
0
5
121
140
0
5
115
141
0
5
107
142
0
5
100
143
0
5
95
144
0
5
90
145
0
5
83
146
0
5
76
147
0
5
69
148
0
5
64
149
0
5
60
150
0
5
54
151
0
5
46
152
0
5
38
153
0
5
32
154
0
5
27
155
0
5
22
156
0
5
16
157
0
5
9
158
0
5
1
159
0
4
249
160
0
4
242
161
0
4
234
162
0
4
229
163
0
4
228
164
0
4
232
165
0
4
237
166
0
4
241
167
0
4
242
168
0
4
241
169
0
4
242
170
0
4
245
171
0
4
248
172
0
4
246
173
0
4
242
174
0
4
239
175
0
4
237
176
0
4
237
177
0
4
241
178
0
4
252
179
0
5
15
180
0
5
39
181
0
5
67
182
0
5
96
183
0
5
121
184
0
5
139
185
0
5
146
186
0
5
148
187
0
5
155
188
0
5
169
189
0
5
186
190
0
5
203
191
0
5
215
192
0
5
223
193
0
5
230
194
0
5
238
195
0
5
247
196
0
5
255
197
0
6
4
198
0
6
5
199
0
6
1
200
0
5
251
201
0
5
251
202
0
6
4
203
0
6
20
204
0
6
42
205
0
6
66
206
0
6
85
207
0
6
95
208
0
6
94
209
0
6
91
210
0
6
90
211
0
6
90
212
0
6
92
213
0
6
97
214
0
6
102
215
0
6
104
216
0
6
102
217
0
6
96
218
0
6
88
219
0
6
80
220
0
6
71
221
0
6
62
222
0
6
56
223
0
6
55
224
0
6
57
225
0
6
58
226
0
6
55
227
0
6
48
228
0
6
39
229
0
6
29
230
0
6
21
231
0
6
17
232
0
6
16
233
0
6
14
234
0
6
7
235
0
6
0
236
0
5
250
237
0
5
246
238
0
5
242
239
0
5
239
240
0
5
238
241
0
5
238
242
0
5
238
243
0
5
238
244
0
5
237
245
0
5
233
246
0
5
225
247
0
5
218
248
0
5
214
249
0
5
212
250
0
5
211
251
0
5
210
252
0
5
211
253
0
5
216
254
0
5
225
255
0
5
233
0
0
5
238
1
0
5
237
2
0
5
232
3
0
5
225
4
0
5
217
5
0
5
207
6
0
5
199
7
0
5
193
8
0
5
189
9
0
5
184
10
0
5
177
11
0
5
169
12
0
5
160
13
0
5
151
14
0
5
144
15
0
5
140
16
0
5
137
17
0
5
132
18
0
5
125
19
0
5
120
20
0
5
117
21
0
5
116
22
0
5
117
23
0
5
121
24
0
5
129
25
0
5
138
26
0
5
146
27
0
5
149
28
0
5
145
29
0
5
138
30
0
5
130
31
0
5
124
32
0
5
121
33
0
5
115
34
0
5
111
35
0
5
111
36
0
5
114
37
0
5
119
38
0
5
125
39
0
5
135
40
0
5
149
41
0
5
168
42
0
5
191
43
0
5
214
44
0
5
232
45
0
5
241
46
0
5
241
47
0
5
242
48
0
5
248
49
0
6
4
50
0
6
20
51
0
6
38
52
0
6
56
53
0
6
71
54
0
6
82
55
0
6
88
56
0
6
90
57
0
6
87
58
0
6
81
59
0
6
73
60
0
6
64
61
0
6
59
62
0
6
62
63
0
6
75
64
0
6
95
65
0
6
118
66
0
6
140
67
0
6
158
68
0
6
169
69
0
6
170
70
0
6
168
71
0
6
169
72
0
6
176
73
0
6
186
74
0
6
198
75
0
6
209
76
0
6
216
77
0
6
218
78
0
6
215
79
0
6
208
80
0
6
198
81
0
6
187
82
0
6
176
83
0
6
168
84
0
6
165
85
0
6
165
86
0
6
166
87
0
6
167
88
0
6
166
89
0
6
164
90
0
6
160
91
0
6
152
92
0
6
147
93
0
6
147
94
0
6
150
95
0
6
151
96
0
6
147
97
0
6
139
98
0
6
131
99
0
6
125
100
0
6
122
101
0
6
122
102
0
6
124
103
0
6
128
104
0
6
130
105
0
6
129
106
0
6
123
107
0
6
114
108
0
6
105
109
0
6
96
110
0
6
89
111
0
6
86
112
0
6
87
113
0
6
91
114
0
6
96
115
0
6
101
116
0
6
104
117
0
6
105
118
0
6
104
119
0
6
101
120
0
6
95
121
0
6
86
122
0
6
79
123
0
6
74
124
0
6
70
125
0
6
65
126
0
6
58
127
0
6
49
128
0
6
39
129
0
6
28
130
0
6
17
131
0
6
5
132
0
5
250
133
0
5
243
134
0
5
237
135
0
5
232
136
0
5
225
137
0
5
219
138
0
5
219
139
0
5
225
140
0
5
236
141
0
5
247
142
0
6
0
143
0
6
5
144
0
6
8
145
0
6
9
146
0
6
8
147
0
6
4
148
0
5
254
149
0
5
246
150
0
5
238
151
0
5
231
152
0
5
228
153
0
5
230
154
0
5
238
155
0
5
253
156
0
6
16
157
0
6
36
158
0
6
56
159
0
6
74
160
0
6
90
161
0
6
103
162
0
6
110
163
0
6
108
164
0
6
110
165
0
6
120
166
0
6
136
167
0
6
153
168
0
6
169
169
0
6
184
170
0
6
200
171
0
6
216
172
0
6
226
173
0
6
226
174
0
6
222
175
0
6
217
176
0
6
210
177
0
6
202
178
0
6
198
179
0
6
201
180
0
6
213
181
0
6
233
182
0
7
0
183
0
7
20
184
0
7
33
185
0
7
36
186
0
7
31
187
0
7
25
188
0
7
23
189
0
7
27
190
0
7
37
191
0
7
51
192
0
7
63
193
0
7
69
194
0
7
67
195
0
7
60
196
0
7
51
197
0
7
42
198
0
7
32
199
0
7
23
200
0
7
16
201
0
7
12
202
0
7
10
203
0
7
7
204
0
7
2
205
0
6
251
206
0
6
244
207
0
6
237
208
0
6
227
209
0
6
218
210
0
6
213
211
0
6
210
212
0
6
207
213
0
6
201
214
0
6
191
215
0
6
182
216
0
6
175
217
0
6
170
218
0
6
168
219
0
6
168
220
0
6
170
221
0
6
171
222
0
6
169
223
0
6
162
224
0
6
154
225
0
6
147
226
0
6
141
227
0
6
136
228
0
6
133
229
0
6
133
230
0
6
135
231
0
6
138
232
0
6
139
233
0
6
138
234
0
6
134
235
0
6
130
236
0
6
126
237
0
6
121
238
0
6
113
239
0
6
104
240
0
6
96
241
0
6
89
242
0
6
82
243
0
6
75
244
0
6
67
245
0
6
58
246
0
6
48
247
0
6
38
248
0
6
29
249
0
6
21
250
0
6
15
251
0
6
10
252
0
6
6
253
0
6
0
254
0
5
249
255
0
5
248
0
0
5
254
1
0
6
10
2
0
6
23
3
0
6
36
4
0
6
46
5
0
6
53
6
0
6
55
7
0
6
54
8
0
6
50
9
0
6
43
10
0
6
34
11
0
6
28
12
0
6
25
13
0
6
25
14
0
6
27
15
0
6
34
16
0
6
48
17
0
6
69
18
0
6
95
19
0
6
121
20
0
6
142
21
0
6
154
22
0
6
158
23
0
6
154
24
0
6
150
25
0
6
152
26
0
6
162
27
0
6
178
28
0
6
196
29
0
6
211
30
0
6
223
31
0
6
233
32
0
6
242
33
0
6
248
34
0
6
247
35
0
6
241
36
0
6
234
37
0
6
227
38
0
6
222
39
0
6
223
40
0
6
233
41
0
6
251
42
0
7
16
43
0
7
34
44
0
7
46
45
0
7
50
46
0
7
46
47
0
7
40
48
0
7
37
49
0
7
39
50
0
7
46
51
0
7
56
52
0
7
66
53
0
7
72
54
0
7
72
55
0
7
66
56
0
7
57
57
0
7
49
58
0
7
42
59
0
7
37
60
0
7
34
61
0
7
32
62
0
7
30
63
0
7
27
64
0
7
22
65
0
7
15
66
0
7
6
67
0
6
251
68
0
6
243
69
0
6
239
70
0
6
236
71
0
6
233
72
0
6
228
73
0
6
222
74
0
6
215
75
0
6
206
76
0
6
198
77
0
6
195
78
0
6
197
79
0
6
201
80
0
6
206
81
0
6
210
82
0
6
212
83
0
6
210
84
0
6
205
85
0
6
196
86
0
6
185
87
0
6
176
88
0
6
171
89
0
6
172
90
0
6
178
91
0
6
185
92
0
6
190
93
0
6
193
94
0
6
195
95
0
6
197
96
0
6
198
97
0
6
195
98
0
6
188
99
0
6
181
100
0
6
175
101
0
6
169
102
0
6
163
103
0
6
157
104
0
6
152
105
0
6
147
106
0
6
141
107
0
6
133
108
0
6
123
109
0
6
114
110
0
6
108
111
0
6
104
112
0
6
102
113
0
6
99
114
0
6
92
115
0
6
89
116
0
6
95
117
0
6
110
118
0
6
130
119
0
6
147
120
0
6
158
121
0
6
165
122
0
6
169
123
0
6
170
124
0
6
167
125
0
6
159
126
0
6
151
127
0
6
141
128
0
6
130
129
0
6
118
130
0
6
112
131
0
6
116
132
0
6
129
133
0
6
148
134
0
6
172
135
0
6
197
136
0
6
223
137
0
6
247
138
0
7
9
139
0
7
16
140
0
7
15
141
0
7
19
142
0
7
31
143
0
7
47
144
0
7
62
145
0
7
73
146
0
7
82
147
0
7
92
148
0
7
105
149
0
7
117
150
0
7
124
151
0
7
123
152
0
7
116
153
0
7
105
154
0
7
93
155
0
7
86
156
0
7
89
157
0
7
104
158
0
7
129
159
0
7
157
160
0
7
181
161
0
7
196
162
0
7
199
163
0
7
194
164
0
7
188
165
0
7
185
166
0
7
187
167
0
7
194
168
0
7
204
169
0
7
212
170
0
7
215
171
0
7
212
172
0
7
204
173
0
7
193
174
0
7
180
175
0
7
167
176
0
7
156
177
0
7
148
178
0
7
142
179
0
7
139
180
0
7
136
181
0
7
132
182
0
7
126
183
0
7
118
184
0
7
107
185
0
7
98
186
0
7
95
187
0
7
95
188
0
7
95
189
0
7
92
190
0
7
84
191
0
7
74
192
0
7
64
193
0
7
56
194
0
7
53
195
0
7
55
196
0
7
60
197
0
7
65
198
0
7
69
199
0
7
69
200
0
7
65
201
0
7
58
202
0
7
48
203
0
7
36
204
0
7
27
205
0
7
24
206
0
7
28
207
0
7
38
208
0
7
48
209
0
7
55
210
0
7
60
211
0
7
63
212
0
7
65
213
0
7
64
214
0
7
57
215
0
7
49
216
0
7
44
217
0
7
40
218
0
7
37
219
0
7
34
220
0
7
30
221
0
7
25
222
0
7
18
223
0
7
10
224
0
7
0
225
0
6
244
226
0
6
232
227
0
6
221
228
0
6
212
229
0
6
205
230
0
6
197
231
0
6
188
232
0
6
183
233
0
6
185
234
0
6
193
235
0
6
206
236
0
6
220
237
0
6
230
238
0
6
233
239
0
6
230
240
0
6
223
241
0
6
214
242
0
6
204
243
0
6
195
244
0
6
187
245
0
6
182
246
0
6
177
247
0
6
168
248
0
6
164
249
0
6
169
250
0
6
184
251
0
6
205
252
0
6
231
253
0
7
5
254
0
7
35
255
0
7
61
0
0
7
78
1
0
7
80
2
0
7
84
3
0
7
96
4
0
7
113
5
0
7
131
6
0
7
144
7
0
7
153
8
0
7
163
9
0
7
175
10
0
7
187
11
0
7
195
12
0
7
197
13
0
7
193
14
0
7
187
15
0
7
179
16
0
7
170
17
0
7
170
18
0
7
184
19
0
7
211
20
0
7
245
21
0
8
21
22
0
8
44
23
0
8
56
24
0
8
55
25
0
8
51
26
0
8
51
27
0
8
57
28
0
8
68
29
0
8
81
30
0
8
93
31
0
8
99
32
0
8
99
33
0
8
93
34
0
8
83
35
0
8
70
36
0
8
56
37
0
8
43
38
0
8
33
39
0
8
27
40
0
8
25
41
0
8
25
42
0
8
24
43
0
8
20
44
0
8
13
45
0
8
3
46
0
7
247
47
0
7
240
48
0
7
237
49
0
7
236
50
0
7
234
51
0
7
227
52
0
7
216
53
0
7
204
54
0
7
191
55
0
7
180
56
0
7
172
57
0
7
168
58
0
7
167
59
0
7
168
60
0
7
169
61
0
7
170
62
0
7
170
63
0
7
167
64
0
7
159
65
0
7
151
66
0
7
147
67
0
7
148
68
0
7
153
69
0
7
159
70
0
7
166
71
0
7
172
72
0
7
175
73
0
7
173
74
0
7
166
75
0
7
155
76
0
7
142
77
0
7
128
78
0
7
116
79
0
7
106
80
0
7
98
81
0
7
90
82
0
7
82
83
0
7
74
84
0
7
66
85
0
7
58
86
0
7
50
87
0
7
43
88
0
7
37
89
0
7
30
90
0
7
20
91
0
7
12
92
0
7
7
93
0
7
4
94
0
7
2
95
0
7
2
96
0
7
5
97
0
7
11
98
0
7
17
99
0
7
18
100
0
7
12
101
0
7
3
102
0
6
248
103
0
6
241
104
0
6
238
105
0
6
238
106
0
6
238
107
0
6
236
108
0
6
234
109
0
6
232
110
0
6
226
111
0
6
222
112
0
6
229
113
0
6
248
114
0
7
21
115
0
7
53
116
0
7
86
117
0
7
116
118
0
7
140
119
0
7
151
120
0
7
150
121
0
7
150
122
0
7
155
123
0
7
165
124
0
7
176
125
0
7
188
126
0
7
200
127
0
7
212
128
0
7
223
129
0
7
233
130
0
7
241
131
0
7
247
132
0
7
250
133
0
7
247
134
0
7
242
135
0
7
243
136
0
7
254
137
0
8
18
138
0
8
43
139
0
8
70
140
0
8
93
141
0
8
108
142
0
8
112
143
0
8
108
144
0
8
105
145
0
8
107
146
0
8
113
147
0
8
121
148
0
8
128
149
0
8
130
150
0
8
129
151
0
8
125
152
0
8
119
153
0
8
111
154
0
8
101
155
0
8
88
156
0
8
77
157
0
8
70
158
0
8
67
159
0
8
66
160
0
8
65
161
0
8
63
162
0
8
59
163
0
8
51
164
0
8
42
165
0
8
37
166
0
8
35
167
0
8
32
168
0
8
26
169
0
8
15
170
0
8
3
171
0
7
247
172
0
7
236
173
0
7
226
174
0
7
215
175
0
7
204
176
0
7
194
177
0
7
186
178
0
7
180
179
0
7
176
180
0
7
174
181
0
7
172
182
0
7
168
183
0
7
160
184
0
7
150
185
0
7
142
186
0
7
139
187
0
7
139
188
0
7
142
189
0
7
145
190
0
7
145
191
0
7
139
192
0
7
128
193
0
7
116
194
0
7
105
195
0
7
94
196
0
7
82
197
0
7
71
198
0
7
61
199
0
7
52
200
0
7
41
201
0
7
29
202
0
7
16
203
0
7
5
204
0
6
254
205
0
6
252
206
0
6
249
207
0
6
241
208
0
6
235
209
0
6
234
210
0
6
235
211
0
6
237
212
0
6
239
213
0
6
239
214
0
6
236
215
0
6
230
216
0
6
221
217
0
6
212
218
0
6
202
219
0
6
191
220
0
6
181
221
0
6
176
222
0
6
177
223
0
6
183
224
0
6
191
225
0
6
196
226
0
6
196
227
0
6
193
228
0
6
188
229
0
6
182
230
0
6
173
231
0
6
167
232
0
6
168
233
0
6
178
234
0
6
195
235
0
6
215
236
0
6
236
237
0
7
1
238
0
7
22
239
0
7
43
240
0
7
59
241
0
7
65
242
0
7
65
243
0
7
69
244
0
7
77
245
0
7
88
246
0
7
103
247
0
7
124
248
0
7
150
249
0
7
174
250
0
7
191
251
0
7
196
252
0
7
193
253
0
7
190
254
0
7
190
255
0
7
194
0
0
7
202
1
0
7
212
2
0
7
222
3
0
7
231
4
0
7
238
5
0
7
241
6
0
7
240
7
0
7
235
8
0
7
226
9
0
7
215
10
0
7
205
11
0
7
198
12
0
7
192
13
0
7
188
14
0
7
187
15
0
7
189
16
0
7
191
17
0
7
189
18
0
7
181
19
0
7
171
20
0
7
161
21
0
7
151
22
0
7
142
23
0
7
135
24
0
7
129
25
0
7
120
26
0
7
109
27
0
7
99
28
0
7
91
29
0
7
84
30
0
7
75
31
0
7
64
32
0
7
55
33
0
7
47
34
0
7
39
35
0
7
30
36
0
7
21
37
0
7
12
38
0
7
2
39
0
6
246
40
0
6
234
41
0
6
223
42
0
6
214
43
0
6
205
44
0
6
196
45
0
6
186
46
0
6
177
47
0
6
167
48
0
6
156
49
0
6
146
50
0
6
139
51
0
6
132
52
0
6
122
53
0
6
112
54
0
6
101
55
0
6
92
56
0
6
85
57
0
6
78
58
0
6
68
59
0
6
59
60
0
6
49
61
0
6
40
62
0
6
33
63
0
6
27
64
0
6
20
65
0
6
12
66
0
6
5
67
0
5
254
68
0
5
247
69
0
5
238
70
0
5
230
71
0
5
226
72
0
5
226
73
0
5
230
74
0
5
235
75
0
5
239
76
0
5
239
77
0
5
233
78
0
5
229
79
0
5
229
80
0
5
232
81
0
5
232
82
0
5
228
83
0
5
227
84
0
5
228
85
0
5
228
86
0
5
225
87
0
5
221
88
0
5
219
89
0
5
221
90
0
5
224
91
0
5
225
92
0
5
222
93
0
5
218
94
0
5
215
95
0
5
214
96
0
5
212
97
0
5
206
98
0
5
205
99
0
5
213
100
0
5
231
101
0
6
0
102
0
6
28
103
0
6
56
104
0
6
81
105
0
6
102
106
0
6
118
107
0
6
124
108
0
6
126
109
0
6
134
110
0
6
148
111
0
6
166
112
0
6
183
113
0
6
199
114
0
6
214
115
0
6
225
116
0
6
230
117
0
6
228
118
0
6
220
119
0
6
210
120
0
6
201
121
0
6
195
122
0
6
192
123
0
6
192
124
0
6
194
125
0
6
197
126
0
6
201
127
0
6
207
128
0
6
213
129
0
6
217
130
0
6
217
131
0
6
211
132
0
6
205
133
0
6
201
134
0
6
198
135
0
6
195
136
0
6
191
137
0
6
187
138
0
6
183
139
0
6
179
140
0
6
173
141
0
6
165
142
0
6
156
143
0
6
148
144
0
6
140
145
0
6
132
146
0
6
124
147
0
6
116
148
0
6
106
149
0
6
98
150
0
6
93
151
0
6
90
152
0
6
88
153
0
6
87
154
0
6
86
155
0
6
84
156
0
6
80
157
0
6
73
158
0
6
63
159
0
6
53
160
0
6
42
161
0
6
31
162
0
6
21
163
0
6
12
164
0
6
3
165
0
5
250
166
0
5
241
167
0
5
231
168
0
5
222
169
0
5
215
170
0
5
209
171
0
5
202
172
0
5
193
173
0
5
183
174
0
5
174
175
0
5
168
176
0
5
162
177
0
5
154
178
0
5
149
179
0
5
146
180
0
5
141
181
0
5
133
182
0
5
124
183
0
5
118
184
0
5
113
185
0
5
108
186
0
5
100
187
0
5
91
188
0
5
84
189
0
5
80
190
0
5
81
191
0
5
84
192
0
5
87
193
0
5
87
194
0
5
83
195
0
5
78
196
0
5
73
197
0
5
71
198
0
5
69
199
0
5
63
200
0
5
59
201
0
5
58
202
0
5
59
203
0
5
60
204
0
5
59
205
0
5
57
206
0
5
54
207
0
5
49
208
0
5
44
209
0
5
45
210
0
5
56
211
0
5
74
212
0
5
92
213
0
5
103
214
0
5
106
215
0
5
105
216
0
5
103
217
0
5
100
218
0
5
94
219
0
5
91
220
0
5
93
221
0
5
98
222
0
5
106
223
0
5
118
224
0
5
137
225
0
5
161
226
0
5
189
227
0
5
217
228
0
5
240
229
0
5
254
230
0
6
0
231
0
6
0
232
0
6
5
233
0
6
15
234
0
6
30
235
0
6
51
236
0
6
74
237
0
6
95
238
0
6
108
239
0
6
111
240
0
6
109
241
0
6
106
242
0
6
103
243
0
6
99
244
0
6
97
245
0
6
97
246
0
6
100
247
0
6
104
248
0
6
107
249
0
6
108
250
0
6
108
251
0
6
108
252
0
6
108
253
0
6
108
254
0
6
105
255
0
6
98
0
0
6
91
1
0
6
87
2
0
6
86
3
0
6
86
4
0
6
87
5
0
6
87
6
0
6
87
7
0
6
88
8
0
6
88
9
0
6
85
10
0
6
78
11
0
6
69
12
0
6
60
13
0
6
51
14
0
6
43
15
0
6
36
16
0
6
29
17
0
6
22
18
0
6
15
19
0
6
8
20
0
6
2
21
0
5
252
22
0
5
247
23
0
5
242
24
0
5
234
25
0
5
225
26
0
5
216
27
0
5
207
28
0
5
197
29
0
5
187
30
0
5
176
31
0
5
167
32
0
5
159
33
0
5
151
34
0
5
142
35
0
5
135
36
0
5
131
37
0
5
127
38
0
5
123
39
0
5
118
40
0
5
114
41
0
5
112
42
0
5
111
43
0
5
108
44
0
5
104
45
0
5
102
46
0
5
101
47
0
5
97
48
0
5
90
49
0
5
83
50
0
5
81
51
0
5
83
52
0
5
87
53
0
5
89
54
0
5
87
55
0
5
84
56
0
5
83
57
0
5
86
58
0
5
90
59
0
5
93
60
0
5
93
61
0
5
91
62
0
5
88
63
0
5
83
64
0
5
76
65
0
5
72
66
0
5
73
67
0
5
79
68
0
5
88
69
0
5
97
70
0
5
104
71
0
5
105
72
0
5
102
73
0
5
102
74
0
5
106
75
0
5
114
76
0
5
124
77
0
5
135
78
0
5
144
79
0
5
150
80
0
5
152
81
0
5
149
82
0
5
144
83
0
5
138
84
0
5
133
85
0
5
128
86
0
5
121
87
0
5
114
88
0
5
110
89
0
5
111
90
0
5
117
91
0
5
131
92
0
5
152
93
0
5
179
94
0
5
205
95
0
5
225
96
0
5
234
97
0
5
234
98
0
5
228
99
0
5
220
100
0
5
215
101
0
5
216
102
0
5
223
103
0
5
233
104
0
5
241
105
0
5
244
106
0
5
243
107
0
5
241
108
0
5
239
109
0
5
237
110
0
5
230
111
0
5
224
112
0
5
221
113
0
5
220
114
0
5
219
115
0
5
216
116
0
5
213
117
0
5
210
118
0
5
207
119
0
5
203
120
0
5
198
121
0
5
192
122
0
5
188
123
0
5
187
124
0
5
188
125
0
5
188
126
0
5
183
127
0
5
177
128
0
5
173
129
0
5
172
130
0
5
174
131
0
5
180
132
0
5
188
133
0
5
196
134
0
5
202
135
0
5
204
136
0
5
199
137
0
5
194
138
0
5
191
139
0
5
187
140
0
5
181
141
0
5
174
142
0
5
168
143
0
5
165
144
0
5
164
145
0
5
164
146
0
5
163
147
0
5
160
148
0
5
156
149
0
5
152
150
0
5
148
151
0
5
144
152
0
5
136
153
0
5
133
154
0
5
137
155
0
5
145
156
0
5
151
157
0
5
150
158
0
5
144
159
0
5
135
160
0
5
126
161
0
5
122
162
0
5
126
163
0
5
137
164
0
5
149
165
0
5
158
166
0
5
159
167
0
5
154
168
0
5
148
169
0
5
143
170
0
5
140
171
0
5
139
172
0
5
140
173
0
5
142
174
0
5
146
175
0
5
152
176
0
5
158
177
0
5
163
178
0
5
167
179
0
5
172
180
0
5
179
181
0
5
186
182
0
5
189
183
0
5
188
184
0
5
182
185
0
5
174
186
0
5
166
187
0
5
158
188
0
5
153
189
0
5
153
190
0
5
157
191
0
5
164
192
0
5
172
193
0
5
180
194
0
5
186
195
0
5
189
196
0
5
186
197
0
5
183
198
0
5
185
199
0
5
192
200
0
5
203
201
0
5
217
202
0
5
233
203
0
5
249
204
0
6
6
205
0
6
10
206
0
6
6
207
0
5
254
208
0
5
246
209
0
5
238
210
0
5
229
211
0
5
222
212
0
5
216
213
0
5
210
214
0
5
205
215
0
5
204
216
0
5
212
217
0
5
230
218
0
5
254
219
0
6
23
220
0
6
42
221
0
6
55
222
0
6
61
223
0
6
61
224
0
6
55
225
0
6
49
226
0
6
48
227
0
6
53
228
0
6
60
229
0
6
65
230
0
6
65
231
0
6
63
232
0
6
60
233
0
6
57
234
0
6
52
235
0
6
44
236
0
6
36
237
0
6
29
238
0
6
24
239
0
6
19
240
0
6
12
241
0
6
3
242
0
5
253
243
0
5
253
244
0
6
4
245
0
6
15
246
0
6
29
247
0
6
43
248
0
6
55
249
0
6
63
250
0
6
64
251
0
6
64
252
0
6
69
253
0
6
77
254
0
6
85
255
0
6
91
0
0
6
95
1
0
6
98
2
0
6
100
3
0
6
100
4
0
6
97
5
0
6
90
6
0
6
81
7
0
6
71
8
0
6
61
9
0
6
53
10
0
6
44
11
0
6
36
12
0
6
32
13
0
6
29
14
0
6
26
15
0
6
24
16
0
6
24
17
0
6
27
18
0
6
29
19
0
6
26
20
0
6
19
21
0
6
11
22
0
6
5
23
0
6
1
24
0
5
255
25
0
5
254
26
0
5
249
27
0
5
243
28
0
5
238
29
0
5
234
30
0
5
230
31
0
5
228
32
0
5
226
33
0
5
222
34
0
5
215
35
0
5
207
36
0
5
199
37
0
5
191
38
0
5
185
39
0
5
181
40
0
5
179
41
0
5
176
42
0
5
169
43
0
5
160
44
0
5
151
45
0
5
147
46
0
5
151
47
0
5
160
48
0
5
170
49
0
5
177
50
0
5
182
51
0
5
187
52
0
5
192
53
0
5
194
54
0
5
190
55
0
5
189
56
0
5
193
57
0
5
199
58
0
5
206
59
0
5
213
60
0
5
219
61
0
5
223
62
0
5
225
63
0
5
224
64
0
5
220
65
0
5
213
66
0
5
206
67
0
5
203
68
0
5
206
69
0
5
212
70
0
5
217
71
0
5
221
72
0
5
225
73
0
5
233
74
0
5
245
75
0
6
0
76
0
6
4
77
0
6
0
78
0
5
249
79
0
5
241
80
0
5
232
81
0
5
225
82
0
5
224
83
0
5
230
84
0
5
239
85
0
5
247
86
0
5
253
87
0
6
4
88
0
6
13
89
0
6
26
90
0
6
40
91
0
6
50
92
0
6
55
93
0
6
56
94
0
6
56
95
0
6
55
96
0
6
49
97
0
6
45
98
0
6
48
99
0
6
56
100
0
6
65
101
0
6
74
102
0
6
82
103
0
6
90
104
0
6
95
105
0
6
95
106
0
6
90
107
0
6
81
108
0
6
72
109
0
6
61
110
0
6
53
111
0
6
50
112
0
6
51
113
0
6
54
114
0
6
57
115
0
6
60
116
0
6
63
117
0
6
67
118
0
6
73
119
0
6
78
120
0
6
80
121
0
6
75
122
0
6
70
123
0
6
65
124
0
6
61
125
0
6
58
126
0
6
59
127
0
6
65
128
0
6
73
129
0
6
81
130
0
6
86
131
0
6
88
132
0
6
86
133
0
6
81
134
0
6
75
135
0
6
67
136
0
6
58
137
0
6
53
138
0
6
54
139
0
6
60
140
0
6
67
141
0
6
73
142
0
6
78
143
0
6
82
144
0
6
84
145
0
6
83
146
0
6
78
147
0
6
70
148
0
6
64
149
0
6
62
150
0
6
63
151
0
6
66
152
0
6
68
153
0
6
68
154
0
6
66
155
0
6
62
156
0
6
55
157
0
6
47
158
0
6
41
159
0
6
37
160
0
6
33
161
0
6
26
162
0
6
17
163
0
6
7
164
0
5
252
165
0
5
242
166
0
5
231
167
0
5
220
168
0
5
209
169
0
5
198
170
0
5
189
171
0
5
184
172
0
5
185
173
0
5
190
174
0
5
198
175
0
5
206
176
0
5
215
177
0
5
224
178
0
5
229
179
0
5
227
180
0
5
224
181
0
5
222
182
0
5
222
183
0
5
222
184
0
5
221
185
0
5
221
186
0
5
222
187
0
5
224
188
0
5
226
189
0
5
227
190
0
5
226
191
0
5
221
192
0
5
213
193
0
5
204
194
0
5
196
195
0
5
191
196
0
5
190
197
0
5
194
198
0
5
202
199
0
5
214
200
0
5
228
201
0
5
241
202
0
5
249
203
0
5
249
204
0
5
245
205
0
5
242
206
0
5
240
207
0
5
240
208
0
5
243
209
0
5
248
210
0
5
253
211
0
6
0
212
0
6
0
213
0
6
1
214
0
6
4
215
0
6
12
216
0
6
24
217
0
6
36
218
0
6
43
219
0
6
43
220
0
6
39
221
0
6
34
222
0
6
29
223
0
6
22
224
0
6
22
225
0
6
31
226
0
6
43
227
0
6
52
228
0
6
58
229
0
6
63
230
0
6
69
231
0
6
72
232
0
6
67
233
0
6
63
234
0
6
60
235
0
6
57
236
0
6
54
237
0
6
50
238
0
6
46
239
0
6
42
240
0
6
38
241
0
6
36
242
0
6
36
243
0
6
38
244
0
6
40
245
0
6
42
246
0
6
43
247
0
6
41
248
0
6
34
249
0
6
29
250
0
6
27
251
0
6
28
252
0
6
32
253
0
6
38
254
0
6
43
255
0
6
45
0
0
6
44
1
0
6
38
2
0
6
29
3
0
6
19
4
0
6
10
5
0
6
0
6
0
5
245
7
0
5
235
8
0
5
228
9
0
5
226
10
0
5
229
11
0
5
234
12
0
5
236
13
0
5
236
14
0
5
234
15
0
5
229
16
0
5
222
17
0
5
217
18
0
5
215
19
0
5
215
20
0
5
216
21
0
5
218
22
0
5
218
23
0
5
214
24
0
5
208
25
0
5
201
26
0
5
193
27
0
5
187
28
0
5
180
29
0
5
173
30
0
5
168
31
0
5
163
32
0
5
156
33
0
5
147
34
0
5
138
35
0
5
133
36
0
5
130
37
0
5
126
38
0
5
119
39
0
5
114
40
0
5
112
41
0
5
114
42
0
5
120
43
0
5
128
44
0
5
136
45
0
5
144
46
0
5
151
47
0
5
156
48
0
5
158
49
0
5
155
50
0
5
149
51
0
5
143
52
0
5
136
53
0
5
128
54
0
5
120
55
0
5
116
56
0
5
117
57
0
5
121
58
0
5
124
59
0
5
125
60
0
5
126
61
0
5
128
62
0
5
132
63
0
5
135
64
0
5
131
65
0
5
130
66
0
5
133
67
0
5
138
68
0
5
143
69
0
5
148
70
0
5
156
71
0
5
169
72
0
5
181
73
0
5
186
74
0
5
185
75
0
5
185
76
0
5
186
77
0
5
187
78
0
5
186
79
0
5
183
80
0
5
176
81
0
5
167
82
0
5
159
83
0
5
155
84
0
5
156
85
0
5
161
86
0
5
170
87
0
5
184
88
0
5
199
89
0
5
212
90
0
5
219
91
0
5
218
92
0
5
213
93
0
5
207
94
0
5
203
95
0
5
201
96
0
5
201
97
0
5
201
98
0
5
199
99
0
5
197
100
0
5
196
101
0
5
195
102
0
5
193
103
0
5
188
104
0
5
182
105
0
5
176
106
0
5
169
107
0
5
160
108
0
5
153
109
0
5
149
110
0
5
146
111
0
5
142
112
0
5
136
113
0
5
130
114
0
5
125
115
0
5
125
116
0
5
128
117
0
5
131
118
0
5
134
119
0
5
135
120
0
5
132
121
0
5
126
122
0
5
121
123
0
5
118
124
0
5
117
125
0
5
118
126
0
5
123
127
0
5
130
128
0
5
135
129
0
5
136
130
0
5
131
131
0
5
124
132
0
5
116
133
0
5
108
134
0
5
99
135
0
5
93
136
0
5
91
137
0
5
91
138
0
5
88
139
0
5
83
140
0
5
77
141
0
5
69
142
0
5
63
143
0
5
58
144
0
5
51
145
0
5
43
146
0
5
35
147
0
5
27
148
0
5
20
149
0
5
14
150
0
5
8
151
0
5
1
152
0
4
250
153
0
4
244
154
0
4
239
155
0
4
232
156
0
4
226
157
0
4
223
158
0
4
220
159
0
4
214
160
0
4
209
161
0
4
206
162
0
4
202
163
0
4
195
164
0
4
187
165
0
4
181
166
0
4
177
167
0
4
174
168
0
4
169
169
0
4
162
170
0
4
154
171
0
4
147
172
0
4
144
173
0
4
146
174
0
4
151
175
0
4
157
176
0
4
162
177
0
4
165
178
0
4
166
179
0
4
165
180
0
4
160
181
0
4
157
182
0
4
159
183
0
4
166
184
0
4
176
185
0
4
184
186
0
4
189
187
0
4
193
188
0
4
196
189
0
4
199
190
0
4
201
191
0
4
199
192
0
4
195
193
0
4
193
194
0
4
191
195
0
4
189
196
0
4
188
197
0
4
192
198
0
4
203
199
0
4
219
200
0
4
235
201
0
4
245
202
0
4
247
203
0
4
244
204
0
4
239
205
0
4
233
206
0
4
226
207
0
4
220
208
0
4
217
209
0
4
218
210
0
4
223
211
0
4
230
212
0
4
238
213
0
4
247
214
0
5
4
215
0
5
20
216
0
5
37
217
0
5
50
218
0
5
55
219
0
5
53
220
0
5
48
221
0
5
42
222
0
5
36
223
0
5
32
224
0
5
30
225
0
5
32
226
0
5
37
227
0
5
45
228
0
5
53
229
0
5
59
230
0
5
61
231
0
5
59
232
0
5
53
233
0
5
46
234
0
5
40
235
0
5
37
236
0
5
38
237
0
5
40
238
0
5
41
239
0
5
40
240
0
5
37
241
0
5
34
242
0
5
33
243
0
5
36
244
0
5
40
245
0
5
45
246
0
5
49
247
0
5
50
248
0
5
45
249
0
5
41
250
0
5
39
251
0
5
39
252
0
5
41
253
0
5
45
254
0
5
51
255
0
5
57
0
0
5
59
1
0
5
57
2
0
5
52
3
0
5
47
4
0
5
45
5
0
5
44
6
0
5
41
7
0
5
35
8
0
5
29
9
0
5
23
10
0
5
16
11
0
5
9
12
0
5
4
13
0
5
3
14
0
5
5
15
0
5
8
16
0
5
8
17
0
5
6
18
0
5
1
19
0
4
250
20
0
4
244
21
0
4
239
22
0
4
234
23
0
4
230
24
0
4
227
25
0
4
225
26
0
4
224
27
0
4
222
28
0
4
220
29
0
4
220
30
0
4
222
31
0
4
225
32
0
4
226
33
0
4
222
34
0
4
221
35
0
4
223
36
0
4
226
37
0
4
229
38
0
4
231
39
0
4
232
40
0
4
230
41
0
4
226
42
0
4
225
43
0
4
229
44
0
4
238
45
0
4
248
46
0
5
0
47
0
5
4
48
0
5
6
49
0
5
8
50
0
5
8
51
0
5
5
52
0
5
0
53
0
4
253
54
0
4
253
55
0
4
253
56
0
4
253
57
0
4
251
58
0
4
251
59
0
5
0
60
0
5
10
61
0
5
23
62
0
5
35
63
0
5
40
64
0
5
38
65
0
5
37
66
0
5
38
67
0
5
42
68
0
5
53
69
0
5
71
70
0
5
95
71
0
5
118
72
0
5
133
73
0
5
134
74
0
5
133
75
0
5
131
76
0
5
127
77
0
5
121
78
0
5
114
79
0
5
110
80
0
5
109
81
0
5
110
82
0
5
112
83
0
5
115
84
0
5
122
85
0
5
135
86
0
5
154
87
0
5
174
88
0
5
188
89
0
5
192
90
0
5
189
91
0
5
183
92
0
5
175
93
0
5
165
94
0
5
158
95
0
5
158
96
0
5
164
97
0
5
172
98
0
5
177
99
0
5
179
100
0
5
178
101
0
5
176
102
0
5
173
103
0
5
169
104
0
5
162
105
0
5
155
106
0
5
151
107
0
5
149
108
0
5
147
109
0
5
143
110
0
5
137
111
0
5
132
112
0
5
129
113
0
5
129
114
0
5
132
115
0
5
138
116
0
5
145
117
0
5
151
118
0
5
154
119
0
5
152
120
0
5
146
121
0
5
143
122
0
5
145
123
0
5
153
124
0
5
165
125
0
5
176
126
0
5
184
127
0
5
188
128
0
5
189
129
0
5
188
130
0
5
185
131
0
5
181
132
0
5
175
133
0
5
166
134
0
5
158
135
0
5
153
136
0
5
149
137
0
5
146
138
0
5
143
139
0
5
141
140
0
5
140
141
0
5
139
142
0
5
137
143
0
5
134
144
0
5
129
145
0
5
121
146
0
5
114
147
0
5
109
148
0
5
106
149
0
5
105
150
0
5
104
151
0
5
104
152
0
5
104
153
0
5
105
154
0
5
106
155
0
5
106
156
0
5
104
157
0
5
99
158
0
5
92
159
0
5
87
160
0
5
85
161
0
5
86
162
0
5
89
163
0
5
93
164
0
5
97
165
0
5
99
166
0
5
98
167
0
5
92
168
0
5
89
169
0
5
90
170
0
5
96
171
0
5
104
172
0
5
113
173
0
5
120
174
0
5
127
175
0
5
133
176
0
5
136
177
0
5
137
178
0
5
136
179
0
5
132
180
0
5
126
181
0
5
123
182
0
5
125
183
0
5
131
184
0
5
139
185
0
5
149
186
0
5
162
187
0
5
178
188
0
5
192
189
0
5
200
190
0
5
199
191
0
5
199
192
0
5
201
193
0
5
204
194
0
5
208
195
0
5
214
196
0
5
225
197
0
5
240
198
0
5
255
199
0
6
9
200
0
6
10
201
0
6
4
202
0
5
252
203
0
5
245
204
0
5
238
205
0
5
230
206
0
5
221
207
0
5
215
208
0
5
213
209
0
5
216
210
0
5
225
211
0
5
240
212
0
6
5
213
0
6
29
214
0
6
53
215
0
6
71
216
0
6
80
217
0
6
81
218
0
6
76
219
0
6
67
220
0
6
58
221
0
6
52
222
0
6
52
223
0
6
58
224
0
6
67
225
0
6
77
226
0
6
87
227
0
6
96
228
0
6
101
229
0
6
102
230
0
6
98
231
0
6
91
232
0
6
86
233
0
6
84
234
0
6
85
235
0
6
86
236
0
6
84
237
0
6
80
238
0
6
76
239
0
6
72
240
0
6
70
241
0
6
71
242
0
6
75
243
0
6
81
244
0
6
86
245
0
6
85
246
0
6
81
247
0
6
79
248
0
6
80
249
0
6
84
250
0
6
91
251
0
6
101
252
0
6
112
253
0
6
119
254
0
6
120
255
0
6
115
0
0
6
106
1
0
6
96
2
0
6
87
3
0
6
78
4
0
6
68
5
0
6
61
6
0
6
56
7
0
6
51
8
0
6
43
9
0
6
34
10
0
6
26
11
0
6
22
12
0
6
20
13
0
6
17
14
0
6
11
15
0
6
2
16
0
5
248
17
0
5
241
18
0
5
236
19
0
5
234
20
0
5
233
21
0
5
230
22
0
5
226
23
0
5
221
24
0
5
214
25
0
5
205
26
0
5
196
27
0
5
188
28
0
5
179
29
0
5
169
30
0
5
159
31
0
5
150
32
0
5
144
33
0
5
140
34
0
5
135
35
0
5
128
36
0
5
120
37
0
5
112
38
0
5
103
39
0
5
97
40
0
5
96
41
0
5
100
42
0
5
106
43
0
5
112
44
0
5
117
45
0
5
123
46
0
5
129
47
0
5
133
48
0
5
133
49
0
5
128
50
0
5
122
51
0
5
118
52
0
5
118
53
0
5
122
54
0
5
130
55
0
5
139
56
0
5
148
57
0
5
156
58
0
5
164
59
0
5
173
60
0
5
179
61
0
5
177
62
0
5
176
63
0
5
178
64
0
5
182
65
0
5
186
66
0
5
194
67
0
5
208
68
0
5
228
69
0
5
248
70
0
6
4
71
0
6
6
72
0
6
1
73
0
5
249
74
0
5
240
75
0
5
231
76
0
5
225
77
0
5
223
78
0
5
224
79
0
5
228
80
0
5
236
81
0
5
251
82
0
6
17
83
0
6
43
84
0
6
69
85
0
6
90
86
0
6
103
87
0
6
108
88
0
6
106
89
0
6
99
90
0
6
94
91
0
6
95
92
0
6
101
93
0
6
109
94
0
6
117
95
0
6
125
96
0
6
133
97
0
6
140
98
0
6
146
99
0
6
148
100
0
6
144
101
0
6
137
102
0
6
127
103
0
6
117
104
0
6
109
105
0
6
104
106
0
6
103
107
0
6
104
108
0
6
106
109
0
6
109
110
0
6
111
111
0
6
114
112
0
6
119
113
0
6
127
114
0
6
134
115
0
6
135
116
0
6
130
117
0
6
125
118
0
6
123
119
0
6
124
120
0
6
129
121
0
6
138
122
0
6
151
123
0
6
163
124
0
6
170
125
0
6
171
126
0
6
166
127
0
6
158
128
0
6
150
129
0
6
142
130
0
6
133
131
0
6
125
132
0
6
123
133
0
6
124
134
0
6
124
135
0
6
121
136
0
6
116
137
0
6
113
138
0
6
112
139
0
6
110
140
0
6
106
141
0
6
98
142
0
6
89
143
0
6
80
144
0
6
72
145
0
6
64
146
0
6
56
147
0
6
48
148
0
6
41
149
0
6
35
150
0
6
29
151
0
6
21
152
0
6
11
153
0
6
0
154
0
5
244
155
0
5
234
156
0
5
224
157
0
5
213
158
0
5
203
159
0
5
194
160
0
5
186
161
0
5
177
162
0
5
168
163
0
5
158
164
0
5
148
165
0
5
138
166
0
5
131
167
0
5
127
168
0
5
126
169
0
5
126
170
0
5
127
171
0
5
129
172
0
5
131
173
0
5
133
174
0
5
134
175
0
5
132
176
0
5
126
177
0
5
119
178
0
5
113
179
0
5
110
180
0
5
111
181
0
5
117
182
0
5
125
183
0
5
134
184
0
5
141
185
0
5
147
186
0
5
151
187
0
5
152
188
0
5
147
189
0
5
143
190
0
5
142
191
0
5
143
192
0
5
146
193
0
5
152
194
0
5
162
195
0
5
174
196
0
5
185
197
0
5
192
198
0
5
195
199
0
5
194
200
0
5
191
201
0
5
186
202
0
5
178
203
0
5
173
204
0
5
171
205
0
5
172
206
0
5
178
207
0
5
191
208
0
5
214
209
0
5
244
210
0
6
20
211
0
6
46
212
0
6
64
213
0
6
75
214
0
6
80
215
0
6
80
216
0
6
76
217
0
6
78
218
0
6
88
219
0
6
102
220
0
6
115
221
0
6
125
222
0
6
134
223
0
6
144
224
0
6
155
225
0
6
163
226
0
6
166
227
0
6
163
228
0
6
156
229
0
6
146
230
0
6
136
231
0
6
129
232
0
6
127
233
0
6
131
234
0
6
138
235
0
6
147
236
0
6
157
237
0
6
167
238
0
6
178
239
0
6
188
240
0
6
194
241
0
6
192
242
0
6
188
243
0
6
185
244
0
6
184
245
0
6
186
246
0
6
190
247
0
6
197
248
0
6
207
249
0
6
220
250
0
6
233
251
0
6
243
252
0
6
247
253
0
6
245
254
0
6
239
255
0
6
231
0
0
6
221
1
0
6
215
2
0
6
216
3
0
6
223
4
0
6
231
5
0
6
237
6
0
6
240
7
0
6
239
8
0
6
235
9
0
6
228
10
0
6
219
11
0
6
210
12
0
6
199
13
0
6
189
14
0
6
181
15
0
6
174
16
0
6
166
17
0
6
156
18
0
6
148
19
0
6
144
20
0
6
143
21
0
6
142
22
0
6
139
23
0
6
132
24
0
6
123
25
0
6
113
26
0
6
103
27
0
6
94
28
0
6
86
29
0
6
77
30
0
6
68
31
0
6
61
32
0
6
57
33
0
6
53
34
0
6
45
35
0
6
39
36
0
6
35
37
0
6
30
38
0
6
24
39
0
6
19
40
0
6
19
41
0
6
23
42
0
6
29
43
0
6
34
44
0
6
36
45
0
6
35
46
0
6
32
47
0
6
27
48
0
6
19
49
0
6
12
50
0
6
10
51
0
6
15
52
0
6
25
53
0
6
37
54
0
6
49
55
0
6
58
56
0
6
62
57
0
6
60
58
0
6
53
59
0
6
44
60
0
6
36
61
0
6
33
62
0
6
36
63
0
6
44
64
0
6
52
65
0
6
59
66
0
6
66
67
0
6
76
68
0
6
88
69
0
6
99
70
0
6
104
71
0
6
101
72
0
6
96
73
0
6
93
74
0
6
94
75
0
6
102
76
0
6
119
77
0
6
144
78
0
6
174
79
0
6
206
80
0
6
236
81
0
7
6
82
0
7
25
83
0
7
36
84
0
7
38
85
0
7
33
86
0
7
31
87
0
7
36
88
0
7
47
89
0
7
61
90
0
7
75
91
0
7
87
92
0
7
99
93
0
7
113
94
0
7
128
95
0
7
139
96
0
7
144
97
0
7
142
98
0
7
135
99
0
7
124
100
0
7
115
101
0
7
113
102
0
7
119
103
0
7
131
104
0
7
145
105
0
7
159
106
0
7
172
107
0
7
184
108
0
7
194
109
0
7
200
110
0
7
200
111
0
7
192
112
0
7
183
113
0
7
176
114
0
7
171
115
0
7
170
116
0
7
174
117
0
7
182
118
0
7
193
119
0
7
206
120
0
7
220
121
0
7
233
122
0
7
242
123
0
7
245
124
0
7
242
125
0
7
233
126
0
7
226
127
0
7
223
128
0
7
226
129
0
7
234
130
0
7
245
131
0
8
0
132
0
8
7
133
0
8
8
134
0
8
5
135
0
7
255
136
0
7
248
137
0
7
237
138
0
7
226
139
0
7
216
140
0
7
208
141
0
7
201
142
0
7
194
143
0
7
188
144
0
7
184
145
0
7
182
146
0
7
182
147
0
7
183
148
0
7
182
149
0
7
177
150
0
7
167
151
0
7
157
152
0
7
148
153
0
7
138
154
0
7
127
155
0
7
117
156
0
7
109
157
0
7
104
158
0
7
100
159
0
7
92
160
0
7
85
161
0
7
81
162
0
7
79
163
0
7
75
164
0
7
69
165
0
7
64
166
0
7
62
167
0
7
62
168
0
7
63
169
0
7
62
170
0
7
57
171
0
7
50
172
0
7
42
173
0
7
33
174
0
7
21
175
0
7
12
176
0
7
10
177
0
7
15
178
0
7
24
179
0
7
33
180
0
7
38
181
0
7
37
182
0
7
30
183
0
7
20
184
0
7
8
185
0
6
252
186
0
6
245
187
0
6
244
188
0
6
247
189
0
6
251
190
0
6
252
191
0
6
253
192
0
7
1
193
0
7
9
194
0
7
19
195
0
7
27
196
0
7
28
197
0
7
24
198
0
7
22
199
0
7
26
200
0
7
36
201
0
7
53
202
0
7
77
203
0
7
106
204
0
7
136
205
0
7
161
206
0
7
180
207
0
7
193
208
0
7
202
209
0
7
206
210
0
7
202
211
0
7
199
212
0
7
203
213
0
7
214
214
0
7
228
215
0
7
243
216
0
8
0
217
0
8
11
218
0
8
21
219
0
8
30
220
0
8
38
221
0
8
41
222
0
8
38
223
0
8
30
224
0
8
18
225
0
8
5
226
0
7
253
227
0
7
252
228
0
8
3
229
0
8
13
230
0
8
24
231
0
8
35
232
0
8
46
233
0
8
56
234
0
8
62
235
0
8
62
236
0
8
54
237
0
8
44
238
0
8
35
239
0
8
26
240
0
8
19
241
0
8
16
242
0
8
19
243
0
8
27
244
0
8
38
245
0
8
48
246
0
8
56
247
0
8
65
248
0
8
74
249
0
8
79
250
0
8
76
251
0
8
70
252
0
8
66
253
0
8
64
254
0
8
63
255
0
8
66
0
0
8
74
1
0
8
85
2
0
8
96
3
0
8
104
4
0
8
107
5
0
8
105
6
0
8
97
7
0
8
86
8
0
8
75
9
0
8
64
10
0
8
54
11
0
8
46
12
0
8
40
13
0
8
35
14
0
8
30
15
0
8
24
16
0
8
20
17
0
8
18
18
0
8
17
19
0
8
13
20
0
8
4
21
0
7
248
22
0
7
237
23
0
7
227
24
0
7
215
25
0
7
205
26
0
7
199
27
0
7
196
28
0
7
192
29
0
7
184
30
0
7
174
31
0
7
164
32
0
7
156
33
0
7
150
34
0
7
145
35
0
7
141
36
0
7
137
37
0
7
134
38
0
7
130
39
0
7
123
40
0
7
113
41
0
7
103
42
0
7
91
43
0
7
79
44
0
7
66
45
0
7
56
46
0
7
51
47
0
7
51
48
0
7
52
49
0
7
49
50
0
7
41
51
0
7
30
52
0
7
19
53
0
7
10
54
0
7
0
55
0
6
247
56
0
6
244
57
0
6
244
58
0
6
244
59
0
6
244
60
0
6
245
61
0
6
250
62
0
7
0
63
0
7
3
64
0
7
1
65
0
6
249
66
0
6
244
67
0
6
244
68
0
6
250
69
0
7
5
70
0
7
18
71
0
7
33
72
0
7
50
73
0
7
67
74
0
7
83
75
0
7
96
76
0
7
107
77
0
7
115
78
0
7
118
79
0
7
114
80
0
7
109
81
0
7
108
82
0
7
112
83
0
7
121
84
0
7
134
85
0
7
148
86
0
7
160
87
0
7
168
88
0
7
171
89
0
7
171
90
0
7
171
91
0
7
170
92
0
7
168
93
0
7
165
94
0
7
157
95
0
7
148
96
0
7
143
97
0
7
142
98
0
7
146
99
0
7
155
100
0
7
169
101
0
7
186
102
0
7
202
103
0
7
212
104
0
7
215
105
0
7
211
106
0
7
202
107
0
7
191
108
0
7
179
109
0
7
170
110
0
7
165
111
0
7
166
112
0
7
171
113
0
7
179
114
0
7
188
115
0
7
198
116
0
7
209
117
0
7
221
118
0
7
231
119
0
7
235
120
0
7
230
121
0
7
224
122
0
7
220
123
0
7
219
124
0
7
221
125
0
7
227
126
0
7
237
127
0
7
250
128
0
8
7
129
0
8
16
130
0
8
20
131
0
8
19
132
0
8
12
133
0
8
1
134
0
7
244
135
0
7
231
136
0
7
220
137
0
7
212
138
0
7
207
139
0
7
204
140
0
7
202
141
0
7
201
142
0
7
202
143
0
7
204
144
0
7
206
145
0
7
207
146
0
7
207
147
0
7
204
148
0
7
198
149
0
7
187
150
0
7
176
151
0
7
166
152
0
7
157
153
0
7
149
154
0
7
141
155
0
7
132
156
0
7
121
157
0
7
110
158
0
7
99
159
0
7
87
160
0
7
76
161
0
7
68
162
0
7
62
163
0
7
56
164
0
7
47
165
0
7
36
166
0
7
24
167
0
7
12
168
0
7
0
169
0
6
245
170
0
6
237
171
0
6
231
172
0
6
224
173
0
6
215
174
0
6
206
175
0
6
199
176
0
6
193
177
0
6
184
178
0
6
174
179
0
6
164
180
0
6
153
181
0
6
143
182
0
6
134
183
0
6
126
184
0
6
121
185
0
6
120
186
0
6
122
187
0
6
124
188
0
6
124
189
0
6
118
190
0
6
113
191
0
6
112
192
0
6
116
193
0
6
123
194
0
6
132
195
0
6
140
196
0
6
146
197
0
6
151
198
0
6
156
199
0
6
163
200
0
6
173
201
0
6
184
202
0
6
192
203
0
6
194
204
0
6
189
205
0
6
182
206
0
6
175
207
0
6
172
208
0
6
175
209
0
6
184
210
0
6
196
211
0
6
206
212
0
6
212
213
0
6
214
214
0
6
214
215
0
6
214
216
0
6
216
217
0
6
219
218
0
6
220
219
0
6
215
220
0
6
209
221
0
6
205
222
0
6
203
223
0
6
205
224
0
6
214
225
0
6
229
226
0
6
248
227
0
7
10
228
0
7
21
229
0
7
24
230
0
7
21
231
0
7
14
232
0
7
5
233
0
6
250
234
0
6
240
235
0
6
235
236
0
6
236
237
0
6
239
238
0
6
243
239
0
6
248
240
0
7
1
241
0
7
14
242
0
7
29
243
0
7
42
244
0
7
48
245
0
7
47
246
0
7
40
247
0
7
31
248
0
7
24
249
0
7
22
250
0
7
26
251
0
7
34
252
0
7
44
253
0
7
54
254
0
7
62
255
0
7
68
0
0
7
72
1
0
7
74
2
0
7
73
3
0
7
68
4
0
7
59
5
0
7
48
6
0
7
38
7
0
7
29
8
0
7
22
9
0
7
19
10
0
7
21
11
0
7
27
12
0
7
34
13
0
7
39
14
0
7
43
15
0
7
47
16
0
7
51
17
0
7
51
18
0
7
45
19
0
7
36
20
0
7
25
21
0
7
12
22
0
6
255
23
0
6
245
24
0
6
235
25
0
6
225
26
0
6
215
27
0
6
207
28
0
6
200
29
0
6
192
30
0
6
182
31
0
6
172
32
0
6
161
33
0
6
149
34
0
6
137
35
0
6
125
36
0
6
114
37
0
6
103
38
0
6
94
39
0
6
87
40
0
6
80
41
0
6
71
42
0
6
64
43
0
6
62
44
0
6
62
45
0
6
59
46
0
6
51
47
0
6
42
48
0
6
32
49
0
6
22
50
0
6
12
51
0
6
1
52
0
5
245
53
0
5
236
54
0
5
231
55
0
5
229
56
0
5
228
57
0
5
224
58
0
5
218
59
0
5
215
60
0
5
217
61
0
5
222
62
0
5
227
63
0
5
231
64
0
5
233
65
0
5
234
66
0
5
236
67
0
5
239
68
0
5
245
69
0
5
254
70
0
6
10
71
0
6
19
72
0
6
23
73
0
6
20
74
0
6
14
75
0
6
8
76
0
6
3
77
0
6
2
78
0
6
4
79
0
6
8
80
0
6
12
81
0
6
14
82
0
6
15
83
0
6
16
84
0
6
19
85
0
6
25
86
0
6
32
87
0
6
35
88
0
6
32
89
0
6
26
90
0
6
20
91
0
6
14
92
0
6
11
93
0
6
14
94
0
6
24
95
0
6
38
96
0
6
51
97
0
6
60
98
0
6
66
99
0
6
70
100
0
6
72
101
0
6
73
102
0
6
70
103
0
6
64
104
0
6
60
105
0
6
60
106
0
6
62
107
0
6
65
108
0
6
70
109
0
6
78
110
0
6
89
111
0
6
101
112
0
6
111
113
0
6
117
114
0
6
119
115
0
6
118
116
0
6
113
117
0
6
106
118
0
6
101
119
0
6
101
120
0
6
105
121
0
6
112
122
0
6
120
123
0
6
129
124
0
6
137
125
0
6
144
126
0
6
149
127
0
6
152
128
0
6
152
129
0
6
149
130
0
6
142
131
0
6
132
132
0
6
122
133
0
6
116
134
0
6
115
135
0
6
120
136
0
6
128
137
0
6
136
138
0
6
144
139
0
6
152
140
0
6
160
141
0
6
166
142
0
6
167
143
0
6
163
144
0
6
157
145
0
6
152
146
0
6
147
147
0
6
140
148
0
6
131
149
0
6
122
150
0
6
114
151
0
6
107
152
0
6
102
153
0
6
98
154
0
6
94
155
0
6
89
156
0
6
83
157
0
6
75
158
0
6
65
159
0
6
54
160
0
6
42
161
0
6
31
162
0
6
23
163
0
6
16
164
0
6
8
165
0
5
255
166
0
5
247
167
0
5
242
168
0
5
240
169
0
5
239
170
0
5
236
171
0
5
229
172
0
5
220
173
0
5
212
174
0
5
205
175
0
5
197
176
0
5
188
177
0
5
178
178
0
5
171
179
0
5
167
180
0
5
164
181
0
5
159
182
0
5
152
183
0
5
146
184
0
5
142
185
0
5
140
186
0
5
140
187
0
5
142
188
0
5
145
189
0
5
148
190
0
5
151
191
0
5
154
192
0
5
158
193
0
5
164
194
0
5
172
195
0
5
181
196
0
5
188
197
0
5
190
198
0
5
186
199
0
5
180
200
0
5
174
201
0
5
169
202
0
5
166
203
0
5
164
204
0
5
164
205
0
5
165
206
0
5
167
207
0
5
170
208
0
5
174
209
0
5
180
210
0
5
189
211
0
5
198
212
0
5
203
213
0
5
201
214
0
5
197
215
0
5
193
216
0
5
189
217
0
5
186
218
0
5
186
219
0
5
190
220
0
5
196
221
0
5
203
222
0
5
209
223
0
5
215
224
0
5
222
225
0
5
230
226
0
5
237
227
0
5
239
228
0
5
234
229
0
5
229
230
0
5
227
231
0
5
227
232
0
5
228
233
0
5
231
234
0
5
237
235
0
5
246
236
0
6
0
237
0
6
8
238
0
6
14
239
0
6
19
240
0
6
21
241
0
6
19
242
0
6
12
243
0
6
6
244
0
6
2
245
0
6
1
246
0
6
1
247
0
6
3
248
0
6
6
249
0
6
9
250
0
6
13
251
0
6
17
252
0
6
21
253
0
6
25
254
0
6
28
255
0
6
29
0
0
6
26
1
0
6
18
2
0
6
12
3
0
6
11
4
0
6
14
5
0
6
19
6
0
6
24
7
0
6
29
8
0
6
35
9
0
6
41
10
0
6
46
11
0
6
48
12
0
6
48
13
0
6
48
14
0
6
50
15
0
6
54
16
0
6
57
17
0
6
55
18
0
6
49
19
0
6
44
20
0
6
40
21
0
6
36
22
0
6
32
23
0
6
27
24
0
6
23
25
0
6
19
26
0
6
15
27
0
6
9
28
0
6
1
29
0
5
249
30
0
5
244
31
0
5
241
32
0
5
239
33
0
5
235
34
0
5
228
35
0
5
223
36
0
5
222
37
0
5
223
38
0
5
223
39
0
5
220
40
0
5
214
41
0
5
206
42
0
5
198
43
0
5
191
44
0
5
182
45
0
5
173
46
0
5
163
47
0
5
154
48
0
5
147
49
0
5
140
50
0
5
132
51
0
5
126
52
0
5
123
53
0
5
121
54
0
5
118
55
0
5
114
56
0
5
108
57
0
5
102
58
0
5
97
59
0
5
95
60
0
5
94
61
0
5
94
62
0
5
94
63
0
5
95
64
0
5
97
65
0
5
97
66
0
5
93
67
0
5
86
68
0
5
78
69
0
5
69
70
0
5
60
71
0
5
51
72
0
5
42
73
0
5
34
74
0
5
26
75
0
5
18
76
0
5
12
77
0
5
9
78
0
5
9
79
0
5
11
80
0
5
13
81
0
5
12
82
0
5
7
83
0
5
0
84
0
4
247
85
0
4
239
86
0
4
231
87
0
4
225
88
0
4
221
89
0
4
219
90
0
4
217
91
0
4
215
92
0
4
215
93
0
4
218
94
0
4
223
95
0
4
227
96
0
4
228
97
0
4
225
98
0
4
219
99
0
4
213
100
0
4
207
101
0
4
203
102
0
4
201
103
0
4
201
104
0
4
203
105
0
4
206
106
0
4
209
107
0
4
212
108
0
4
214
109
0
4
215
110
0
4
214
111
0
4
210
112
0
4
204
113
0
4
198
114
0
4
191
115
0
4
184
116
0
4
177
117
0
4
171
118
0
4
168
119
0
4
167
120
0
4
168
121
0
4
172
122
0
4
176
123
0
4
180
124
0
4
183
125
0
4
184
126
0
4
181
127
0
4
177
128
0
4
177
129
0
4
179
130
0
4
182
131
0
4
184
132
0
4
185
133
0
4
186
134
0
4
187
135
0
4
189
136
0
4
192
137
0
4
197
138
0
4
203
139
0
4
209
140
0
4
214
141
0
4
217
142
0
4
217
143
0
4
212
144
0
4
208
145
0
4
207
146
0
4
207
147
0
4
205
148
0
4
201
149
0
4
195
150
0
4
188
151
0
4
182
152
0
4
177
153
0
4
172
154
0
4
168
155
0
4
164
156
0
4
160
157
0
4
156
158
0
4
151
159
0
4
144
160
0
4
138
161
0
4
134
162
0
4
132
163
0
4
129
164
0
4
124
165
0
4
118
166
0
4
111
167
0
4
104
168
0
4
96
169
0
4
89
170
0
4
82
171
0
4
75
172
0
4
68
173
0
4
62
174
0
4
55
175
0
4
48
176
0
4
42
177
0
4
37
178
0
4
33
179
0
4
29
180
0
4
24
181
0
4
17
182
0
4
10
183
0
4
3
184
0
3
254
185
0
3
252
186
0
3
251
187
0
3
249
188
0
3
245
189
0
3
240
190
0
3
234
191
0
3
227
192
0
3
220
193
0
3
214
194
0
3
209
195
0
3
205
196
0
3
203
197
0
3
202
198
0
3
201
199
0
3
199
200
0
3
196
201
0
3
193
202
0
3
189
203
0
3
183
204
0
3
178
205
0
3
173
206
0
3
168
207
0
3
162
208
0
3
155
209
0
3
150
210
0
3
147
211
0
3
146
212
0
3
144
213
0
3
140
214
0
3
134
215
0
3
128
216
0
3
121
217
0
3
116
218
0
3
113
219
0
3
111
220
0
3
109
221
0
3
107
222
0
3
104
223
0
3
102
224
0
3
101
225
0
3
101
226
0
3
101
227
0
3
100
228
0
3
96
229
0
3
93
230
0
3
93
231
0
3
96
232
0
3
101
233
0
3
105
234
0
3
106
235
0
3
104
236
0
3
100
237
0
3
95
238
0
3
91
239
0
3
89
240
0
3
89
241
0
3
90
242
0
3
90
243
0
3
88
244
0
3
85
245
0
3
84
246
0
3
86
247
0
3
90
248
0
3
95
249
0
3
99
250
0
3
100
251
0
3
97
252
0
3
94
253
0
3
93
254
0
3
92
255
0
3
91
0
0
3
88
1
0
3
83
2
0
3
78
3
0
3
73
4
0
3
70
5
0
3
71
6
0
3
76
7
0
3
84
8
0
3
92
9
0
3
98
10
0
3
100
11
0
3
99
12
0
3
96
13
0
3
94
14
0
3
92
15
0
3
90
16
0
3
87
17
0
3
82
18
0
3
77
19
0
3
72
20
0
3
67
21
0
3
62
22
0
3
58
23
0
3
56
24
0
3
54
25
0
3
51
26
0
3
47
27
0
3
42
28
0
3
37
29
0
3
33
30
0
3
31
31
0
3
29
32
0
3
26
33
0
3
21
34
0
3
16
35
0
3
10
36
0
3
5
37
0
3
1
38
0
2
255
39
0
2
254
40
0
2
253
41
0
2
250
42
0
2
246
43
0
2
243
44
0
2
241
45
0
2
240
46
0
2
239
47
0
2
237
48
0
2
234
49
0
2
230
50
0
2
225
51
0
2
220
52
0
2
215
53
0
2
210
54
0
2
206
55
0
2
202
56
0
2
198
57
0
2
194
58
0
2
191
59
0
2
190
60
0
2
190
61
0
2
190
62
0
2
189
63
0
2
186
64
0
2
182
65
0
2
178
66
0
2
175
67
0
2
173
68
0
2
172
69
0
2
173
70
0
2
175
71
0
2
177
72
0
2
179
73
0
2
180
74
0
2
180
75
0
2
179
76
0
2
177
77
0
2
173
78
0
2
170
79
0
2
168
80
0
2
166
81
0
2
164
82
0
2
161
83
0
2
157
84
0
2
153
85
0
2
149
86
0
2
145
87
0
2
140
88
0
2
135
89
0
2
130
90
0
2
126
91
0
2
125
92
0
2
125
93
0
2
127
94
0
2
131
95
0
2
134
96
0
2
138
97
0
2
140
98
0
2
138
99
0
2
138
100
0
2
140
101
0
2
142
102
0
2
144
103
0
2
145
104
0
2
145
105
0
2
144
106
0
2
142
107
0
2
140
108
0
2
139
109
0
2
141
110
0
2
144
111
0
2
147
112
0
2
149
113
0
2
148
114
0
2
145
115
0
2
143
116
0
2
143
117
0
2
144
118
0
2
146
119
0
2
147
120
0
2
146
121
0
2
143
122
0
2
139
123
0
2
136
124
0
2
133
125
0
2
130
126
0
2
127
127
0
2
124
128
0
2
121
129
0
2
120
130
0
2
123
131
0
2
130
132
0
2
137
133
0
2
142
134
0
2
143
135
0
2
141
136
0
2
138
137
0
2
134
138
0
2
130
139
0
2
127
140
0
2
126
141
0
2
125
142
0
2
123
143
0
2
120
144
0
2
116
145
0
2
112
146
0
2
110
147
0
2
110
148
0
2
111
149
0
2
111
150
0
2
109
151
0
2
106
152
0
2
103
153
0
2
99
154
0
2
95
155
0
2
92
156
0
2
90
157
0
2
89
158
0
2
88
159
0
2
87
160
0
2
85
161
0
2
82
162
0
2
79
163
0
2
76
164
0
2
73
165
0
2
70
166
0
2
67
167
0
2
65
168
0
2
64
169
0
2
63
170
0
2
62
171
0
2
62
172
0
2
63
173
0
2
65
174
0
2
67
175
0
2
69
176
0
2
69
177
0
2
68
178
0
2
66
179
0
2
63
180
0
2
60
181
0
2
57
182
0
2
54
183
0
2
52
184
0
2
51
185
0
2
50
186
0
2
49
187
0
2
48
188
0
2
47
189
0
2
47
190
0
2
47
191
0
2
46
192
0
2
44
193
0
2
43
194
0
2
44
195
0
2
46
196
0
2
48
197
0
2
49
198
0
2
49
199
0
2
48
200
0
2
47
201
0
2
44
202
0
2
42
203
0
2
41
204
0
2
39
205
0
2
36
206
0
2
33
207
0
2
30
208
0
2
26
209
0
2
23
210
0
2
20
211
0
2
18
212
0
2
17
213
0
2
17
214
0
2
17
215
0
2
16
216
0
2
14
217
0
2
14
218
0
2
16
219
0
2
19
220
0
2
22
221
0
2
24
222
0
2
24
223
0
2
22
224
0
2
21
225
0
2
20
226
0
2
18
227
0
2
15
228
0
2
12
229
0
2
8
230
0
2
4
231
0
2
1
232
0
1
255
233
0
1
253
234
0
1
252
235
0
1
252
236
0
1
253
237
0
1
252
238
0
1
250
239
0
1
248
240
0
1
246
241
0
1
244
242
0
1
242
243
0
1
240
244
0
1
238
245
0
1
235
246
0
1
233
247
0
1
233
248
0
1
235
249
0
1
237
250
0
1
239
251
0
1
239
252
0
1
238
253
0
1
237
254
0
1
237
255
0
1
241
0
0
1
248
1
0
2
0
2
0
2
5
3
0
2
6
4
0
2
4
5
0
2
1
6
0
1
253
7
0
1
251
8
0
1
251
9
0
1
253
10
0
1
255
11
0
2
0
12
0
1
255
13
0
1
254
14
0
1
254
15
0
1
255
16
0
2
2
17
0
2
4
18
0
2
4
19
0
2
3
20
0
2
2
21
0
2
1
22
0
2
1
23
0
2
1
24
0
2
1
25
0
2
1
26
0
2
1
27
0
2
1
28
0
2
1
29
0
2
1
30
0
1
255
31
0
1
253
32
0
1
251
33
0
1
249
34
0
1
247
35
0
1
246
36
0
1
246
37
0
1
247
38
0
1
248
39
0
1
248
40
0
1
248
41
0
1
247
42
0
1
246
43
0
1
245
44
0
1
245
45
0
1
244
46
0
1
242
47
0
1
240
48
0
1
237
49
0
1
234
50
0
1
231
51
0
1
229
52
0
1
228
53
0
1
226
54
0
1
223
55
0
1
220
56
0
1
217
57
0
1
214
58
0
1
212
59
0
1
211
60
0
1
210
61
0
1
208
62
0
1
207
63
0
1
209
64
0
1
212
65
0
1
215
66
0
1
217
67
0
1
217
68
0
1
216
69
0
1
214
70
0
1
211
71
0
1
209
72
0
1
206
73
0
1
203
74
0
1
200
75
0
1
198
76
0
1
197
77
0
1
196
78
0
1
194
79
0
1
193
80
0
1
194
81
0
1
196
82
0
1
198
83
0
1
199
84
0
1
198
85
0
1
196
86
0
1
193
87
0
1
191
88
0
1
190
89
0
1
190
90
0
1
190
91
0
1
189
92
0
1
187
93
0
1
185
94
0
1
183
95
0
1
181
96
0
1
179
97
0
1
177
98
0
1
175
99
0
1
173
100
0
1
171
101
0
1
170
102
0
1
170
103
0
1
171
104
0
1
172
105
0
1
172
106
0
1
172
107
0
1
171
108
0
1
169
109
0
1
167
110
0
1
165
111
0
1
163
112
0
1
162
113
0
1
160
114
0
1
158
115
0
1
156
116
0
1
154
117
0
1
151
118
0
1
148
119
0
1
145
120
0
1
142
121
0
1
139
122
0
1
136
123
0
1
135
124
0
1
136
125
0
1
139
126
0
1
143
127
0
1
147
128
0
1
148
129
0
1
148
130
0
1
147
131
0
1
145
132
0
1
143
133
0
1
141
134
0
1
140
135
0
1
140
136
0
1
140
137
0
1
140
138
0
1
139
139
0
1
139
140
0
1
141
141
0
1
144
142
0
1
146
143
0
1
147
144
0
1
146
145
0
1
145
146
0
1
144
147
0
1
143
148
0
1
142
149
0
1
142
150
0
1
144
151
0
1
146
152
0
1
147
153
0
1
147
154
0
1
146
155
0
1
144
156
0
1
142
157
0
1
140
158
0
1
139
159
0
1
137
160
0
1
136
161
0
1
135
162
0
1
135
163
0
1
135
164
0
1
135
165
0
1
135
166
0
1
135
167
0
1
136
168
0
1
137
169
0
1
138
170
0
1
137
171
0
1
135
172
0
1
134
173
0
1
133
174
0
1
132
175
0
1
131
176
0
1
130
177
0
1
129
178
0
1
128
179
0
1
126
180
0
1
125
181
0
1
123
182
0
1
122
183
0
1
122
184
0
1
122
185
0
1
122
186
0
1
121
187
0
1
121
188
0
1
122
189
0
1
125
190
0
1
129
191
0
1
131
192
0
1
133
193
0
1
133
194
0
1
132
195
0
1
130
196
0
1
128
197
0
1
125
198
0
1
124
199
0
1
123
200
0
1
122
201
0
1
121
202
0
1
120
203
0
1
118
204
0
1
117
205
0
1
117
206
0
1
120
207
0
1
124
208
0
1
126
209
0
1
126
210
0
1
125
211
0
1
124
212
0
1
123
213
0
1
122
214
0
1
122
215
0
1
123
216
0
1
123
217
0
1
123
218
0
1
122
219
0
1
121
220
0
1
120
221
0
1
118
222
0
1
116
223
0
1
114
224
0
1
113
225
0
1
112
226
0
1
112
227
0
1
113
228
0
1
115
229
0
1
117
230
0
1
118
231
0
1
119
232
0
1
119
233
0
1
118
234
0
1
117
235
0
1
116
236
0
1
114
237
0
1
112
238
0
1
111
239
0
1
110
240
0
1
108
241
0
1
106
242
0
1
104
243
0
1
102
244
0
1
100
245
0
1
99
246
0
1
98
247
0
1
97
248
0
1
97
249
0
1
98
250
0
1
100
251
0
1
102
252
0
1
104
253
0
1
105
254
0
1
106
255
0
1
106
0
0
1
105
1
0
1
104
2
0
1
103
3
0
1
102
4
0
1
101
5
0
1
100
6
0
1
100
7
0
1
100
8
0
1
101
9
0
1
103
10
0
1
106
11
0
1
108
12
0
1
109
13
0
1
108
14
0
1
107
15
0
1
106
16
0
1
105
17
0
1
105
18
0
1
106
19
0
1
107
20
0
1
108
21
0
1
109
22
0
1
110
23
0
1
111
24
0
1
111
25
0
1
111
26
0
1
110
27
0
1
108
28
0
1
106
29
0
1
104
30
0
1
104
31
0
1
104
32
0
1
104
33
0
1
105
34
0
1
107
35
0
1
109
36
0
1
112
37
0
1
115
38
0
1
118
39
0
1
119
40
0
1
119
41
0
1
118
42
0
1
117
43
0
1
116
44
0
1
115
45
0
1
113
46
0
1
111
47
0
1
110
48
0
1
109
49
0
1
107
50
0
1
105
51
0
1
103
52
0
1
102
53
0
1
101
54
0
1
99
55
0
1
97
56
0
1
95
57
0
1
94
58
0
1
94
59
0
1
94
60
0
1
94
61
0
1
94
62
0
1
93
63
0
1
92
64
0
1
91
65
0
1
89
66
0
1
88
67
0
1
88
68
0
1
88
69
0
1
88
70
0
1
87
71
0
1
86
72
0
1
84
73
0
1
82
74
0
1
81
75
0
1
82
76
0
1
84
77
0
1
86
78
0
1
87
79
0
1
87
80
0
1
86
81
0
1
85
82
0
1
83
83
0
1
82
84
0
1
81
85
0
1
79
86
0
1
77
87
0
1
75
88
0
1
73
89
0
1
71
90
0
1
70
91
0
1
69
92
0
1
68
93
0
1
67
94
0
1
65
95
0
1
63
96
0
1
62
97
0
1
62
98
0
1
62
99
0
1
63
100
0
1
64
101
0
1
64
102
0
1
63
103
0
1
61
104
0
1
61
105
0
1
60
106
0
1
59
107
0
1
58
108
0
1
57
109
0
1
56
110
0
1
55
111
0
1
53
112
0
1
52
113
0
1
52
114
0
1
52
115
0
1
51
116
0
1
50
117
0
1
51
118
0
1
53
119
0
1
56
120
0
1
59
121
0
1
62
122
0
1
64
123
0
1
66
124
0
1
68
125
0
1
69
126
0
1
68
127
0
1
66
128
0
1
65
129
0
1
64
130
0
1
63
131
0
1
63
132
0
1
64
133
0
1
66
134
0
1
69
135
0
1
72
136
0
1
75
137
0
1
77
138
0
1
78
139
0
1
77
140
0
1
76
141
0
1
74
142
0
1
73
143
0
1
73
144
0
1
73
145
0
1
73
146
0
1
73
147
0
1
73
148
0
1
72
149
0
1
71
150
0
1
70
151
0
1
69
152
0
1
67
153
0
1
66
154
0
1
65
155
0
1
64
156
0
1
62
157
0
1
60
158
0
1
58
159
0
1
57
160
0
1
57
161
0
1
58
162
0
1
59
163
0
1
59
164
0
1
58
165
0
1
56
166
0
1
55
167
0
1
54
168
0
1
52
169
0
1
51
170
0
1
49
171
0
1
47
172
0
1
46
173
0
1
46
174
0
1
45
175
0
1
43
176
0
1
41
177
0
1
40
178
0
1
39
179
0
1
37
180
0
1
36
181
0
1
34
182
0
1
32
183
0
1
31
184
0
1
30
185
0
1
29
186
0
1
28
187
0
1
27
188
0
1
25
189
0
1
23
190
0
1
22
191
0
1
20
192
0
1
19
193
0
1
19
194
0
1
19
195
0
1
19
196
0
1
20
197
0
1
20
198
0
1
19
199
0
1
18
200
0
1
18
201
0
1
19
202
0
1
19
203
0
1
19
204
0
1
19
205
0
1
19
206
0
1
18
207
0
1
17
208
0
1
16
209
0
1
14
210
0
1
13
211
0
1
13
212
0
1
13
213
0
1
12
214
0
1
11
215
0
1
9
216
0
1
7
217
0
1
6
218
0
1
4
219
0
1
2
220
0
1
0
221
0
0
255
222
0
0
255
223
0
0
255
224
0
0
255
225
0
0
255
226
0
0
254
227
0
0
254
228
0
0
255
229
0
1
0
230
0
1
0
231
0
0
255
232
0
0
254
233
0
0
253
234
0
0
252
235
0
0
251
236
0
0
250
237
0
0
249
238
0
0
249
239
0
0
250
240
0
0
251
241
0
0
251
242
0
0
252
243
0
0
253
244
0
0
255
245
0
1
1
246
0
1
1
247
0
1
1
248
0
1
2
249
0
1
4
250
0
1
5
251
0
1
5
252
0
1
4
253
0
1
3
254
0
1
1
255
0
0
255
0
0
0
254
1
0
1
0
2
0
1
2
3
0
1
4
4
0
1
6
5
0
1
7
6
0
1
7
7
0
1
7
8
0
1
7
9
0
1
6
10
0
1
5
11
0
1
3
12
0
1
1
13
0
0
255
14
0
0
254
15
0
0
253
16
0
0
253
17
0
0
253
18
0
0
252
19
0
0
251
20
0
0
251
21
0
0
250
22
0
0
250
23
0
0
249
24
0
0
248
25
0
0
247
26
0
0
246
27
0
0
245
28
0
0
244
29
0
0
243
30
0
0
243
31
0
0
243
32
0
0
243
33
0
0
243
34
0
0
242
35
0
0
241
36
0
0
241
37
0
0
241
38
0
0
241
39
0
0
241
40
0
0
240
41
0
0
241
42
0
0
243
43
0
0
245
44
0
0
246
45
0
0
246
46
0
0
245
47
0
0
244
48
0
0
243
49
0
0
242
50
0
0
241
51
0
0
240
52
0
0
239
53
0
0
238
54
0
0
238
55
0
0
237
56
0
0
237
57
0
0
237
58
0
0
237
59
0
0
237
60
0
0
237
61
0
0
237
62
0
0
237
63
0
0
238
64
0
0
239
65
0
0
240
66
0
0
241
67
0
0
241
68
0
0
241
69
0
0
242
70
0
0
243
71
0
0
243
72
0
0
244
73
0
0
245
74
0
0
245
75
0
0
245
76
0
0
244
77
0
0
243
78
0
0
243
79
0
0
243
80
0
0
244
81
0
0
245
82
0
0
245
83
0
0
244
84
0
0
243
85
0
0
243
86
0
0
243
87
0
0
243
88
0
0
243
89
0
0
242
90
0
0
241
91
0
0
241
92
0
0
242
93
0
0
243
94
0
0
243
95
0
0
242
96
0
0
241
97
0
0
240
98
0
0
239
99
0
0
238
100
0
0
237
101
0
0
236
102
0
0
235
103
0
0
235
104
0
0
234
105
0
0
233
106
0
0
233
107
0
0
234
108
0
0
235
109
0
0
235
110
0
0
234
111
0
0
234
112
0
0
235
113
0
0
236
114
0
0
236
115
0
0
235
116
0
0
235
117
0
0
236
118
0
0
236
119
0
0
236
120
0
0
237
121
0
0
238
122
0
0
238
123
0
0
238
124
0
0
238
125
0
0
237
126
0
0
238
127
0
0
241
128
0
0
243
129
0
0
245
130
0
0
246
131
0
0
246
132
0
0
246
133
0
0
246
134
0
0
246
135
0
0
245
136
0
0
245
137
0
0
244
138
0
0
244
139
0
0
244
140
0
0
243
141
0
0
242
142
0
0
241
143
0
0
240
144
0
0
239
145
0
0
239
146
0
0
238
147
0
0
237
148
0
0
236
149
0
0
235
150
0
0
234
151
0
0
233
152
0
0
232
153
0
0
231
154
0
0
230
155
0
0
229
156
0
0
228
157
0
0
228
158
0
0
228
159
0
0
228
160
0
0
229
161
0
0
229
162
0
0
228
163
0
0
228
164
0
0
228
165
0
0
228
166
0
0
228
167
0
0
229
168
0
0
230
169
0
0
230
170
0
0
230
171
0
0
230
172
0
0
230
173
0
0
230
174
0
0
229
175
0
0
228
176
0
0
228
177
0
0
228
178
0
0
227
179
0
0
226
180
0
0
225
181
0
0
225
182
0
0
226
183
0
0
227
184
0
0
227
185
0
0
226
186
0
0
225
187
0
0
225
188
0
0
226
189
0
0
227
190
0
0
228
191
0
0
228
192
0
0
228
193
0
0
228
194
0
0
229
195
0
0
230
196
0
0
231
197
0
0
231
198
0
0
231
199
0
0
230
200
0
0
229
201
0
0
229
202
0
0
229
203
0
0
229
204
0
0
228
205
0
0
227
206
0
0
227
207
0
0
227
208
0
0
227
209
0
0
228
210
0
0
228
211
0
0
228
212
0
0
228
213
0
0
227
214
0
0
227
215
0
0
228
216
0
0
229
217
0
0
230
218
0
0
231
219
0
0
232
220
0
0
232
221
0
0
233
222
0
0
233
223
0
0
233
224
0
0
233
225
0
0
233
226
0
0
233
227
0
0
233
228
0
0
233
229
0
0
233
230
0
0
233
231
0
0
232
232
0
0
232
233
0
0
233
234
0
0
233
235
0
0
233
236
0
0
233
237
0
0
233
238
0
0
233
239
0
0
233
240
0
0
233
241
0
0
233
242
0
0
233
243
0
0
232
244
0
0
232
245
0
0
232
246
0
0
232
247
0
0
232
248
0
0
231
249
0
0
230
250
0
0
230
251
0
0
230
252
0
0
230
253
0
0
231
254
0
0
231
255
0
0
230
0
0
0
229
1
0
0
228
2
0
0
227
3
0
0
227
4
0
0
226
5
0
0
226
6
0
0
225
7
0
0
224
8
0
0
224
9
0
0
224
10
0
0
224
11
0
0
223
12
0
0
222
13
0
0
221
14
0
0
220
15
0
0
219
16
0
0
218
17
0
0
217
18
0
0
216
19
0
0
215
20
0
0
214
21
0
0
213
22
0
0
212
23
0
0
211
24
0
0
211
25
0
0
210
26
0
0
210
27
0
0
210
28
0
0
210
29
0
0
210
30
0
0
209
31
0
0
208
32
0
0
207
33
0
0
206
34
0
0
205
35
0
0
205
36
0
0
205
37
0
0
205
38
0
0
204
39
0
0
203
40
0
0
202
41
0
0
201
42
0
0
200
43
0
0
200
44
0
0
200
45
0
0
200
46
0
0
200
47
0
0
200
48
0
0
200
49
0
0
200
50
0
0
200
51
0
0
201
52
0
0
201
53
0
0
202
54
0
0
203
55
0
0
203
56
0
0
204
57
0
0
205
58
0
0
206
59
0
0
206
60
0
0
206
61
0
0
206
62
0
0
206
63
0
0
206
64
0
0
206
65
0
0
206
66
0
0
206
67
0
0
206
68
0
0
205
69
0
0
204
70
0
0
203
71
0
0
202
72
0
0
202
73
0
0
203
74
0
0
204
75
0
0
204
76
0
0
203
77
0
0
203
78
0
0
203
79
0
0
203
80
0
0
203
81
0
0
202
82
0
0
201
83
0
0
200
84
0
0
200
85
0
0
200
86
0
0
200
87
0
0
200
88
0
0
200
89
0
0
200
90
0
0
200
91
0
0
200
92
0
0
199
93
0
0
198
94
0
0
198
95
0
0
197
96
0
0
196
97
0
0
195
98
0
0
194
99
0
0
193
100
0
0
193
101
0
0
194
102
0
0
194
103
0
0
194
104
0
0
193
105
0
0
192
106
0
0
192
107
0
0
192
108
0
0
192
109
0
0
192
110
0
0
191
111
0
0
190
112
0
0
189
113
0
0
188
114
0
0
188
115
0
0
187
116
0
0
187
117
0
0
187
118
0
0
186
119
0
0
185
120
0
0
184
121
0
0
183
122
0
0
182
123
0
0
181
124
0
0
180
125
0
0
180
126
0
0
180
127
0
0
179
128
0
0
179
129
0
0
179
130
0
0
179
131
0
0
178
132
0
0
177
133
0
0
177
134
0
0
177
135
0
0
177
136
0
0
176
137
0
0
176
138
0
0
175
139
0
0
174
140
0
0
173
141
0
0
172
142
0
0
171
143
0
0
170
144
0
0
169
145
0
0
168
146
0
0
167
147
0
0
167
148
0
0
167
149
0
0
168
150
0
0
168
151
0
0
168
152
0
0
168
153
0
0
167
154
0
0
166
155
0
0
165
156
0
0
164
157
0
0
163
158
0
0
163
159
0
0
164
160
0
0
164
161
0
0
164
162
0
0
164
163
0
0
164
164
0
0
163
165
0
0
162
166
0
0
161
167
0
0
160
168
0
0
160
169
0
0
160
170
0
0
160
171
0
0
161
172
0
0
161
173
0
0
160
174
0
0
160
175
0
0
160
176
0
0
160
177
0
0
161
178
0
0
162
179
0
0
162
180
0
0
162
181
0
0
161
182
0
0
161
183
0
0
161
184
0
0
161
185
0
0
160
186
0
0
159
187
0
0
158
188
0
0
158
189
0
0
157
190
0
0
156
191
0
0
155
192
0
0
154
193
0
0
153
194
0
0
153
195
0
0
152
196
0
0
152
197
0
0
153
198
0
0
153
199
0
0
152
200
0
0
152
201
0
0
152
202
0
0
152
203
0
0
153
204
0
0
154
205
0
0
154
206
0
0
154
207
0
0
154
208
0
0
154
209
0
0
154
210
0
0
154
211
0
0
154
212
0
0
154
213
0
0
154
214
0
0
154
215
0
0
153
216
0
0
152
217
0
0
152
218
0
0
151
219
0
0
151
220
0
0
151
221
0
0
151
222
0
0
151
223
0
0
152
224
0
0
152
225
0
0
151
226
0
0
151
227
0
0
152
228
0
0
152
229
0
0
153
230
0
0
153
231
0
0
153
232
0
0
152
233
0
0
152
234
0
0
152
235
0
0
152
236
0
0
152
237
0
0
153
238
0
0
154
239
0
0
155
240
0
0
155
241
0
0
156
242
0
0
156
243
0
0
157
244
0
0
157
245
0
0
157
246
0
0
157
247
0
0
156
248
0
0
155
249
0
0
155
250
0
0
156
251
0
0
156
252
0
0
156
253
0
0
156
254
0
0
156
255
0
0
157
0
0
0
158
1
0
0
158
2
0
0
157
3
0
0
157
4
0
0
158
5
0
0
158
6
0
0
158
7
0
0
159
8
0
0
160
9
0
0
160
10
0
0
159
11
0
0
159
12
0
0
159
13
0
0
159
14
0
0
159
15
0
0
159
16
0
0
158
17
0
0
159
18
0
0
160
19
0
0
160
20
0
0
160
21
0
0
160
22
0
0
160
23
0
0
160
24
0
0
160
25
0
0
160
26
0
0
160
27
0
0
160
28
0
0
161
29
0
0
161
30
0
0
161
31
0
0
162
32
0
0
163
33
0
0
163
34
0
0
164
35
0
0
164
36
0
0
165
37
0
0
165
38
0
0
165
39
0
0
166
40
0
0
168
41
0
0
168
42
0
0
169
43
0
0
169
44
0
0
169
45
0
0
168
46
0
0
169
47
0
0
169
48
0
0
169
49
0
0
169
50
0
0
169
51
0
0
169
52
0
0
169
53
0
0
169
54
0
0
170
55
0
0
171
56
0
0
171
57
0
0
171
58
0
0
171
59
0
0
171
60
0
0
171
61
0
0
170
62
0
0
170
63
0
0
170
64
0
0
169
65
0
0
168
66
0
0
168
67
0
0
167
68
0
0
167
69
0
0
167
70
0
0
167
71
0
0
167
72
0
0
167
73
0
0
168
74
0
0
168
75
0
0
167
76
0
0
166
77
0
0
166
78
0
0
165
79
0
0
164
80
0
0
163
81
0
0
163
82
0
0
162
83
0
0
162
84
0
0
161
85
0
0
160
86
0
0
160
87
0
0
160
88
0
0
160
89
0
0
159
90
0
0
158
91
0
0
157
92
0
0
156
93
0
0
155
94
0
0
154
95
0
0
154
96
0
0
154
97
0
0
154
98
0
0
153
99
0
0
153
100
0
0
152
101
0
0
152
102
0
0
151
103
0
0
151
104
0
0
151
105
0
0
151
106
0
0
150
107
0
0
149
108
0
0
148
109
0
0
148
110
0
0
148
111
0
0
148
112
0
0
147
113
0
0
148
114
0
0
148
115
0
0
148
116
0
0
148
117
0
0
148
118
0
0
147
119
0
0
147
120
0
0
147
121
0
0
147
122
0
0
147
123
0
0
147
124
0
0
146
125
0
0
146
126
0
0
147
127
0
0
147
128
0
0
147
129
0
0
148
130
0
0
149
131
0
0
149
132
0
0
148
133
0
0
148
134
0
0
149
135
0
0
149
136
0
0
150
137
0
0
151
138
0
0
151
139
0
0
151
140
0
0
152
141
0
0
152
142
0
0
151
143
0
0
151
144
0
0
152
145
0
0
153
146
0
0
153
147
0
0
153
148
0
0
154
149
0
0
154
150
0
0
154
151
0
0
154
152
0
0
154
153
0
0
154
154
0
0
155
155
0
0
155
156
0
0
154
157
0
0
154
158
0
0
154
159
0
0
154
160
0
0
153
161
0
0
153
162
0
0
154
163
0
0
155
164
0
0
155
165
0
0
154
166
0
0
155
167
0
0
155
168
0
0
156
169
0
0
156
170
0
0
156
171
0
0
156
172
0
0
156
173
0
0
156
174
0
0
156
175
0
0
155
176
0
0
155
177
0
0
155
178
0
0
155
179
0
0
155
180
0
0
156
181
0
0
156
182
0
0
156
183
0
0
155
184
0
0
155
185
0
0
154
186
0
0
153
187
0
0
152
188
0
0
151
189
0
0
150
190
0
0
150
191
0
0
150
192
0
0
150
193
0
0
149
194
0
0
149
195
0
0
149
196
0
0
149
197
0
0
150
198
0
0
150
199
0
0
150
200
0
0
149
201
0
0
148
202
0
0
148
203
0
0
147
204
0
0
146
205
0
0
145
206
0
0
144
207
0
0
143
208
0
0
143
209
0
0
143
210
0
0
143
211
0
0
143
212
0
0
143
213
0
0
142
214
0
0
142
215
0
0
141
216
0
0
140
217
0
0
139
218
0
0
138
219
0
0
137
220
0
0
136
221
0
0
135
222
0
0
134
223
0
0
133
224
0
0
133
225
0
0
132
226
0
0
131
227
0
0
130
228
0
0
129
229
0
0
129
230
0
0
128
231
0
0
127
232
0
0
127
233
0
0
127
234
0
0
127
235
0
0
127
236
0
0
127
237
0
0
128
238
0
0
127
239
0
0
127
240
0
0
128
241
0
0
128
242
0
0
128
243
0
0
127
244
0
0
127
245
0
0
127
246
0
0
127
247
0
0
127
248
0
0
127
249
0
0
127
250
0
0
127
251
0
0
127
252
0
0
127
253
0
0
127
254
0
0
127
255
0
0
127
0
0
0
127
1
0
0
127
2
0
0
128
3
0
0
128
4
0
0
127
5
0
0
127
6
0
0
127
7
0
0
127
8
0
0
128
9
0
0
128
10
0
0
128
11
0
0
128
12
0
0
128
13
0
0
128
14
0
0
128
15
0
0
127
16
0
0
128
17
0
0
128
18
0
0
127
19
0
0
127
20
0
0
127
21
0
0
127
22
0
0
127
23
0
0
128
24
0
0
127
25
0
0
128
26
0
0
128
27
0
0
127
28
0
0
127
29
0
0
127
30
0
0
127
31
0
0
127
32
0
0
128
33
0
0
127
34
0
0
128
35
0
0
128
36
0
0
127
37
0
0
128
38
0
0
128
39
0
0
127
40
0
0
128
41
0
0
129
42
0
0
129
43
0
0
129
44
0
0
129
45
0
0
128
46
0
0
127
47
0
0
127
48
0
0
127
49
0
0
128
50
0
0
127
51
0
0
127
52
0
0
128
53
0
0
127
54
0
0
127
55
0
0
127
56
0
0
127
57
0
0
128
58
0
0
128
59
0
0
128
60
0
0
128
61
0
0
128
62
0
0
128
63
0
0
127
64
0
0
127
65
0
0
127
66
0
0
127
67
0
0
127
68
0
0
127
69
0
0
127
70
0
0
127
71
0
0
127
72
0
0
127
73
0
0
127
74
0
0
127
75
0
0
127
76
0
0
127
77
0
0
127
78
0
0
127
79
0
0
127
80
0
0
128
81
0
0
128
82
0
0
127
83
0
0
127
84
0
0
128
85
0
0
127
86
0
0
127
87
0
0
127
88
0
0
127
89
0
0
127
90
0
0
127
91
0
0
127
92
0
0
127
93
0
0
127
94
0
0
127
95
0
0
127
96
0
0
127
97
0
0
128
98
0
0
127
99
0
0
128
100
0
0
128
101
0
0
127
102
0
0
127
103
0
0
128
104
0
0
128
105
0
0
127
106
0
0
127
107
0
0
128
108
0
0
127
109
0
0
128
110
0
0
128
111
0
0
128
112
0
0
128
113
0
0
129
114
0
0
129
115
0
0
129
116
0
0
128
117
0
0
127
118
0
0
127
119
0
0
127
120
0
0
127
121
0
0
128
122
0
0
128
123
0
0
127
124
0
0
127
125
0
0
127
126
0
0
127
127
0
0
127
128
0
0
128
129
0
0
127
130
0
0
127
131
0
0
127
132
0
0
127
133
0
0
127
134
0
0
128
135
0
0
127
136
0
0
127
137
0
0
128
138
0
0
128
139
0
0
128
140
0
0
127
141
0
0
128
142
0
0
127
143
0
0
128
144
0
0
127
145
0
0
127
146
0
0
127
147
0
0
127
148
0
0
128
149
0
0
127
150
0
0
127
151
0
0
128
152
0
0
128
153
0
0
128
154
0
0
127
155
0
0
127
156
0
0
128
157
0
0
129
158
0
0
129
159
0
0
129
160
0
0
129
161
0
0
130
162
0
0
130
163
0
0
131
164
0
0
131
165
0
0
131
166
0
0
131
167
0
0
131
168
0
0
131
169
0
0
131
170
0
0
130
171
0
0
130
172
0
0
130
173
0
0
129
174
0
0
128
175
0
0
128
176
0
0
127
177
0
0
127
178
0
0
128
179
0
0
127
180
0
0
127
181
0
0
127
182
0
0
127
183
0
0
127
184
0
0
127
185
0
0
127
186
0
0
127
187
0
0
127
188
0
0
127
189
0
0
129
190
0
0
129
191
0
0
129
192
0
0
128
193
0
0
127
194
0
0
127
195
0
0
127
196
0
0
128
197
0
0
127
198
0
0
127
199
0
0
127
200
0
0
127
201
0
0
127
202
0
0
127
203
0
0
127
204
0
0
127
205
0
0
127
206
0
0
128
207
0
0
127
208
0
0
127
209
0
0
127
210
0
0
127
211
0
0
127
212
0
0
127
213
0
0
128
214
0
0
128
215
0
0
127
216
0
0
127
217
0
0
127
218
0
0
127
219
0
0
127
220
0
0
127
221
0
0
128
222
0
0
127
223
0
0
127
224
0
0
127
225
0
0
127
226
0
0
127
227
0
0
127
228
0
0
127
229
0
0
127
230
0
0
127
231
0
0
127
232
0
0
127
233
0
0
127
234
0
0
127
235
0
0
127
236
0
0
127
237
0
0
128
238
0
0
127
239
0
0
127
240
0
0
127
241
0
0
127
242
0
0
128
243
0
0
127
244
0
0
127
245
0
0
127
246
0
0
127
247
0
0
127
248
0
0
127
249
0
0
127
250
0
0
127
251
0
0
127
252
0
0
128
253
0
0
128
254
0
0
127
255
0
0
128
0
0
0
128
1
0
0
128
2
0
0
127
3
0
0
127
4
0
0
128
5
0
0
127
6
0
0
128
7
0
0
127
8
0
0
127
9
0
0
128
10
0
0
128
11
0
0
127
12
0
0
127
13
0
0
127
14
0
0
127
15
0
0
127
16
0
0
127
17
0
0
127
18
0
0
127
19
0
0
128
20
0
0
127
21
0
0
128
22
0
0
127
23
0
0
128
24
0
0
128
25
0
0
127
26
0
0
127
27
0
0
127
28
0
0
127
29
0
0
127
30
0
0
127
31
0
0
128
32
0
0
127
33
0
0
128
34
0
0
128
35
0
0
127
36
0
0
127
37
0
0
127
38
0
0
127
39
0
0
128
40
0
0
127
41
0
0
128
42
0
0
128
43
0
0
127
44
0
0
127
45
0
0
127
46
0
0
127
47
0
0
127
48
0
0
127
49
0
0
127
50
0
0
127
51
0
0
127
52
0
0
127
53
0
0
127
54
0
0
127
55
0
0
127
56
0
0
128
57
0
0
127
58
0
0
127
59
0
0
127
60
0
0
127
61
0
0
127
62
0
0
127
63
0
0
127
64
0
0
127
65
0
0
128
66
0
0
128
67
0
0
128
68
0
0
127
69
0
0
127
70
0
0
127
71
0
0
127
72
0
0
127
73
0
0
127
74
0
0
128
75
0
0
127
76
0
0
128
77
0
0
127
78
0
0
127
79
0
0
127
80
0
0
127
81
0
0
128
82
0
0
128
83
0
0
128
84
0
0
128
85
0
0
128
86
0
0
127
87
0
0
127
88
0
0
127
89
0
0
128
90
0
0
128
91
0
0
127
92
0
0
128
93
0
0
128
94
0
0
127
95
0
0
127
96
0
0
127
97
0
0
127
98
0
0
127
99
0
0
127
100
0
0
127
101
0
0
127
102
0
0
127
103
0
0
127
104
0
0
127
105
0
0
127
106
0
0
128
107
0
0
127
108
0
0
127
109
0
0
127
110
0
0
127
111
0
0
127
112
0
0
127
113
0
0
127
114
0
0
127
115
0
0
127
116
0
0
127
117
0
0
128
118
0
0
127
119
0
0
127
120
0
0
127
121
0
0
127
122
0
0
127
123
0
0
127
124
0
0
127
125
0
0
127
126
0
0
127
127
0
0
127
128
0
0
128
129
0
0
127
130
0
0
127
131
0
0
127
132
0
0
128
133
0
0
127
134
0
0
127
135
0
0
127
136
0
0
127
137
0
0
127
138
0
0
127
139
0
0
127
140
0
0
127
141
0
0
127
142
0
0
127
143
0
0
127
144
0
0
127
145
0
0
128
146
0
0
128
147
0
0
127
148
0
0
127
149
0
0
127
150
0
0
127
151
0
0
128
152
0
0
127
153
0
0
127
154
0
0
127
155
0
0
128
156
0
0
128
157
0
0
128
158
0
0
127
159
0
0
127
160
0
0
127
161
0
0
127
162
0
0
127
163
0
0
127
164
0
0
127
165
0
0
128
166
0
0
127
167
0
0
127
168
0
0
127
169
0
0
128
170
0
0
127
171
0
0
127
172
0
0
127
173
0
0
128
174
0
0
127
175
0
0
127
176
0
0
127
177
0
0
127
178
0
0
128
179
0
0
127
180
0
0
127
181
0
0
127
182
0
0
127
183
0
0
128
184
0
0
128
185
0
0
128
186
0
0
128
187
0
0
128
188
0
0
127
189
0
0
127
190
0
0
127
191
0
0
127
192
0
0
128
193
0
0
128
194
0
0
128
195
0
0
128
196
0
0
128
197
0
0
128
198
0
0
128
199
0
0
128
200
0
0
128
201
0
0
128
202
0
0
128
203
0
0
127
204
0
0
127
205
0
0
127
206
0
0
127
207
0
0
127
208
0
0
128
209
0
0
127
210
0
0
127
211
0
0
127
212
0
0
127
213
0
0
127
214
0
0
127
215
0
0
127
216
0
0
127
217
0
0
127
218
0
0
127
219
0
0
127
220
0
0
127
221
0
0
127
222
0
0
127
223
0
0
127
224
0
0
128
225
0
0
128
226
0
0
127
227
0
0
127
228
0
0
127
229
0
0
128
230
0
0
128
231
0
0
127
232
0
0
128
233
0
0
127
234
0
0
127
235
0
0
128
236
0
0
128
237
0
0
128
238
0
0
128
239
0
0
128
240
0
0
128
241
0
0
128
242
0
0
128
243
0
0
128
244
0
0
127
245
0
0
127
246
0
0
127
247
0
0
127
248
0
0
127
249
0
0
127
250
0
0
127
251
0
0
128
252
0
0
127
253
0
0
127
254
0
0
127
255
0
0
127
0
0
0
127
1
0
0
127
2
0
0
127
3
0
0
128
4
0
0
127
5
0
0
127
6
0
0
127
7
0
0
127
8
0
0
127
9
0
0
127
10
0
0
127
11
0
0
127
12
0
0
127
13
0
0
127
14
0
0
127
15
0
0
127
16
0
0
127
17
0
0
127
18
0
0
127
19
0
0
127
20
0
0
128
21
0
0
127
22
0
0
127
23
0
0
127
24
0
0
127
25
0
0
127
26
0
0
127
27
0
0
127
28
0
0
128
29
0
0
128
30
0
0
127
31
0
0
127
32
0
0
127
33
0
0
127
34
0
0
127
35
0
0
128
36
0
0
127
37
0
0
127
38
0
0
127
39
0
0
127
40
0
0
128
41
0
0
127
42
0
0
127
43
0
0
128
44
0
0
127
45
0
0
128
46
0
0
127
47
0
0
128
48
0
0
128
49
0
0
128
50
0
0
128
51
0
0
128
52
0
0
128
53
0
0
128
54
0
0
127
55
0
0
127
56
0
0
127
57
0
0
127
58
0
0
127
59
0
0
127
60
0
0
127
61
0
0
127
62
0
0
127
63
0
0
127
64
0
0
127
65
0
0
127
66
0
0
127
67
0
0
127
68
0
0
128
69
0
0
128
70
0
0
128
71
0
0
128
72
0
0
127
73
0
0
127
74
0
0
127
75
0
0
127
76
0
0
127
77
0
0
127
78
0
0
127
79
0
0
128
80
0
0
127
81
0
0
127
82
0
0
127
83
0
0
128
84
0
0
127
85
0
0
127
86
0
0
127
87
0
0
127
88
0
0
128
89
0
0
127
90
0
0
127
91
0
0
127
92
0
0
127
93
0
0
127
94
0
0
128
95
0
0
127
96
0
0
127
97
0
0
127
98
0
0
127
99
0
0
127
100
0
0
127
101
0
0
128
102
0
0
127
103
0
0
127
104
0
0
127
105
0
0
127
106
0
0
127
107
0
0
128
108
0
0
127
109
0
0
127
110
0
0
128
111
0
0
127
112
0
0
127
113
0
0
127
114
0
0
127
115
0
0
127
116
0
0
127
117
0
0
127
118
0
0
127
119
0
0
127
120
0
0
128
121
0
0
128
122
0
0
127
123
0
0
127
124
0
0
128
125
0
0
128
126
0
0
128
127
0
0
128
128
0
0
127
129
0
0
127
130
0
0
128
131
0
0
127
132
0
0
127
133
0
0
127
134
0
0
127
135
0
0
127
136
0
0
127
137
0
0
127
138
0
0
127
139
0
0
127
140
0
0
127
141
0
0
127
142
0
0
127
143
0
0
128
144
0
0
128
145
0
0
127
146
0
0
127
147
0
0
127
148
0
0
127
149
0
0
127
150
0
0
127
151
0
0
127
152
0
0
127
153
0
0
127
154
0
0
127
155
0
0
127
156
0
0
127
157
0
0
127
158
0
0
128
159
0
0
127
160
0
0
127
161
0
0
127
162
0
0
127
163
0
0
127
164
0
0
127
165
0
0
127
166
0
0
127
167
0
0
127
168
0
0
128
169
0
0
128
170
0
0
128
171
0
0
127
172
0
0
128
173
0
0
127
174
0
0
127
175
0
0
127
176
0
0
127
177
0
0
127
178
0
0
127
179
0
0
127
180
0
0
127
181
0
0
127
182
0
0
127
183
0
0
127
184
0
0
128
185
0
0
128
186
0
0
127
187
0
0
127
188
0
0
128
189
0
0
128
190
0
0
128
191
0
0
127
192
0
0
127
193
0
0
127
194
0
0
127
195
0
0
127
196
0
0
127
197
0
0
127
198
0
0
127
199
0
0
127
200
0
0
127
201
0
0
127
202
0
0
128
203
0
0
127
204
0
0
128
205
0
0
127
206
0
0
127
207
0
0
128
208
0
0
128
209
0
0
128
210
0
0
127
211
0
0
127
212
0
0
127
213
0
0
127
214
0
0
127
215
0
0
127
216
0
0
127
217
0
0
127
218
0
0
127
219
0
0
127
220
0
0
127
221
0
0
127
222
0
0
127
223
0
0
128
224
0
0
127
225
0
0
127
226
0
0
128
227
0
0
128
228
0
0
128
229
0
0
128
230
0
0
127
231
0
0
127
232
0
0
127
233
0
0
127
234
0
0
128
235
0
0
127
236
0
0
127
237
0
0
128
238
0
0
127
239
0
0
127
240
0
0
127
241
0
0
127
242
0
0
127
243
0
0
127
244
0
0
127
245
0
0
127
246
0
0
127
247
0
0
127
248
0
0
127
249
0
0
127
250
0
0
127
251
0
0
127
252
0
0
127
253
0
0
127
254
0
0
127
255
0
0
127
0
0
0
127
1
0
0
127
2
0
0
127
3
0
0
127
4
0
0
127
5
0
0
127
6
0
0
127
7
0
0
127
8
0
0
127
9
0
0
127
10
0
0
127
11
0
0
127
12
0
0
127
13
0
0
127
14
0
0
127
15
0
0
127
16
0
0
127
17
0
0
127
18
0
0
127
19
0
0
127
20
0
0
127
21
0
0
127
22
0
0
127
23
0
0
127
24
0
0
127
25
0
0
127
26
0
0
127
27
0
0
127
28
0
0
127
29
0
0
127
30
0
0
127
31
0
0
127
32
0
0
127
33
0
0
127
34
0
0
127
35
0
0
127
36
0
0
127
37
0
0
127
38
0
0
127
39
0
0
127
40
0
0
127
41
0
0
127
42
0
0
127
43
0
0
127
44
0
0
127
45
0
0
127
46
0
0
127
47
0
0
127
48
0
0
127
49
0
0
127
50
0
0
127
51
0
0
127
52
0
0
127
53
0
0
127
54
0
0
127
55
0
0
127
56
0
0
127
57
0
0
127
58
0
0
128
59
0
0
127
60
0
0
127
61
0
0
127
62
0
0
127
63
0
0
127
64
0
0
127
65
0
0
127
66
0
0
127
67
0
0
127
68
0
0
128
69
0
0
127
70
0
0
128
71
0
0
127
72
0
0
127
73
0
0
127
74
0
0
128
75
0
0
128
76
0
0
127
77
0
0
127
78
0
0
127
79
0
0
127
80
0
0
127
81
0
0
127
82
0
0
127
83
0
0
127
84
0
0
127
85
0
0
127
86
0
0
127
87
0
0
127
88
0
0
127
89
0
0
127
90
0
0
127
91
0
0
127
92
0
0
127
93
0
0
127
94
0
0
127
95
0
0
127
96
0
0
127
97
0
0
127
98
0
0
127
99
0
0
127
100
0
0
127
101
0
0
127
102
0
0
127
103
0
0
128
104
0
0
127
105
0
0
128
106
0
0
128
107
0
0
128
108
0
0
127
109
0
0
127
110
0
0
128
111
0
0
127
112
0
0
127
113
0
0
127
114
0
0
127
115
0
0
127
116
0
0
127
117
0
0
127
118
0
0
127
119
0
0
127
120
0
0
127
121
0
0
127
122
0
0
127
123
0
0
127
124
0
0
127
125
0
0
127
126
0
0
127
127
0
0
127
128
0
0
127
129
0
0
127
130
0
0
127
131
0
0
127
132
0
0
127
133
0
0
127
134
0
0
127
135
0
0
127
136
0
0
127
137
0
0
127
138
0
0
127
139
0
0
127
140
0
0
127
141
0
0
127
142
0
0
127
143
0
0
127
144
0
0
127
145
0
0
128
146
0
0
127
147
0
0
128
148
0
0
127
149
0
0
127
150
0
0
127
151
0
0
127
152
0
0
128
153
0
0
127
154
0
0
127
155
0
0
128
156
0
0
127
157
0
0
127
158
0
0
127
159
0
0
127
160
0
0
127
161
0
0
127
162
0
0
127
163
0
0
127
164
0
0
127
165
0
0
127
166
0
0
127
167
0
0
127
168
0
0
127
169
0
0
127
170
0
0
127
171
0
0
128
172
0
0
127
173
0
0
127
174
0
0
127
175
0
0
127
176
0
0
127
177
0
0
128
178
0
0
127
179
0
0
128
180
0
0
127
181
0
0
127
182
0
0
127
183
0
0
127
184
0
0
127
185
0
0
127
186
0
0
127
187
0
0
127
188
0
0
127
189
0
0
127
190
0
0
127
191
0
0
127
192
0
0
127
193
0
0
128
194
0
0
127
195
0
0
127
196
0
0
127
197
0
0
127
198
0
0
127
199
0
0
127
200
0
0
128
201
0
0
128
202
0
0
127
203
0
0
127
204
0
0
127
205
0
0
127
206
0
0
127
207
0
0
127
208
0
0
127
209
0
0
127
210
0
0
127
211
0
0
127
212
0
0
127
213
0
0
127
214
0
0
127
215
0
0
127
216
0
0
127
217
0
0
127
218
0
0
127
219
0
0
127
220
0
0
127
221
0
0
127
222
0
0
127
223
0
0
127
224
0
0
127
225
0
0
127
226
0
0
127
227
0
0
127
228
0
0
127
229
0
0
127
230
0
0
127
231
0
0
127
232
0
0
127
233
0
0
127
234
0
0
127
235
0
0
127
236
0
0
127
237
0
0
127
238
0
0
127
239
0
0
127
240
0
0
127
241
0
0
127
242
0
0
127
243
0
0
127
244
0
0
128
245
0
0
127
246
0
0
128
247
0
0
127
248
0
0
127
249
0
0
127
250
0
0
127
251
0
0
127
252
0
0
127
253
0
0
127
254
0
0
127
255
0
0
127
0
0
0
127
1
0
0
127
2
0
0
127
3
0
0
128
4
0
0
127
5
0
0
127
6
0
0
127
7
0
0
128
8
0
0
128
9
0
0
128
10
0
0
128
11
0
0
127
12
0
0
127
13
0
0
127
14
0
0
127
15
0
0
127
16
0
0
127
17
0
0
127
18
0
0
128
19
0
0
128
20
0
0
128
21
0
0
128
22
0
0
127
23
0
0
128
24
0
0
127
25
0
0
127
26
0
0
127
27
0
0
128
28
0
0
127
29
0
0
127
30
0
0
127
31
0
0
127
32
0
0
127
33
0
0
128
34
0
0
128
35
0
0
127
36
0
0
127
37
0
0
127
38
0
0
127
39
0
0
127
40
0
0
127
41
0
0
127
42
0
0
127
43
0
0
127
44
0
0
128
45
0
0
128
46
0
0
127
47
0
0
127
48
0
0
127
49
0
0
127
50
0
0
127
51
0
0
127
52
0
0
127
53
0
0
127
54
0
0
127
55
0
0
127
56
0
0
127
57
0
0
127
58
0
0
127
59
0
0
127
60
0
0
127
61
0
0
128
62
0
0
128
63
0
0
128
64
0
0
128
65
0
0
127
66
0
0
127
67
0
0
127
68
0
0
127
69
0
0
127
70
0
0
127
71
0
0
127
72
0
0
127
73
0
0
127
74
0
0
128
75
0
0
128
76
0
0
127
77
0
0
127
78
0
0
127
79
0
0
127
80
0
0
127
81
0
0
128
82
0
0
127
83
0
0
128
84
0
0
127
85
0
0
127
86
0
0
127
87
0
0
128
88
0
0
127
89
0
0
127
90
0
0
127
91
0
0
127
92
0
0
128
93
0
0
127
94
0
0
127
95
0
0
127
96
0
0
127
97
0
0
128
98
0
0
127
99
0
0
128
100
0
0
128
101
0
0
128
102
0
0
127
103
0
0
127
104
0
0
127
105
0
0
127
106
0
0
127
107
0
0
127
108
0
0
127
109
0
0
127
110
0
0
127
111
0
0
128
112
0
0
128
113
0
0
127
114
0
0
127
115
0
0
127
116
0
0
128
117
0
0
127
118
0
0
128
119
0
0
127
120
0
0
127
121
0
0
127
122
0
0
127
123
0
0
127
124
0
0
127
125
0
0
127
126
0
0
127
127
0
0
127
128
0
0
127
129
0
0
127
130
0
0
127
131
0
0
127
132
0
0
127
133
0
0
127
134
0
0
127
135
0
0
127
136
0
0
127
137
0
0
127
138
0
0
127
139
0
0
127
140
0
0
127
141
0
0
127
142
0
0
127
143
0
0
127
144
0
0
127
145
0
0
127
146
0
0
127
147
0
0
127
148
0
0
127
149
0
0
128
150
0
0
127
151
0
0
127
152
0
0
127
153
0
0
127
154
0
0
127
155
0
0
127
156
0
0
127
157
0
0
127
158
0
0
127
159
0
0
127
160
0
0
127
161
0
0
127
162
0
0
127
163
0
0
127
164
0
0
128
165
0
0
127
166
0
0
127
167
0
0
128
168
0
0
127
169
0
0
127
170
0
0
127
171
0
0
127
172
0
0
127
173
0
0
127
174
0
0
127
175
0
0
127
176
0
0
127
177
0
0
127
178
0
0
127
179
0
0
128
180
0
0
127
181
0
0
127
182
0
0
127
183
0
0
127
184
0
0
127
185
0
0
127
186
0
0
127
187
0
0
127
188
0
0
127
189
0
0
127
190
0
0
127
191
0
0
127
192
0
0
127
193
0
0
127
194
0
0
127
195
0
0
127
196
0
0
127
197
0
0
127
198
0
0
127
199
0
0
127
200
0
0
127
201
0
0
128
202
0
0
127
203
0
0
127
204
0
0
127
205
0
0
127
206
0
0
127
207
0
0
127
208
0
0
127
209
0
0
127
210
0
0
127
211
0
0
127
212
0
0
127
213
0
0
127
214
0
0
127
215
0
0
127
216
0
0
127
217
0
0
127
218
0
0
127
219
0
0
128
220
0
0
128
221
0
0
127
222
0
0
127
223
0
0
127
224
0
0
127
225
0
0
127
226
0
0
127
227
0
0
127
228
0
0
127
229
0
0
127
230
0
0
127
231
0
0
127
232
0
0
127
233
0
0
127
234
0
0
127
235
0
0
127
236
0
0
128
237
0
0
128
238
0
0
127
239
0
0
127
240
0
0
127
241
0
0
127
242
0
0
127
243
0
0
127
244
0
0
127
245
0
0
127
246
0
0
127
247
0
0
127
248
0
0
127
249
0
0
127
250
0
0
127
251
0
0
127
252
0
0
127
253
0
0
127
254
0
0
127
255
0
0
127
0
0
0
127
1
0
0
127
2
0
0
128
3
0
0
127
4
0
0
127
5
0
0
127
6
0
0
127
7
0
0
127
8
0
0
127
9
0
0
127
10
0
0
127
11
0
0
128
12
0
0
128
13
0
0
127
14
0
0
127
15
0
0
127
16
0
0
127
17
0
0
127
18
0
0
127
19
0
0
127
20
0
0
127
21
0
0
127
22
0
0
127
23
0
0
127
24
0
0
127
25
0
0
127
26
0
0
127
27
0
0
127
28
0
0
127
29
0
0
127
30
0
0
127
31
0
0
127
32
0
0
127
33
0
0
127
34
0
0
127
35
0
0
127
36
0
0
127
37
0
0
127
38
0
0
127
39
0
0
127
40
0
0
127
41
0
0
127
42
0
0
127
43
0
0
127
44
0
0
127
45
0
0
127
46
0
0
127
47
0
0
127
48
0
0
127
49
0
0
127
50
0
0
127
51
0
0
127
52
0
0
127
53
0
0
127
54
0
0
127
55
0
0
127
56
0
0
127
57
0
0
127
58
0
0
127
59
0
0
127
60
0
0
127
61
0
0
127
62
0
0
127
63
0
0
127
64
0
0
127
65
0
0
127
66
0
0
127
67
0
0
127
68
0
0
127
69
0
0
127
70
0
0
127
71
0
0
127
72
0
0
127
73
0
0
127
74
0
0
127
75
0
0
127
76
0
0
127
77
0
0
128
78
0
0
127
79
0
0
127
80
0
0
127
81
0
0
127
82
0
0
127
83
0
0
127
84
0
0
127
85
0
0
127
86
0
0
127
87
0
0
127
88
0
0
127
89
0
0
127
90
0
0
127
91
0
0
127
92
0
0
127
93
0
0
127
94
0
0
127
95
0
0
127
96
0
0
127
97
0
0
127
98
0
0
127
99
0
0
127
100
0
0
127
101
0
0
127
102
0
0
127
103
0
0
127
104
0
0
127
105
0
0
127
106
0
0
127
107
0
0
127
108
0
0
127
109
0
0
127
110
0
0
127
111
0
0
127
112
0
0
127
113
0
0
127
114
0
0
127
115
0
0
127
116
0
0
127
117
0
0
127
118
0
0
127
119
0
0
127
120
0
0
127
121
0
0
127
122
0
0
127
123
0
0
127
124
0
0
127
125
0
0
127
126
0
0
127
127
0
0
128
128
0
0
127
129
0
0
127
130
0
0
127
131
0
0
127
132
0
0
127
133
0
0
127
134
0
0
127
135
0
0
127
136
0
0
127
137
0
0
127
138
0
0
127
139
0
0
127
140
0
0
127
141
0
0
127
142
0
0
127
143
0
0
127
144
0
0
127
145
0
0
127
146
0
0
127
147
0
0
127
148
0
0
127
149
0
0
127
150
0
0
127
151
0
0
127
152
0
0
127
153
0
0
127
154
0
0
127
155
0
0
127
156
0
0
127
157
0
0
127
158
0
0
127
159
0
0
127
160
0
0
127
161
0
0
127
162
0
0
127
163
0
0
127
164
0
0
127
165
0
0
127
166
0
0
127
167
0
0
127
168
0
0
127
169
0
0
128
170
0
0
128
171
0
0
128
172
0
0
127
173
0
0
127
174
0
0
127
175
0
0
127
176
0
0
127
177
0
0
127
178
0
0
127
179
0
0
127
180
0
0
127
181
0
0
127
182
0
0
127
183
0
0
127
184
0
0
127
185
0
0
127
186
0
0
127
187
0
0
127
188
0
0
127
189
0
0
127
190
0
0
127
191
0
0
127
192
0
0
127
193
0
0
127
194
0
0
127
195
0
0
127
196
0
0
127
197
0
0
127
198
0
0
127
199
0
0
127
200
0
0
127
201
0
0
127
202
0
0
127
203
0
0
127
204
0
0
127
205
0
0
127
206
0
0
127
207
0
0
128
208
0
0
127
209
0
0
127
210
0
0
127
211
0
0
127
212
0
0
127
213
0
0
127
214
0
0
127
215
0
0
127
216
0
0
127
217
0
0
127
218
0
0
127
219
0
0
127
220
0
0
127
221
0
0
127
222
0
0
127
223
0
0
127
224
0
0
127
225
0
0
127
226
0
0
127
227
0
0
127
228
0
0
127
229
0
0
127
230
0
0
127
231
0
0
127
232
0
0
127
233
0
0
127
234
0
0
127
235
0
0
127
236
0
0
127
237
0
0
127
238
0
0
127
239
0
0
127
240
0
0
127
241
0
0
127
242
0
0
127
243
0
0
127
244
0
0
127
245
0
0
127
246
0
0
127
247
0
0
127
248
0
0
127
249
0
0
127
250
0
0
127
251
0
0
127
252
0
0
128
253
0
0
127
254
0
0
127
255
0
0
127
0
0
0
127
1
0
0
127
2
0
0
127
3
0
0
127
4
0
0
127
5
0
0
127
6
0
0
127
7
0
0
127
8
0
0
127
9
0
0
127
10
0
0
127
11
0
0
127
12
0
0
127
13
0
0
127
14
0
0
127
15
0
0
128
16
0
0
127
17
0
0
127
18
0
0
128
19
0
0
128
20
0
0
127
21
0
0
127
22
0
0
127
23
0
0
127
24
0
0
128
25
0
0
127
26
0
0
127
27
0
0
127
28
0
0
127
29
0
0
128
30
0
0
127
31
0
0
127
32
0
0
127
33
0
0
127
34
0
0
127
35
0
0
127
36
0
0
127
37
0
0
127
38
0
0
127
39
0
0
127
40
0
0
127
41
0
0
127
42
0
0
127
43
0
0
127
44
0
0
127
45
0
0
127
46
0
0
127
47
0
0
127
48
0
0
127
49
0
0
127
50
0
0
127
51
0
0
127
52
0
0
127
53
0
0
127
54
0
0
127
55
0
0
127
56
0
0
127
57
0
0
127
58
0
0
127
59
0
0
127
60
0
0
127
61
0
0
127
62
0
0
127
63
0
0
127
64
0
0
127
65
0
0
127
66
0
0
127
67
0
0
127
68
0
0
127
69
0
0
127
70
0
0
128
71
0
0
128
72
0
0
128
73
0
0
127
74
0
0
127
75
0
0
127
76
0
0
127
77
0
0
128
78
0
0
128
79
0
0
127
80
0
0
127
81
0
0
127
82
0
0
127
83
0
0
127
84
0
0
127
85
0
0
127
86
0
0
127
87
0
0
127
88
0
0
127
89
0
0
127
90
0
0
127
91
0
0
127
92
0
0
127
93
0
0
127
94
0
0
127
95
0
0
127
96
0
0
127
97
0
0
127
98
0
0
127
99
0
0
127
100
0
0
127
101
0
0
127
102
0
0
127
103
0
0
127
104
0
0
127
105
0
0
127
106
0
0
127
107
0
0
127
108
0
0
127
109
0
0
127
110
0
0
128
111
0
0
127
112
0
0
127
113
0
0
127
114
0
0
127
115
0
0
127
116
0
0
127
117
0
0
127
118
0
0
127
119
0
0
127
120
0
0
127
121
0
0
127
122
0
0
127
123
0
0
127
124
0
0
127
125
0
0
127
126
0
0
127
127
0
0
127
128
0
0
127
129
0
0
127
130
0
0
127
131
0
0
127
132
0
0
127
133
0
0
127
134
0
0
127
135
0
0
127
136
0
0
127
137
0
0
127
138
0
0
127
139
0
0
127
140
0
0
127
141
0
0
127
142
0
0
127
143
0
0
127
144
0
0
127
145
0
0
127
146
0
0
127
147
0
0
128
148
0
0
128
149
0
0
128
150
0
0
127
151
0
0
127
152
0
0
127
153
0
0
128
154
0
0
128
155
0
0
128
156
0
0
128
157
0
0
128
158
0
0
128
159
0
0
127
160
0
0
127
161
0
0
127
162
0
0
127
163
0
0
128
164
0
0
127
165
0
0
127
166
0
0
127
167
0
0
127
168
0
0
127
169
0
0
127
170
0
0
128
171
0
0
127
172
0
0
128
173
0
0
127
174
0
0
127
175
0
0
127
176
0
0
127
177
0
0
127
178
0
0
127
179
0
0
127
180
0
0
127
181
0
0
127
182
0
0
127
183
0
0
127
184
0
0
127
185
0
0
128
186
0
0
127
187
0
0
127
188
0
0
127
189
0
0
127
190
0
0
127
191
0
0
127
192
0
0
127
193
0
0
127
194
0
0
127
195
0
0
127
196
0
0
127
197
0
0
127
198
0
0
127
199
0
0
127
200
0
0
127
201
0
0
127
202
0
0
128
203
0
0
127
204
0
0
127
205
0
0
127
206
0
0
127
207
0
0
127
208
0
0
127
209
0
0
127
210
0
0
127
211
0
0
127
212
0
0
127
213
0
0
127
214
0
0
127
215
0
0
127
216
0
0
127
217
0
0
127
218
0
0
127
219
0
0
127
220
0
0
127
221
0
0
127
222
0
0
127
223
0
0
127
224
0
0
127
225
0
0
127
226
0
0
127
227
0
0
127
228
0
0
127
229
0
0
127
230
0
0
127
231
0
0
127
232
0
0
127
233
0
0
127
234
0
0
127
235
0
0
127
236
0
0
127
237
0
0
128
238
0
0
127
239
0
0
127
240
0
0
127
241
0
0
127
242
0
0
127
243
0
0
127
244
0
0
127
245
0
0
128
246
0
0
127
247
0
0
127
248
0
0
127
249
0
0
127
250
0
0
127
251
0
0
127
252
0
0
127
253
0
0
127
254
0
0
127
255
0
0
127
0
0
0
127
1
0
0
127
2
0
0
127
3
0
0
127
4
0
0
127
5
0
0
127
6
0
0
127
7
0
0
127
8
0
0
127
9
0
0
127
10
0
0
127
11
0
0
127
12
0
0
127
13
0
0
127
14
0
0
127
15
0
0
127
16
0
0
127
17
0
0
127
18
0
0
128
19
0
0
127
20
0
0
127
21
0
0
127
22
0
0
127
23
0
0
127
24
0
0
127
25
0
0
127
26
0
0
127
27
0
0
127
28
0
0
127
29
0
0
127
30
0
0
127
31
0
0
127
32
0
0
127
33
0
0
127
34
0
0
127
35
0
0
127
36
0
0
127
37
0
0
127
38
0
0
127
39
0
0
127
40
0
0
127
41
0
0
127
42
0
0
127
43
0
0
127
44
0
0
127
45
0
0
127
46
0
0
127
47
0
0
127
48
0
0
127
49
0
0
127
50
0
0
127
51
0
0
127
52
0
0
127
53
0
0
127
54
0
0
127
55
0
0
127
56
0
0
127
57
0
0
127
58
0
0
127
59
0
0
127
60
0
0
127
61
0
0
127
62
0
0
127
63
0
0
127
64
0
0
127
65
0
0
127
66
0
0
127
67
0
0
127
68
0
0
127
69
0
0
127
70
0
0
127
71
0
0
127
72
0
0
127
73
0
0
127
74
0
0
127
75
0
0
127
76
0
0
127
77
0
0
127
78
0
0
127
79
0
0
127
80
0
0
127
81
0
0
127
82
0
0
127
83
0
0
127
84
0
0
127
85
0
0
127
86
0
0
127
87
0
0
127
88
0
0
127
89
0
0
127
90
0
0
127
91
0
0
127
92
0
0
127
93
0
0
127
94
0
0
127
95
0
0
127
96
0
0
127
97
0
0
127
98
0
0
127
99
0
0
128
100
0
0
127
101
0
0
128
102
0
0
127
103
0
0
128
104
0
0
127
105
0
0
127
106
0
0
127
107
0
0
128
108
0
0
128
109
0
0
128
110
0
0
127
111
0
0
127
112
0
0
127
113
0
0
128
114
0
0
127
115
0
0
127
116
0
0
127
117
0
0
128
118
0
0
128
119
0
0
127
120
0
0
127
121
0
0
127
122
0
0
127
123
0
0
127
124
0
0
127
125
0
0
127
126
0
0
127
127
0
0
127
128
0
0
127
129
0
0
127
130
0
0
127
131
0
0
127
132
0
0
127
133
0
0
127
134
0
0
127
135
0
0
127
136
0
0
127
137
0
0
127
138
0
0
127
139
0
0
127
140
0
0
127
141
0
0
127
142
0
0
127
143
0
0
127
144
0
0
127
145
0
0
127
146
0
0
127
147
0
0
127
148
0
0
127
149
0
0
127
150
0
0
127
151
0
0
127
152
0
0
127
153
0
0
127
154
0
0
127
155
0
0
127
156
0
0
127
157
0
0
127
158
0
0
127
159
0
0
127
160
0
0
127
161
0
0
127
162
0
0
127
163
0
0
127
164
0
0
127
165
0
0
127
166
0
0
127
167
0
0
127
168
0
0
127
169
0
0
127
170
0
0
127
171
0
0
127
172
0
0
127
173
0
0
127
174
0
0
127
175
0
0
127
176
0
0
127
177
0
0
127
178
0
0
127
179
0
0
127
180
0
0
127
181
0
0
127
182
0
0
127
183
0
0
128
184
0
0
127
185
0
0
127
186
0
0
127
187
0
0
127
188
0
0
127
189
0
0
127
190
0
0
127
191
0
0
127
192
0
0
127
193
0
0
127
194
0
0
127
195
0
0
127
196
0
0
127
197
0
0
127
198
0
0
127
199
0
0
127
200
0
0
127
201
0
0
127
202
0
0
127
203
0
0
127
204
0
0
127
205
0
0
127
206
0
0
127
207
0
0
127
208
0
0
127
209
0
0
127
210
0
0
127
211
0
0
127
212
0
0
127
213
0
0
127
214
0
0
128
215
0
0
127
216
0
0
127
217
0
0
127
218
0
0
127
219
0
0
127
220
0
0
127
221
0
0
127
222
0
0
127
223
0
0
127
224
0
0
127
225
0
0
127
226
0
0
127
227
0
0
127
228
0
0
127
229
0
0
127
230
0
0
127
231
0
0
127
232
0
0
127
233
0
0
127
234
0
0
127
235
0
0
127
236
0
0
127
237
0
0
127
238
0
0
127
239
0
0
127
240
0
0
127
241
0
0
127
242
0
0
127
243
0
0
127
244
0
0
127
245
0
0
127
246
0
0
127
247
0
0
127
248
0
0
128
249
0
0
127
250
0
0
127
251
0
0
127
252
0
0
127
253
0
0
127
254
0
0
127
255
0
0
127
0
0
0
127
1
0
0
127
2
0
0
127
3
0
0
127
4
0
0
127
5
0
0
127
6
0
0
127
7
0
0
127
8
0
0
127
9
0
0
127
10
0
0
127
11
0
0
127
12
0
0
127
13
0
0
127
14
0
0
127
15
0
0
127
16
0
0
127
17
0
0
127
18
0
0
127
19
0
0
127
20
0
0
127
21
0
0
127
22
0
0
127
23
0
0
127
24
0
0
127
25
0
0
127
26
0
0
127
27
0
0
128
28
0
0
128
29
0
0
127
30
0
0
127
31
0
0
127
32
0
0
127
33
0
0
127
34
0
0
127
35
0
0
127
36
0
0
127
37
0
0
127
38
0
0
127
39
0
0
127
40
0
0
128
41
0
0
127
42
0
0
127
43
0
0
127
44
0
0
127
45
0
0
127
46
0
0
127
47
0
0
127
48
0
0
127
49
0
0
127
50
0
0
127
51
0
0
127
52
0
0
127
53
0
0
127
54
0
0
127
55
0
0
127
56
0
0
127
57
0
0
127
58
0
0
127
59
0
0
127
60
0
0
127
61
0
0
127
62
0
0
127
63
0
0
127
64
0
0
127
65
0
0
127
66
0
0
127
67
0
0
127
68
0
0
127
69
0
0
127
70
0
0
127
71
0
0
127
72
0
0
127
73
0
0
127
74
0
0
127
75
0
0
127
76
0
0
127
77
0
0
127
78
0
0
127
79
0
0
127
80
0
0
127
81
0
0
127
82
0
0
127
83
0
0
127
84
0
0
127
85
0
0
127
86
0
0
127
87
0
0
127
88
0
0
127
89
0
0
127
90
0
0
127
91
0
0
127
92
0
0
127
93
0
0
127
94
0
0
127
95
0
0
127
96
0
0
127
97
0
0
127
98
0
0
127
99
0
0
127
100
0
0
127
101
0
0
127
102
0
0
127
103
0
0
127
104
0
0
127
105
0
0
127
106
0
0
127
107
0
0
127
108
0
0
127
109
0
0
127
110
0
0
127
111
0
0
127
112
0
0
127
113
0
0
127
114
0
0
127
115
0
0
127
116
0
0
127
117
0
0
127
118
0
0
127
119
0
0
127
120
0
0
127
121
0
0
127
122
0
0
127
123
0
0
127
124
0
0
127
125
0
0
127
126
0
0
127
127
0
0
127
128
0
0
127
129
0
0
127
130
0
0
127
131
0
0
127
132
0
0
127
133
0
0
127
134
0
0
127
135
0
0
127
136
0
0
127
137
0
0
127
138
0
0
127
139
0
0
127
140
0
0
127
141
0
0
127
142
0
0
127
143
0
0
127
144
0
0
127
145
0
0
127
146
0
0
127
147
0
0
127
148
0
0
127
149
0
0
127
150
0
0
127
151
0
0
127
152
0
0
127
153
0
0
127
154
0
0
127
155
0
0
127
156
0
0
127
157
0
0
127
158
0
0
127
159
0
0
127
160
0
0
127
161
0
0
127
162
0
0
127
163
0
0
127
164
0
0
127
165
0
0
127
166
0
0
127
167
0
0
127
168
0
0
127
169
0
0
127
170
0
0
127
171
0
0
127
172
0
0
127
173
0
0
127
174
0
0
127
175
0
0
127
176
0
0
127
177
0
0
127
178
0
0
127
179
0
0
127
180
0
0
127
181
0
0
127
182
0
0
127
183
0
0
127
184
0
0
127
185
0
0
127
186
0
0
127
187
0
0
127
188
0
0
127
189
0
0
127
190
0
0
127
191
0
0
127
192
0
0
127
193
0
0
127
194
0
0
127
195
0
0
127
196
0
0
127
197
0
0
127
198
0
0
127
199
0
0
127
200
0
0
127
201
0
0
127
202
0
0
127
203
0
0
127
204
0
0
127
205
0
0
127
206
0
0
127
207
0
0
127
208
0
0
127
209
0
0
127
210
0
0
127
211
0
0
127
212
0
0
127
213
0
0
127
214
0
0
127
215
0
0
127
216
0
0
127
217
0
0
127
218
0
0
127
219
0
0
127
220
0
0
127
221
0
0
127
222
0
0
127
223
0
0
127
224
0
0
127
225
0
0
127
226
0
0
127
227
0
0
127
228
0
0
127
229
0
0
127
230
0
0
127
231
0
0
127
232
0
0
127
233
0
0
127
234
0
0
127
235
0
0
127
236
0
0
128
237
0
0
127
238
0
0
127
239
0
0
128
240
0
0
127
241
0
0
127
242
0
0
127
243
0
0
127
244
0
0
127
245
0
0
128
246
0
0
128
247
0
0
128
248
0
0
127
249
0
0
129
250
0
0
130
251
0
0
131
252
0
0
131
253
0
0
131
254
0
0
131
255
0
0
131
0
0
0
131
1
0
0
131
2
0
0
131
3
0
0
130
4
0
0
130
5
0
0
130
6
0
0
129
7
0
0
128
8
0
0
128
9
0
0
127
10
0
0
127
11
0
0
127
12
0
0
128
13
0
0
127
14
0
0
128
15
0
0
128
16
0
0
129
17
0
0
131
18
0
0
132
19
0
0
133
20
0
0
135
21
0
0
136
22
0
0
138
23
0
0
138
24
0
0
140
25
0
0
140
26
0
0
142
27
0
0
144
28
0
0
146
29
0
0
147
30
0
0
149
31
0
0
150
32
0
0
152
33
0
0
154
34
0
0
155
35
0
0
156
36
0
0
157
37
0
0
157
38
0
0
157
39
0
0
157
40
0
0
157
41
0
0
157
42
0
0
157
43
0
0
157
44
0
0
158
45
0
0
159
46
0
0
160
47
0
0
160
48
0
0
160
49
0
0
160
50
0
0
160
51
0
0
162
52
0
0
162
53
0
0
163
54
0
0
165
55
0
0
165
56
0
0
165
57
0
0
165
58
0
0
165
59
0
0
164
60
0
0
163
61
0
0
162
62
0
0
162
63
0
0
161
64
0
0
160
65
0
0
159
66
0
0
158
67
0
0
157
68
0
0
156
69
0
0
155
70
0
0
154
71
0
0
153
72
0
0
152
73
0
0
151
74
0
0
150
75
0
0
149
76
0
0
149
77
0
0
149
78
0
0
148
79
0
0
147
80
0
0
146
81
0
0
145
82
0
0
144
83
0
0
143
84
0
0
142
85
0
0
141
86
0
0
140
87
0
0
139
88
0
0
139
89
0
0
139
90
0
0
139
91
0
0
138
92
0
0
137
93
0
0
136
94
0
0
136
95
0
0
136
96
0
0
136
97
0
0
135
98
0
0
135
99
0
0
136
100
0
0
137
101
0
0
137
102
0
0
136
103
0
0
135
104
0
0
134
105
0
0
133
106
0
0
132
107
0
0
131
108
0
0
131
109
0
0
132
110
0
0
132
111
0
0
132
112
0
0
132
113
0
0
131
114
0
0
130
115
0
0
129
116
0
0
129
117
0
0
129
118
0
0
130
119
0
0
130
120
0
0
130
121
0
0
130
122
0
0
131
123
0
0
132
124
0
0
132
125
0
0
131
126
0
0
130
127
0
0
129
128
0
0
129
129
0
0
128
130
0
0
127
131
0
0
127
132
0
0
128
133
0
0
128
134
0
0
128
135
0
0
128
136
0
0
129
137
0
0
130
138
0
0
130
139
0
0
130
140
0
0
129
141
0
0
128
142
0
0
128
143
0
0
128
144
0
0
128
145
0
0
127
146
0
0
127
147
0
0
127
148
0
0
127
149
0
0
127
150
0
0
127
151
0
0
127
152
0
0
127
153
0
0
128
154
0
0
128
155
0
0
128
156
0
0
127
157
0
0
127
158
0
0
127
159
0
0
127
160
0
0
127
161
0
0
127
162
0
0
127
163
0
0
128
164
0
0
128
165
0
0
128
166
0
0
128
167
0
0
128
168
0
0
127
169
0
0
127
170
0
0
127
171
0
0
127
172
0
0
128
173
0
0
129
174
0
0
129
175
0
0
128
176
0
0
127
177
0
0
128
178
0
0
127
179
0
0
127
180
0
0
127
181
0
0
127
182
0
0
128
183
0
0
128
184
0
0
128
185
0
0
127
186
0
0
127
187
0
0
128
188
0
0
128
189
0
0
128
190
0
0
128
191
0
0
128
192
0
0
128
193
0
0
129
194
0
0
130
195
0
0
131
196
0
0
132
197
0
0
132
198
0
0
132
199
0
0
132
200
0
0
132
201
0
0
132
202
0
0
132
203
0
0
132
204
0
0
132
205
0
0
131
206
0
0
130
207
0
0
129
208
0
0
128
209
0
0
127
210
0
0
127
211
0
0
127
212
0
0
127
213
0
0
127
214
0
0
127
215
0
0
127
216
0
0
127
217
0
0
127
218
0
0
127
219
0
0
127
220
0
0
127
221
0
0
127
222
0
0
127
223
0
0
127
224
0
0
127
225
0
0
128
226
0
0
127
227
0
0
128
228
0
0
127
229
0
0
127
230
0
0
127
231
0
0
127
232
0
0
127
233
0
0
127
234
0
0
127
235
0
0
127
236
0
0
127
237
0
0
127
238
0
0
127
239
0
0
127
240
0
0
127
241
0
0
127
242
0
0
127
243
0
0
127
244
0
0
127
245
0
0
127
246
0
0
127
247
0
0
127
248
0
0
127
249
0
0
127
250
0
0
127
251
0
0
127
252
0
0
127
253
0
0
127
254
0
0
127
255
0
0
127
0
0
0
127
1
0
0
127
2
0
0
127
3
0
0
127
4
0
0
127
5
0
0
127
6
0
0
127
7
0
0
127
8
0
0
127
9
0
0
128
10
0
0
127
11
0
0
127
12
0
0
127
13
0
0
127
14
0
0
128
15
0
0
127
16
0
0
127
17
0
0
127
18
0
0
127
19
0
0
127
20
0
0
127
21
0
0
127
22
0
0
127
23
0
0
127
24
0
0
127
25
0
0
127
26
0
0
127
27
0
0
127
28
0
0
127
29
0
0
127
30
0
0
127
31
0
0
127
32
0
0
127
33
0
0
127
34
0
0
127
35
0
0
127
36
0
0
127
37
0
0
127
38
0
0
127
39
0
0
127
40
0
0
127
41
0
0
127
42
0
0
127
43
0
0
127
44
0
0
127
45
0
0
127
46
0
0
127
47
0
0
128
48
0
0
128
49
0
0
128
50
0
0
127
51
0
0
127
52
0
0
127
53
0
0
127
54
0
0
127
55
0
0
127
56
0
0
128
57
0
0
128
58
0
0
127
59
0
0
127
60
0
0
128
61
0
0
128
62
0
0
128
63
0
0
127
64
0
0
128
65
0
0
128
66
0
0
128
67
0
0
127
68
0
0
127
69
0
0
127
70
0
0
127
71
0
0
127
72
0
0
128
73
0
0
127
74
0
0
127
75
0
0
127
76
0
0
128
77
0
0
128
78
0
0
128
79
0
0
127
80
0
0
127
81
0
0
127
82
0
0
128
83
0
0
128
84
0
0
128
85
0
0
128
86
0
0
128
87
0
0
128
88
0
0
127
89
0
0
127
90
0
0
127
91
0
0
127
92
0
0
127
93
0
0
127
94
0
0
127
95
0
0
128
96
0
0
127
97
0
0
127
98
0
0
128
99
0
0
128
100
0
0
127
101
0
0
127
102
0
0
127
103
0
0
127
104
0
0
127
105
0
0
127
106
0
0
127
107
0
0
127
108
0
0
127
109
0
0
127
110
0
0
127
111
0
0
127
112
0
0
127
113
0
0
127
114
0
0
127
115
0
0
127
116
0
0
127
117
0
0
127
118
0
0
127
119
0
0
127
120
0
0
127
121
0
0
127
122
0
0
127
123
0
0
128
124
0
0
127
125
0
0
127
126
0
0
127
127
0
0
127
128
0
0
127
129
0
0
128
130
0
0
127
131
0
0
128
132
0
0
128
133
0
0
127
134
0
0
128
135
0
0
127
136
0
0
127
137
0
0
127
138
0
0
127
139
0
0
127
140
0
0
127
141
0
0
127
142
0
0
127
143
0
0
127
144
0
0
128
145
0
0
127
146
0
0
127
147
0
0
127
148
0
0
127
149
0
0
127
150
0
0
128
151
0
0
128
152
0
0
128
153
0
0
128
154
0
0
128
155
0
0
127
156
0
0
127
157
0
0
127
158
0
0
127
159
0
0
127
160
0
0
127
161
0
0
127
162
0
0
127
163
0
0
127
164
0
0
127
165
0
0
127
166
0
0
127
167
0
0
127
168
0
0
127
169
0
0
127
170
0
0
127
171
0
0
127
172
0
0
127
173
0
0
127
174
0
0
127
175
0
0
128
176
0
0
128
177
0
0
127
178
0
0
127
179
0
0
127
180
0
0
128
181
0
0
128
182
0
0
127
183
0
0
127
184
0
0
127
185
0
0
127
186
0
0
127
187
0
0
127
188
0
0
127
189
0
0
127
190
0
0
127
191
0
0
127
192
0
0
127
193
0
0
127
194
0
0
127
195
0
0
127
196
0
0
127
197
0
0
127
198
0
0
127
199
0
0
127
200
0
0
127
201
0
0
127
202
0
0
127
203
0
0
127
204
0
0
127
205
0
0
127
206
0
0
127
207
0
0
127
208
0
0
127
209
0
0
127
210
0
0
128
211
0
0
128
212
0
0
128
213
0
0
128
214
0
0
128
215
0
0
128
216
0
0
127
217
0
0
127
218
0
0
127
219
0
0
127
220
0
0
127
221
0
0
127
222
0
0
128
223
0
0
127
224
0
0
127
225
0
0
127
226
0
0
127
227
0
0
127
228
0
0
127
229
0
0
127
230
0
0
127
231
0
0
127
232
0
0
127
233
0
0
127
234
0
0
127
235
0
0
127
236
0
0
127
237
0
0
127
238
0
0
127
239
0
0
127
240
0
0
127
241
0
0
127
242
0
0
127
243
0
0
127
244
0
0
127
245
0
0
127
246
0
0
127
247
0
0
127
248
0
0
127
249
0
0
127
250
0
0
127
251
0
0
127
252
0
0
127
253
0
0
127
254
0
0
127
255
0
0
127
0
0
0
127
1
0
0
127
2
0
0
127
3
0
0
127
4
0
0
127
5
0
0
127
6
0
0
127
7
0
0
127
8
0
0
127
9
0
0
127
10
0
0
127
11
0
0
127
12
0
0
127
13
0
0
127
14
0
0
127
15
0
0
127
16
0
0
127
17
0
0
127
18
0
0
127
19
0
0
127
20
0
0
127
21
0
0
127
22
0
0
127
23
0
0
127
24
0
0
127
25
0
0
127
26
0
0
127
27
0
0
127
28
0
0
127
29
0
0
127
30
0
0
127
31
0
0
127
32
0
0
127
33
0
0
127
34
0
0
127
35
0
0
127
36
0
0
127
37
0
0
127
38
0
0
127
39
0
0
127
40
0
0
127
41
0
0
127
42
0
0
127
43
0
0
127
44
0
0
127
45
0
0
127
46
0
0
127
47
0
0
127
48
0
0
127
49
0
0
127
50
0
0
127
51
0
0
127
52
0
0
127
53
0
0
127
54
0
0
127
55
0
0
127
56
0
0
127
57
0
0
127
58
0
0
127
59
0
0
127
60
0
0
127
61
0
0
127
62
0
0
128
63
0
0
128
64
0
0
127
65
0
0
127
66
0
0
127
67
0
0
127
68
0
0
127
69
0
0
127
70
0
0
127
71
0
0
127
72
0
0
127
73
0
0
127
74
0
0
127
75
0
0
127
76
0
0
127
77
0
0
127
78
0
0
127
79
0
0
127
80
0
0
127
81
0
0
127
82
0
0
127
83
0
0
127
84
0
0
127
85
0
0
127
86
0
0
127
87
0
0
127
88
0
0
127
89
0
0
127
90
0
0
127
91
0
0
127
92
0
0
127
93
0
0
127
94
0
0
127
95
0
0
127
96
0
0
127
97
0
0
127
98
0
0
127
99
0
0
127
100
0
0
127
101
0
0
127
102
0
0
127
103
0
0
127
104
0
0
127
105
0
0
127
106
0
0
127
107
0
0
127
108
0
0
127
109
0
0
127
110
0
0
127
111
0
0
127
112
0
0
127
113
0
0
127
114
0
0
127
115
0
0
127
116
0
0
127
117
0
0
128
118
0
0
127
119
0
0
127
120
0
0
127
121
0
0
127
122
0
0
127
123
0
0
127
124
0
0
127
125
0
0
127
126
0
0
127
127
0
0
127
128
0
0
127
129
0
0
127
130
0
0
127
131
0
0
128
132
0
0
127
133
0
0
127
134
0
0
127
135
0
0
127
136
0
0
127
137
0
0
127
138
0
0
127
139
0
0
127
140
0
0
127
141
0
0
127
142
0
0
127
143
0
0
127
144
0
0
127
145
0
0
127
146
0
0
127
147
0
0
128
148
0
0
128
149
0
0
127
150
0
0
127
151
0
0
127
152
0
0
127
153
0
0
127
154
0
0
127
155
0
0
127
156
0
0
127
157
0
0
127
158
0
0
127
159
0
0
127
160
0
0
127
161
0
0
127
162
0
0
127
163
0
0
127
164
0
0
127
165
0
0
127
166
0
0
127
167
0
0
127
168
0
0
127
169
0
0
127
170
0
0
127
171
0
0
127
172
0
0
127
173
0
0
127
174
0
0
127
175
0
0
127
176
0
0
127
177
0
0
127
178
0
0
127
179
0
0
127
180
0
0
127
181
0
0
127
182
0
0
127
183
0
0
127
184
0
0
127
185
0
0
127
186
0
0
127
187
0
0
127
188
0
0
127
189
0
0
127
190
0
0
127
191
0
0
127
192
0
0
127
193
0
0
127
194
0
0
127
195
0
0
127
196
0
0
127
197
0
0
127
198
0
0
127
199
0
0
127
200
0
0
127
201
0
0
127
202
0
0
127
203
0
0
127
204
0
0
128
205
0
0
128
206
0
0
127
207
0
0
127
208
0
0
127
209
0
0
127
210
0
0
127
211
0
0
127
212
0
0
127
213
0
0
127
214
0
0
127
215
0
0
127
216
0
0
127
217
0
0
127
218
0
0
127
219
0
0
127
220
0
0
127
221
0
0
127
222
0
0
127
223
0
0
127
224
0
0
127
225
0
0
127
226
0
0
127
227
0
0
127
228
0
0
127
229
0
0
127
230
0
0
127
231
0
0
127
232
0
0
127
233
0
0
127
234
0
0
127
235
0
0
127
236
0
0
127
237
0
0
127
238
0
0
127
239
0
0
127
240
0
0
127
241
0
0
127
242
0
0
127
243
0
0
127
244
0
0
127
245
0
0
127
246
0
0
127
247
0
0
127
248
0
0
127
249
0
0
127
250
0
0
127
251
0
0
127
252
0
0
127
253
0
0
127
254
0
0
127
255
0
0
127
0
0
0
127
1
0
0
127
2
0
0
127
3
0
0
127
4
0
0
127
5
0
0
127
6
0
0
127
7
0
0
127
8
0
0
127
9
0
0
127
10
0
0
127
11
0
0
127
12
0
0
127
13
0
0
127
14
0
0
127
15
0
0
127
16
0
0
127
17
0
0
127
18
0
0
127
19
0
0
127
20
0
0
127
21
0
0
127
22
0
0
127
23
0
0
127
24
0
0
127
25
0
0
127
26
0
0
127
27
0
0
127
28
0
0
127
29
0
0
127
30
0
0
127
31
0
0
127
32
0
0
127
33
0
0
127
34
0
0
127
35
0
0
128
36
0
0
127
37
0
0
127
38
0
0
127
39
0
0
127
40
0
0
127
41
0
0
127
42
0
0
127
43
0
0
127
44
0
0
127
45
0
0
127
46
0
0
127
47
0
0
127
48
0
0
127
49
0
0
127
50
0
0
127
51
0
0
127
52
0
0
127
53
0
0
127
54
0
0
127
55
0
0
127
56
0
0
128
57
0
0
127
58
0
0
127
59
0
0
127
60
0
0
127
61
0
0
127
62
0
0
127
63
0
0
127
64
0
0
127
65
0
0
127
66
0
0
127
67
0
0
127
68
0
0
127
69
0
0
127
70
0
0
127
71
0
0
127
72
0
0
127
73
0
0
127
74
0
0
127
75
0
0
127
76
0
0
127
77
0
0
127
78
0
0
127
79
0
0
127
80
0
0
127
81
0
0
127
82
0
0
127
83
0
0
127
84
0
0
127
85
0
0
127
86
0
0
127
87
0
0
127
88
0
0
127
89
0
0
127
90
0
0
127
91
0
0
127
92
0
0
127
93
0
0
127
94
0
0
127
95
0
0
127
96
0
0
127
97
0
0
127
98
0
0
127
99
0
0
127
100
0
0
127
101
0
0
127
102
0
0
127
103
0
0
127
104
0
0
127
105
0
0
127
106
0
0
127
107
0
0
127
108
0
0
127
109
0
0
127
110
0
0
127
111
0
0
127
112
0
0
127
113
0
0
127
114
0
0
127
115
0
0
127
116
0
0
127
117
0
0
127
118
0
0
127
119
0
0
127
120
0
0
127
121
0
0
127
122
0
0
127
123
0
0
127
124
0
0
127
125
0
0
127
126
0
0
127
127
0
0
127
128
0
0
127
129
0
0
127
130
0
0
127
131
0
0
127
132
0
0
127
133
0
0
127
134
0
0
127
135
0
0
127
136
0
0
127
137
0
0
127
138
0
0
127
139
0
0
127
140
0
0
127
141
0
0
127
142
0
0
127
143
0
0
127
144
0
0
127
145
0
0
127
146
0
0
127
147
0
0
127
148
0
0
127
149
0
0
128
150
0
0
128
151
0
0
127
152
0
0
127
153
0
0
127
154
0
0
127
155
0
0
127
156
0
0
127
157
0
0
127
158
0
0
127
159
0
0
127
160
0
0
127
161
0
0
127
162
0
0
127
163
0
0
127
164
0
0
127
165
0
0
127
166
0
0
127
167
0
0
127
168
0
0
127
169
0
0
127
170
0
0
127
171
0
0
127
172
0
0
127
173
0
0
127
174
0
0
127
175
0
0
127
176
0
0
127
177
0
0
127
178
0
0
127
179
0
0
127
180
0
0
127
181
0
0
127
182
0
0
127
183
0
0
127
184
0
0
127
185
0
0
127
186
0
0
127
187
0
0
127
188
0
0
127
189
0
0
127
190
0
0
127
191
0
0
127
192
0
0
127
193
0
0
127
194
0
0
127
195
0
0
127
196
0
0
127
197
0
0
127
198
0
0
127
199
0
0
127
200
0
0
127
201
0
0
127
202
0
0
127
203
0
0
127
204
0
0
127
205
0
0
127
206
0
0
127
207
0
0
127
208
0
0
127
209
0
0
127
210
0
0
127
211
0
0
127
212
0
0
127
213
0
0
127
214
0
0
127
215
0
0
127
216
0
0
127
217
0
0
127
218
0
0
127
219
0
0
127
220
0
0
127
221
0
0
127
222
0
0
127
223
0
0
127
224
0
0
127
225
0
0
127
226
0
0
127
227
0
0
127
228
0
0
127
229
0
0
127
230
0
0
127
231
0
0
127
232
0
0
127
233
0
0
127
234
0
0
127
235
0
0
127
236
0
0
127
237
0
0
127
238
0
0
127
239
0
0
127
240
0
0
127
241
0
0
127
242
0
0
127
243
0
0
127
244
0
0
127
245
0
0
127
246
0
0
127
247
0
0
127
248
0
0
127
249
0
0
127
250
0
0
127
251
0
0
127
252
0
0
127
253
0
0
127
254
0
0
127
255
0
0
127
0
0
0
127
1
0
0
127
2
0
0
127
3
0
0
127
4
0
0
127
5
0
0
127
6
0
0
127
7
0
0
127
8
0
0
127
9
0
0
127
10
0
0
127
11
0
0
127
12
0
0
127
13
0
0
127
14
0
0
127
15
0
0
127
16
0
0
127
17
0
0
127
18
0
0
127
19
0
0
127
20
0
0
127
21
0
0
127
22
0
0
127
23
0
0
127
24
0
0
127
25
0
0
127
26
0
0
127
27
0
0
127
28
0
0
127
29
0
0
127
30
0
0
127
31
0
0
127
32
0
0
127
33
0
0
127
34
0
0
127
35
0
0
127
36
0
0
127
37
0
0
127
38
0
0
127
39
0
0
127
40
0
0
127
41
0
0
127
42
0
0
127
43
0
0
127
44
0
0
127
45
0
0
127
46
0
0
127
47
0
0
127
48
0
0
127
49
0
0
127
50
0
0
127
51
0
0
127
52
0
0
127
53
0
0
127
54
0
0
127
55
0
0
127
56
0
0
127
57
0
0
127
58
0
0
127
59
0
0
127
60
0
0
127
61
0
0
127
62
0
0
127
63
0
0
127
64
0
0
127
65
0
0
127
66
0
0
127
67
0
0
127
68
0
0
127
69
0
0
127
70
0
0
127
71
0
0
127
72
0
0
127
73
0
0
127
74
0
0
127
75
0
0
127
76
0
0
127
77
0
0
127
78
0
0
127
79
0
0
127
80
0
0
127
81
0
0
127
82
0
0
127
83
0
0
127
84
0
0
127
85
0
0
127
86
0
0
127
87
0
0
127
88
0
0
127
89
0
0
127
90
0
0
127
91
0
0
127
92
0
0
127
93
0
0
127
94
0
0
127
95
0
0
127
96
0
0
127
97
0
0
127
98
0
0
127
99
0
0
127
100
0
0
127
101
0
0
127
102
0
0
127
103
0
0
127
104
0
0
127
105
0
0
127
106
0
0
127
107
0
0
127
108
0
0
127
109
0
0
127
110
0
0
127
111
0
0
127
112
0
0
127
113
0
0
127
114
0
0
127
115
0
0
127
116
0
0
127
117
0
0
127
118
0
0
127
119
0
0
127
120
0
0
127
121
0
0
127
122
0
0
127
123
0
0
127
124
0
0
127
125
0
0
127
126
0
0
127
127
0
0
127
128
0
0
127
129
0
0
127
130
0
0
127
131
0
0
127
132
0
0
127
133
0
0
127
134
0
0
127
135
0
0
127
136
0
0
127
137
0
0
127
138
0
0
127
139
0
0
127
140
0
0
127
141
0
0
127
142
0
0
127
143
0
0
127
144
0
0
127
145
0
0
127
146
0
0
127
147
0
0
127
148
0
0
127
149
0
0
127
150
0
0
127
151
0
0
127
152
0
0
127
153
0
0
127
154
0
0
127
155
0
0
127
156
0
0
127
157
0
0
127
158
0
0
127
159
0
0
127
160
0
0
127
161
0
0
127
162
0
0
127
163
0
0
127
164
0
0
127
165
0
0
127
166
0
0
127
167
0
0
127
168
0
0
127
169
0
0
127
170
0
0
127
171
0
0
127
172
0
0
127
173
0
0
127
174
0
0
127
175
0
0
127
176
0
0
127
177
0
0
127
178
0
0
127
179
0
0
127
180
0
0
127
181
0
0
127
182
0
0
127
183
0
0
127
184
0
0
127
185
0
0
127
186
0
0
127
187
0
0
127
188
0
0
127
189
0
0
127
190
0
0
127
191
0
0
127
192
0
0
127
193
0
0
127
194
0
0
128
195
0
0
128
196
0
0
128
197
0
0
128
198
0
0
128
199
0
0
127
200
0
0
127
201
0
0
127
202
0
0
127
203
0
0
127
204
0
0
127
205
0
0
128
206
0
0
127
207
0
0
127
208
0
0
127
209
0
0
127
210
0
0
127
211
0
0
127
212
0
0
127
213
0
0
127
214
0
0
127
215
0
0
128
216
0
0
127
217
0
0
127
218
0
0
127
219
0
0
127
220
0
0
127
221
0
0
127
222
0
0
127
223
0
0
127
224
0
0
127
225
0
0
127
226
0
0
127
227
0
0
127
228
0
0
127
229
0
0
127
230
0
0
127
231
0
0
127
232
0
0
127
233
0
0
127
234
0
0
127
235
0
0
127
236
0
0
127
237
0
0
127
238
0
0
127
239
0
0
128
240
0
0
127
241
0
0
127
242
0
0
127
243
0
0
127
244
0
0
127
245
0
0
127
246
0
0
128
247
0
0
128
248
0
0
127
249
0
0
127
250
0
0
127
251
0
0
127
252
0
0
127
253
0
0
127
254
0
0
127
255
0
0
127
0
0
0
127
1
0
0
127
2
0
0
127
3
0
0
127
4
0
0
127
5
0
0
127
6
0
0
127
7
0
0
127
8
0
0
127
9
0
0
127
10
0
0
127
11
0
0
127
12
0
0
127
13
0
0
127
14
0
0
127
15
0
0
127
16
0
0
127
17
0
0
127
18
0
0
127
19
0
0
127
20
0
0
127
21
0
0
127
22
0
0
127
23
0
0
127
24
0
0
127
25
0
0
127
26
0
0
127
27
0
0
127
28
0
0
127
29
0
0
127
30
0
0
127
31
0
0
127
32
0
0
127
33
0
0
127
34
0
0
127
35
0
0
127
36
0
0
127
37
0
0
127
38
0
0
127
39
0
0
127
40
0
0
127
41
0
0
127
42
0
0
127
43
0
0
127
44
0
0
127
45
0
0
127
46
0
0
127
47
0
0
127
48
0
0
127
49
0
0
127
50
0
0
127
51
0
0
127
52
0
0
127
53
0
0
127
54
0
0
127
55
0
0
127
56
0
0
127
57
0
0
127
58
0
0
128
59
0
0
128
60
0
0
128
61
0
0
128
62
0
0
127
63
0
0
127
64
0
0
128
65
0
0
128
66
0
0
127
67
0
0
127
68
0
0
127
69
0
0
127
70
0
0
127
71
0
0
127
72
0
0
127
73
0
0
127
74
0
0
127
75
0
0
127
76
0
0
127
77
0
0
128
78
0
0
128
79
0
0
127
80
0
0
127
81
0
0
128
82
0
0
127
83
0
0
127
84
0
0
127
85
0
0
128
86
0
0
127
87
0
0
127
88
0
0
127
89
0
0
127
90
0
0
128
91
0
0
128
92
0
0
128
93
0
0
127
94
0
0
127
95
0
0
127
96
0
0
128
97
0
0
127
98
0
0
127
99
0
0
127
100
0
0
127
101
0
0
127
102
0
0
127
103
0
0
127
104
0
0
127
105
0
0
127
106
0
0
127
107
0
0
127
108
0
0
127
109
0
0
128
110
0
0
127
111
0
0
127
112
0
0
128
113
0
0
128
114
0
0
127
115
0
0
127
116
0
0
127
117
0
0
127
118
0
0
127
119
0
0
128
120
0
0
127
121
0
0
127
122
0
0
127
123
0
0
127
124
0
0
127
125
0
0
127
126
0
0
127
127
0
0
127
128
0
0
127
129
0
0
127
130
0
0
127
131
0
0
127
132
0
0
127
133
0
0
127
134
0
0
127
135
0
0
127
136
0
0
127
137
0
0
127
138
0
0
127
139
0
0
128
140
0
0
127
141
0
0
127
142
0
0
127
143
0
0
127
144
0
0
127
145
0
0
127
146
0
0
127
147
0
0
127
148
0
0
127
149
0
0
127
150
0
0
127
151
0
0
127
152
0
0
127
153
0
0
127
154
0
0
128
155
0
0
127
156
0
0
127
157
0
0
127
158
0
0
127
159
0
0
127
160
0
0
127
161
0
0
127
162
0
0
127
163
0
0
127
164
0
0
127
165
0
0
128
166
0
0
128
167
0
0
127
168
0
0
127
169
0
0
127
170
0
0
127
171
0
0
127
172
0
0
127
173
0
0
127
174
0
0
127
175
0
0
127
176
0
0
127
177
0
0
127
178
0
0
127
179
0
0
128
180
0
0
128
181
0
0
129
182
0
0
129
183
0
0
129
184
0
0
129
185
0
0
128
186
0
0
127
187
0
0
127
188
0
0
127
189
0
0
127
190
0
0
128
191
0
0
128
192
0
0
128
193
0
0
128
194
0
0
128
195
0
0
129
196
0
0
130
197
0
0
130
198
0
0
130
199
0
0
129
200
0
0
129
201
0
0
129
202
0
0
128
203
0
0
127
204
0
0
127
205
0
0
127
206
0
0
127
207
0
0
127
208
0
0
127
209
0
0
127
210
0
0
128
211
0
0
128
212
0
0
128
213
0
0
128
214
0
0
128
215
0
0
128
216
0
0
128
217
0
0
128
218
0
0
128
219
0
0
128
220
0
0
127
221
0
0
127
222
0
0
128
223
0
0
128
224
0
0
129
225
0
0
130
226
0
0
131
227
0
0
132
228
0
0
133
229
0
0
133
230
0
0
133
231
0
0
133
232
0
0
132
233
0
0
131
234
0
0
130
235
0
0
129
236
0
0
128
237
0
0
127
238
0
0
128
239
0
0
128
240
0
0
128
241
0
0
128
242
0
0
127
243
0
0
127
244
0
0
127
245
0
0
127
246
0
0
127
247
0
0
127
248
0
0
127
249
0
0
127
250
0
0
127
251
0
0
127
252
0
0
127
253
0
0
127
254
0
0
127
255
0
0
127
0
0
0
127
1
0
0
127
2
0
0
127
3
0
0
127
4
0
0
127
5
0
0
128
6
0
0
127
7
0
0
127
8
0
0
127
9
0
0
127
10
0
0
127
11
0
0
127
12
0
0
127
13
0
0
127
14
0
0
127
15
0
0
127
16
0
0
127
17
0
0
127
18
0
0
127
19
0
0
127
20
0
0
127
21
0
0
127
22
0
0
127
23
0
0
127
24
0
0
127
25
0
0
127
26
0
0
127
27
0
0
127
28
0
0
127
29
0
0
127
30
0
0
127
31
0
0
127
32
0
0
127
33
0
0
127
34
0
0
128
35
0
0
127
36
0
0
127
37
0
0
127
38
0
0
127
39
0
0
127
40
0
0
127
41
0
0
127
42
0
0
127
43
0
0
127
44
0
0
127
45
0
0
127
46
0
0
127
47
0
0
127
48
0
0
127
49
0
0
127
50
0
0
127
51
0
0
127
52
0
0
127
53
0
0
127
54
0
0
127
55
0
0
127
56
0
0
127
57
0
0
127
58
0
0
127
59
0
0
127
60
0
0
128
61
0
0
127
62
0
0
127
63
0
0
127
64
0
0
127
65
0
0
127
66
0
0
127
67
0
0
127
68
0
0
127
69
0
0
127
70
0
0
127
71
0
0
127
72
0
0
127
73
0
0
127
74
0
0
127
75
0
0
127
76
0
0
128
77
0
0
128
78
0
0
127
79
0
0
128
80
0
0
128
81
0
0
127
82
0
0
127
83
0
0
127
84
0
0
127
85
0
0
127
86
0
0
127
87
0
0
127
88
0
0
127
89
0
0
127
90
0
0
127
91
0
0
127
92
0
0
127
93
0
0
127
94
0
0
127
95
0
0
127
96
0
0
127
97
0
0
127
98
0
0
127
99
0
0
127
100
0
0
127
101
0
0
127
102
0
0
127
103
0
0
127
104
0
0
127
105
0
0
127
106
0
0
127
107
0
0
127
108
0
0
127
109
0
0
127
110
0
0
127
111
0
0
127
112
0
0
127
113
0
0
127
114
0
0
127
115
0
0
127
116
0
0
127
117
0
0
127
118
0
0
127
119
0
0
127
120
0
0
127
121
0
0
127
122
0
0
127
123
0
0
127
124
0
0
127
125
0
0
127
126
0
0
127
127
0
0
127
128
0
0
127
129
0
0
127
130
0
0
127
131
0
0
127
132
0
0
127
133
0
0
128
134
0
0
128
135
0
0
127
136
0
0
127
137
0
0
127
138
0
0
127
139
0
0
128
140
0
0
127
141
0
0
127
142
0
0
127
143
0
0
127
144
0
0
127
145
0
0
127
146
0
0
127
147
0
0
128
148
0
0
127
149
0
0
127
150
0
0
127
151
0
0
127
152
0
0
127
153
0
0
127
154
0
0
127
155
0
0
127
156
0
0
127
157
0
0
127
158
0
0
127
159
0
0
127
160
0
0
127
161
0
0
127
162
0
0
127
163
0
0
127
164
0
0
127
165
0
0
127
166
0
0
127
167
0
0
127
168
0
0
127
169
0
0
127
170
0
0
127
171
0
0
127
172
0
0
127
173
0
0
127
174
0
0
127
175
0
0
127
176
0
0
127
177
0
0
127
178
0
0
127
179
0
0
127
180
0
0
127
181
0
0
127
182
0
0
127
183
0
0
127
184
0
0
127
185
0
0
127
186
0
0
127
187
0
0
127
188
0
0
127
189
0
0
127
190
0
0
127
191
0
0
127
192
0
0
127
193
0
0
127
194
0
0
127
195
0
0
127
196
0
0
127
197
0
0
127
198
0
0
127
199
0
0
127
200
0
0
127
201
0
0
128
202
0
0
128
203
0
0
127
204
0
0
127
205
0
0
127
206
0
0
127
207
0
0
127
208
0
0
127
209
0
0
127
210
0
0
127
211
0
0
127
212
0
0
127
213
0
0
127
214
0
0
127
215
0
0
127
216
0
0
127
217
0
0
127
218
0
0
127
219
0
0
127
220
0
0
127
221
0
0
127
222
0
0
127
223
0
0
127
224
0
0
128
225
0
0
128
226
0
0
127
227
0
0
127
228
0
0
127
229
0
0
127
230
0
0
127
231
0
0
127
232
0
0
127
233
0
0
127
234
0
0
127
235
0
0
127
236
0
0
127
237
0
0
127
238
0
0
127
239
0
0
127
240
0
0
127
241
0
0
128
242
0
0
127
243
0
0
127
244
0
0
127
245
0
0
127
246
0
0
127
247
0
0
127
248
0
0
127
249
0
0
127
250
0
0
127
251
0
0
127
252
0
0
127
253
0
0
128
254
0
0
127
255
0
0
127
0
0
0
127
1
0
0
127
2
0
0
127
3
0
0
128
4
0
0
127
5
0
0
127
6
0
0
128
7
0
0
127
8
0
0
127
9
0
0
127
10
0
0
127
11
0
0
127
12
0
0
127
13
0
0
127
14
0
0
127
15
0
0
127
16
0
0
128
17
0
0
128
18
0
0
128
19
0
0
128
20
0
0
127
21
0
0
127
22
0
0
127
23
0
0
127
24
0
0
127
25
0
0
127
26
0
0
127
27
0
0
127
28
0
0
127
29
0
0
127
30
0
0
127
31
0
0
127
32
0
0
127
33
0
0
127
34
0
0
128
35
0
0
127
36
0
0
127
37
0
0
127
38
0
0
127
39
0
0
127
40
0
0
127
41
0
0
127
42
0
0
127
43
0
0
127
44
0
0
127
45
0
0
127
46
0
0
127
47
0
0
127
48
0
0
127
49
0
0
127
50
0
0
127
51
0
0
127
52
0
0
127
53
0
0
127
54
0
0
127
55
0
0
127
56
0
0
127
57
0
0
127
58
0
0
127
59
0
0
127
60
0
0
127
61
0
0
127
62
0
0
127
63
0
0
127
64
0
0
127
65
0
0
127
66
0
0
127
67
0
0
127
68
0
0
127
69
0
0
127
70
0
0
127
71
0
0
127
72
0
0
127
73
0
0
127
74
0
0
127
75
0
0
127
76
0
0
127
77
0
0
127
78
0
0
127
79
0
0
127
80
0
0
127
81
0
0
127
82
0
0
127
83
0
0
127
84
0
0
127
85
0
0
127
86
0
0
127
87
0
0
127
88
0
0
127
89
0
0
127
90
0
0
127
91
0
0
127
92
0
0
127
93
0
0
127
94
0
0
127
95
0
0
127
96
0
0
127
97
0
0
128
98
0
0
127
99
0
0
127
100
0
0
127
101
0
0
127
102
0
0
127
103
0
0
127
104
0
0
127
105
0
0
127
106
0
0
127
107
0
0
127
108
0
0
127
109
0
0
127
110
0
0
127
111
0
0
127
112
0
0
127
113
0
0
127
114
0
0
127
115
0
0
127
116
0
0
127
117
0
0
127
118
0
0
127
119
0
0
127
120
0
0
127
121
0
0
128
122
0
0
128
123
0
0
127
124
0
0
127
125
0
0
127
126
0
0
127
127
0
0
127
128
0
0
127
129
0
0
127
130
0
0
127
131
0
0
127
132
0
0
127
133
0
0
127
134
0
0
127
135
0
0
127
136
0
0
127
137
0
0
127
138
0
0
128
139
0
0
127
140
0
0
127
141
0
0
127
142
0
0
127
143
0
0
127
144
0
0
127
145
0
0
127
146
0
0
127
147
0
0
127
148
0
0
127
149
0
0
127
150
0
0
127
151
0
0
127
152
0
0
127
153
0
0
127
154
0
0
127
155
0
0
127
156
0
0
127
157
0
0
127
158
0
0
127
159
0
0
127
160
0
0
127
161
0
0
127
162
0
0
127
163
0
0
128
164
0
0
127
165
0
0
127
166
0
0
127
167
0
0
127
168
0
0
127
169
0
0
127
170
0
0
127
171
0
0
128
172
0
0
127
173
0
0
127
174
0
0
127
175
0
0
127
176
0
0
127
177
0
0
127
178
0
0
127
179
0
0
127
180
0
0
127
181
0
0
127
182
0
0
127
183
0
0
127
184
0
0
127
185
0
0
127
186
0
0
127
187
0
0
127
188
0
0
127
189
0
0
127
190
0
0
127
191
0
0
127
192
0
0
127
193
0
0
127
194
0
0
127
195
0
0
127
196
0
0
127
197
0
0
127
198
0
0
127
199
0
0
127
200
0
0
127
201
0
0
127
202
0
0
127
203
0
0
127
204
0
0
127
205
0
0
127
206
0
0
127
207
0
0
127
208
0
0
127
209
0
0
127
210
0
0
127
211
0
0
127
212
0
0
127
213
0
0
127
214
0
0
127
215
0
0
127
216
0
0
127
217
0
0
127
218
0
0
127
219
0
0
127
220
0
0
127
221
0
0
127
222
0
0
127
223
0
0
127
224
0
0
127
225
0
0
127
226
0
0
127
227
0
0
127
228
0
0
127
229
0
0
127
230
0
0
127
231
0
0
127
232
0
0
127
233
0
0
127
234
0
0
127
235
0
0
127
236
0
0
127
237
0
0
127
238
0
0
127
239
0
0
127
240
0
0
127
241
0
0
127
242
0
0
127
243
0
0
128
244
0
0
128
245
0
0
127
246
0
0
127
247
0
0
127
248
0
0
127
249
0
0
127
250
0
0
127
251
0
0
127
252
0
0
127
253
0
0
127
254
0
0
127
255
0
0
128
0
0
0
128
1
0
0
128
2
0
0
128
3
0
0
128
4
0
0
127
5
0
0
127
6
0
0
127
7
0
0
127
8
0
0
127
9
0
0
127
10
0
0
127
11
0
0
127
12
0
0
127
13
0
0
127
14
0
0
127
15
0
0
127
16
0
0
127
17
0
0
127
18
0
0
127
19
0
0
127
20
0
0
127
21
0
0
127
22
0
0
128
23
0
0
128
24
0
0
128
25
0
0
127
26
0
0
127
27
0
0
127
28
0
0
127
29
0
0
127
30
0
0
127
31
0
0
127
32
0
0
127
33
0
0
127
34
0
0
127
35
0
0
128
36
0
0
129
37
0
0
129
38
0
0
129
39
0
0
128
40
0
0
127
41
0
0
127
42
0
0
127
43
0
0
127
44
0
0
127
45
0
0
127
46
0
0
127
47
0
0
127
48
0
0
127
49
0
0
127
50
0
0
127
51
0
0
127
52
0
0
127
53
0
0
127
54
0
0
127
55
0
0
127
56
0
0
127
57
0
0
127
58
0
0
128
59
0
0
128
60
0
0
128
61
0
0
127
62
0
0
127
63
0
0
128
64
0
0
127
65
0
0
127
66
0
0
127
67
0
0
127
68
0
0
127
69
0
0
127
70
0
0
127
71
0
0
127
72
0
0
127
73
0
0
128
74
0
0
128
75
0
0
127
76
0
0
128
77
0
0
128
78
0
0
128
79
0
0
127
80
0
0
127
81
0
0
127
82
0
0
127
83
0
0
127
84
0
0
127
85
0
0
127
86
0
0
127
87
0
0
127
88
0
0
127
89
0
0
127
90
0
0
127
91
0
0
127
92
0
0
127
93
0
0
127
94
0
0
127
95
0
0
127
96
0
0
127
97
0
0
127
98
0
0
127
99
0
0
127
100
0
0
127
101
0
0
127
102
0
0
127
103
0
0
127
104
0
0
127
105
0
0
127
106
0
0
127
107
0
0
127
108
0
0
127
109
0
0
127
110
0
0
127
111
0
0
127
112
0
0
127
113
0
0
127
114
0
0
127
115
0
0
127
116
0
0
127
117
0
0
127
118
0
0
127
119
0
0
127
120
0
0
127
121
0
0
127
122
0
0
127
123
0
0
127
124
0
0
127
125
0
0
127
126
0
0
127
127
0
0
127
128
0
0
127
129
0
0
127
130
0
0
127
131
0
0
127
132
0
0
127
133
0
0
127
134
0
0
127
135
0
0
127
136
0
0
127
137
0
0
127
138
0
0
127
139
0
0
127
140
0
0
127
141
0
0
127
142
0
0
127
143
0
0
127
144
0
0
127
145
0
0
127
146
0
0
127
147
0
0
127
148
0
0
127
149
0
0
127
150
0
0
127
151
0
0
127
152
0
0
127
153
0
0
127
154
0
0
128
155
0
0
128
156
0
0
127
157
0
0
127
158
0
0
127
159
0
0
127
160
0
0
127
161
0
0
127
162
0
0
127
163
0
0
127
164
0
0
127
165
0
0
127
166
0
0
127
167
0
0
127
168
0
0
127
169
0
0
127
170
0
0
127
171
0
0
127
172
0
0
128
173
0
0
127
174
0
0
127
175
0
0
127
176
0
0
127
177
0
0
127
178
0
0
127
179
0
0
127
180
0
0
127
181
0
0
127
182
0
0
127
183
0
0
127
184
0
0
127
185
0
0
127
186
0
0
127
187
0
0
127
188
0
0
127
189
0
0
127
190
0
0
127
191
0
0
127
192
0
0
127
193
0
0
127
194
0
0
127
195
0
0
127
196
0
0
127
197
0
0
127
198
0
0
127
199
0
0
127
200
0
0
127
201
0
0
127
202
0
0
127
203
0
0
127
204
0
0
127
205
0
0
127
206
0
0
127
207
0
0
127
208
0
0
127
209
0
0
127
210
0
0
127
211
0
0
127
212
0
0
127
213
0
0
127
214
0
0
127
215
0
0
127
216
0
0
127
217
0
0
127
218
0
0
128
219
0
0
128
220
0
0
127
221
0
0
127
222
0
0
127
223
0
0
127
224
0
0
127
225
0
0
127
226
0
0
127
227
0
0
127
228
0
0
128
229
0
0
128
230
0
0
128
231
0
0
128
232
0
0
128
233
0
0
128
234
0
0
127
235
0
0
127
236
0
0
127
237
0
0
127
238
0
0
127
239
0
0
127
240
0
0
127
241
0
0
127
242
0
0
127
243
0
0
128
244
0
0
128
245
0
0
128
246
0
0
128
247
0
0
128
248
0
0
127
249
0
0
127
250
0
0
127
251
0
0
127
252
0
0
127
253
0
0
127
254
0
0
127
255
0
0
127
0
0
0
127
1
0
0
127
2
0
0
127
3
0
0
127
4
0
0
127
5
0
0
127
6
0
0
127
7
0
0
127
8
0
0
127
9
0
0
127
10
0
0
128
11
0
0
128
12
0
0
128
13
0
0
128
14
0
0
128
15
0
0
127
16
0
0
127
17
0
0
127
18
0
0
127
19
0
0
127
20
0
0
127
21
0
0
127
22
0
0
127
23
0
0
127
24
0
0
127
25
0
0
127
26
0
0
127
27
0
0
127
28
0
0
127
29
0
0
127
30
0
0
127
31
0
0
127
32
0
0
127
33
0
0
127
34
0
0
127
35
0
0
127
36
0
0
127
37
0
0
127
38
0
0
127
39
0
0
127
40
0
0
127
41
0
0
128
42
0
0
128
43
0
0
127
44
0
0
127
45
0
0
127
46
0
0
127
47
0
0
127
48
0
0
128
49
0
0
128
50
0
0
128
51
0
0
128
52
0
0
128
53
0
0
128
54
0
0
127
55
0
0
127
56
0
0
127
57
0
0
127
58
0
0
127
59
0
0
127
60
0
0
127
61
0
0
127
62
0
0
128
63
0
0
128
64
0
0
128
65
0
0
128
66
0
0
128
67
0
0
127
68
0
0
127
69
0
0
127
70
0
0
127
71
0
0
127
72
0
0
127
73
0
0
127
74
0
0
127
75
0
0
127
76
0
0
127
77
0
0
127
78
0
0
127
79
0
0
128
80
0
0
128
81
0
0
128
82
0
0
128
83
0
0
128
84
0
0
128
85
0
0
127
86
0
0
127
87
0
0
127
88
0
0
127
89
0
0
128
90
0
0
128
91
0
0
128
92
0
0
128
93
0
0
128
94
0
0
128
95
0
0
128
96
0
0
128
97
0
0
128
98
0
0
127
99
0
0
127
100
0
0
127
101
0
0
127
102
0
0
128
103
0
0
128
104
0
0
128
105
0
0
128
106
0
0
128
107
0
0
127
108
0
0
127
109
0
0
127
110
0
0
127
111
0
0
127
112
0
0
127
113
0
0
127
114
0
0
127
115
0
0
128
116
0
0
128
117
0
0
128
118
0
0
128
119
0
0
127
120
0
0
127
121
0
0
127
122
0
0
127
123
0
0
127
124
0
0
127
125
0
0
127
126
0
0
127
127
0
0
128
128
0
0
128
129
0
0
128
130
0
0
127
131
0
0
127
132
0
0
127
133
0
0
127
134
0
0
127
135
0
0
127
136
0
0
127
137
0
0
127
138
0
0
127
139
0
0
127
140
0
0
127
141
0
0
127
142
0
0
127
143
0
0
127
144
0
0
127
145
0
0
127
146
0
0
127
147
0
0
127
148
0
0
128
149
0
0
128
150
0
0
128
151
0
0
128
152
0
0
127
153
0
0
127
154
0
0
127
155
0
0
127
156
0
0
128
157
0
0
128
158
0
0
128
159
0
0
128
160
0
0
128
161
0
0
128
162
0
0
127
163
0
0
127
164
0
0
127
165
0
0
127
166
0
0
128
167
0
0
128
168
0
0
128
169
0
0
128
170
0
0
128
171
0
0
128
172
0
0
127
173
0
0
127
174
0
0
127
175
0
0
127
176
0
0
127
177
0
0
127
178
0
0
127
179
0
0
127
180
0
0
127
181
0
0
128
182
0
0
128
183
0
0
128
184
0
0
128
185
0
0
128
186
0
0
129
187
0
0
130
188
0
0
132
189
0
0
134
190
0
0
136
191
0
0
138
192
0
0
140
193
0
0
142
194
0
0
143
195
0
0
143
196
0
0
142
197
0
0
141
198
0
0
140
199
0
0
139
200
0
0
138
201
0
0
137
202
0
0
137
203
0
0
137
204
0
0
137
205
0
0
138
206
0
0
139
207
0
0
140
208
0
0
140
209
0
0
139
210
0
0
138
211
0
0
137
212
0
0
136
213
0
0
135
214
0
0
134
215
0
0
133
216
0
0
132
217
0
0
131
218
0
0
130
219
0
0
129
220
0
0
128
221
0
0
128
222
0
0
128
223
0
0
128
224
0
0
128
225
0
0
128
226
0
0
128
227
0
0
127
228
0
0
127
229
0
0
127
230
0
0
127
231
0
0
128
232
0
0
128
233
0
0
128
234
0
0
127
235
0
0
127
236
0
0
127
237
0
0
127
238
0
0
127
239
0
0
127
240
0
0
127
241
0
0
127
242
0
0
127
243
0
0
127
244
0
0
127
245
0
0
127
246
0
0
127
247
0
0
127
248
0
0
128
249
0
0
128
250
0
0
128
251
0
0
128
252
0
0
127
253
0
0
127
254
0
0
127
255
0
0
128
0
0
0
128
1
0
0
128
2
0
0
128
3
0
0
128
4
0
0
127
5
0
0
127
6
0
0
127
7
0
0
127
8
0
0
127
9
0
0
128
10
0
0
129
11
0
0
131
12
0
0
133
13
0
0
135
14
0
0
137
15
0
0
139
16
0
0
141
17
0
0
143
18
0
0
144
19
0
0
144
20
0
0
144
21
0
0
144
22
0
0
143
23
0
0
142
24
0
0
141
25
0
0
142
26
0
0
145
27
0
0
149
28
0
0
155
29
0
0
163
30
0
0
172
31
0
0
181
32
0
0
190
33
0
0
199
34
0
0
206
35
0
0
210
36
0
0
212
37
0
0
213
38
0
0
215
39
0
0
218
40
0
0
222
41
0
0
226
42
0
0
229
43
0
0
232
44
0
0
234
45
0
0
235
46
0
0
236
47
0
0
236
48
0
0
236
49
0
0
235
50
0
0
234
51
0
0
234
52
0
0
235
53
0
0
237
54
0
0
240
55
0
0
243
56
0
0
245
57
0
0
246
58
0
0
246
59
0
0
246
60
0
0
247
61
0
0
248
62
0
0
249
63
0
0
250
64
0
0
252
65
0
0
254
66
0
1
0
67
0
1
1
68
0
1
3
69
0
1
4
70
0
1
5
71
0
1
5
72
0
1
4
73
0
1
2
74
0
1
1
75
0
1
0
76
0
0
255
77
0
0
255
78
0
0
254
79
0
0
253
80
0
0
252
81
0
0
251
82
0
0
250
83
0
0
250
84
0
0
250
85
0
0
250
86
0
0
250
87
0
0
250
88
0
0
251
89
0
0
252
90
0
0
253
91
0
0
254
92
0
0
254
93
0
0
254
94
0
0
253
95
0
0
252
96
0
0
251
97
0
0
250
98
0
0
249
99
0
0
249
100
0
0
249
101
0
0
249
102
0
0
250
103
0
0
250
104
0
0
250
105
0
0
250
106
0
0
250
107
0
0
250
108
0
0
251
109
0
0
252
110
0
0
254
111
0
1
0
112
0
1
1
113
0
1
3
114
0
1
5
115
0
1
7
116
0
1
9
117
0
1
10
118
0
1
11
119
0
1
11
120
0
1
10
121
0
1
8
122
0
1
7
123
0
1
6
124
0
1
6
125
0
1
7
126
0
1
9
127
0
1
11
128
0
1
14
129
0
1
16
130
0
1
16
131
0
1
16
132
0
1
16
133
0
1
17
134
0
1
18
135
0
1
20
136
0
1
23
137
0
1
27
138
0
1
31
139
0
1
35
140
0
1
38
141
0
1
41
142
0
1
43
143
0
1
44
144
0
1
45
145
0
1
46
146
0
1
46
147
0
1
45
148
0
1
44
149
0
1
44
150
0
1
46
151
0
1
50
152
0
1
58
153
0
1
69
154
0
1
83
155
0
1
98
156
0
1
114
157
0
1
130
158
0
1
144
159
0
1
155
160
0
1
162
161
0
1
164
162
0
1
166
163
0
1
170
164
0
1
176
165
0
1
184
166
0
1
193
167
0
1
200
168
0
1
205
169
0
1
209
170
0
1
211
171
0
1
212
172
0
1
211
173
0
1
209
174
0
1
207
175
0
1
205
176
0
1
204
177
0
1
204
178
0
1
206
179
0
1
210
180
0
1
215
181
0
1
221
182
0
1
227
183
0
1
232
184
0
1
234
185
0
1
234
186
0
1
235
187
0
1
237
188
0
1
239
189
0
1
241
190
0
1
244
191
0
1
248
192
0
1
253
193
0
2
3
194
0
2
8
195
0
2
12
196
0
2
14
197
0
2
14
198
0
2
12
199
0
2
10
200
0
2
9
201
0
2
8
202
0
2
7
203
0
2
6
204
0
2
4
205
0
2
1
206
0
1
254
207
0
1
252
208
0
1
250
209
0
1
248
210
0
1
247
211
0
1
245
212
0
1
243
213
0
1
241
214
0
1
239
215
0
1
236
216
0
1
233
217
0
1
230
218
0
1
227
219
0
1
225
220
0
1
225
221
0
1
226
222
0
1
227
223
0
1
228
224
0
1
228
225
0
1
228
226
0
1
227
227
0
1
225
228
0
1
223
229
0
1
222
230
0
1
221
231
0
1
221
232
0
1
222
233
0
1
223
234
0
1
225
235
0
1
227
236
0
1
230
237
0
1
234
238
0
1
239
239
0
1
244
240
0
1
248
241
0
1
251
242
0
1
252
243
0
1
252
244
0
1
250
245
0
1
248
246
0
1
247
247
0
1
248
248
0
1
250
249
0
1
252
250
0
1
254
251
0
2
1
252
0
2
4
253
0
2
7
254
0
2
9
255
0
2
10
0
0
2
8
1
0
2
8
2
0
2
10
3
0
2
13
4
0
2
16
5
0
2
20
6
0
2
24
7
0
2
28
8
0
2
31
9
0
2
33
10
0
2
33
11
0
2
32
12
0
2
31
13
0
2
30
14
0
2
30
15
0
2
30
16
0
2
29
17
0
2
27
18
0
2
26
19
0
2
26
20
0
2
27
21
0
2
28
22
0
2
31
23
0
2
37
24
0
2
45
25
0
2
55
26
0
2
67
27
0
2
80
28
0
2
94
29
0
2
107
30
0
2
117
31
0
2
123
32
0
2
124
33
0
2
126
34
0
2
132
35
0
2
141
36
0
2
152
37
0
2
163
38
0
2
171
39
0
2
177
40
0
2
179
41
0
2
178
42
0
2
175
43
0
2
171
44
0
2
167
45
0
2
162
46
0
2
158
47
0
2
154
48
0
2
151
49
0
2
151
50
0
2
154
51
0
2
161
52
0
2
172
53
0
2
184
54
0
2
195
55
0
2
203
56
0
2
206
57
0
2
206
58
0
2
206
59
0
2
208
60
0
2
211
61
0
2
215
62
0
2
221
63
0
2
227
64
0
2
233
65
0
2
239
66
0
2
245
67
0
2
251
68
0
3
0
69
0
3
1
70
0
2
255
71
0
2
254
72
0
3
0
73
0
3
3
74
0
3
7
75
0
3
11
76
0
3
13
77
0
3
13
78
0
3
11
79
0
3
7
80
0
3
3
81
0
3
0
82
0
2
254
83
0
2
254
84
0
2
255
85
0
3
0
86
0
2
255
87
0
2
254
88
0
2
251
89
0
2
247
90
0
2
243
91
0
2
239
92
0
2
238
93
0
2
240
94
0
2
244
95
0
2
249
96
0
2
253
97
0
2
255
98
0
2
254
99
0
2
251
100
0
2
248
101
0
2
246
102
0
2
246
103
0
2
247
104
0
2
250
105
0
2
254
106
0
3
2
107
0
3
5
108
0
3
8
109
0
3
11
110
0
3
14
111
0
3
18
112
0
3
21
113
0
3
21
114
0
3
18
115
0
3
15
116
0
3
13
117
0
3
12
118
0
3
13
119
0
3
15
120
0
3
17
121
0
3
18
122
0
3
19
123
0
3
19
124
0
3
19
125
0
3
19
126
0
3
18
127
0
3
14
128
0
3
12
129
0
3
13
130
0
3
16
131
0
3
20
132
0
3
24
133
0
3
29
134
0
3
35
135
0
3
41
136
0
3
45
137
0
3
45
138
0
3
42
139
0
3
37
140
0
3
32
141
0
3
28
142
0
3
25
143
0
3
22
144
0
3
17
145
0
3
13
146
0
3
11
147
0
3
11
148
0
3
13
149
0
3
19
150
0
3
30
151
0
3
45
152
0
3
61
153
0
3
75
154
0
3
86
155
0
3
96
156
0
3
106
157
0
3
114
158
0
3
116
159
0
3
117
160
0
3
122
161
0
3
131
162
0
3
141
163
0
3
153
164
0
3
165
165
0
3
176
166
0
3
183
167
0
3
186
168
0
3
186
169
0
3
183
170
0
3
178
171
0
3
172
172
0
3
167
173
0
3
162
174
0
3
160
175
0
3
161
176
0
3
165
177
0
3
173
178
0
3
184
179
0
3
198
180
0
3
213
181
0
3
226
182
0
3
234
183
0
3
234
184
0
3
235
185
0
3
239
186
0
3
246
187
0
4
0
188
0
4
10
189
0
4
20
190
0
4
29
191
0
4
37
192
0
4
43
193
0
4
46
194
0
4
46
195
0
4
43
196
0
4
38
197
0
4
32
198
0
4
29
199
0
4
29
200
0
4
32
201
0
4
35
202
0
4
38
203
0
4
38
204
0
4
36
205
0
4
32
206
0
4
26
207
0
4
20
208
0
4
15
209
0
4
12
210
0
4
11
211
0
4
11
212
0
4
9
213
0
4
4
214
0
3
254
215
0
3
248
216
0
3
242
217
0
3
236
218
0
3
231
219
0
3
228
220
0
3
227
221
0
3
227
222
0
3
227
223
0
3
226
224
0
3
224
225
0
3
221
226
0
3
217
227
0
3
211
228
0
3
206
229
0
3
204
230
0
3
203
231
0
3
204
232
0
3
206
233
0
3
209
234
0
3
214
235
0
3
220
236
0
3
227
237
0
3
234
238
0
3
239
239
0
3
241
240
0
3
239
241
0
3
236
242
0
3
233
243
0
3
231
244
0
3
232
245
0
3
236
246
0
3
242
247
0
3
248
248
0
3
252
249
0
3
254
250
0
3
254
251
0
3
254
252
0
3
254
253
0
3
253
254
0
3
250
255
0
3
250
0
0
3
255
1
0
4
7
2
0
4
14
3
0
4
21
4
0
4
30
5
0
4
41
6
0
4
51
7
0
4
57
8
0
4
56
9
0
4
54
10
0
4
53
11
0
4
52
12
0
4
49
13
0
4
43
14
0
4
36
15
0
4
31
16
0
4
30
17
0
4
32
18
0
4
36
19
0
4
42
20
0
4
49
21
0
4
59
22
0
4
70
23
0
4
79
24
0
4
84
25
0
4
85
26
0
4
85
27
0
4
85
28
0
4
84
29
0
4
79
30
0
4
77
31
0
4
78
32
0
4
82
33
0
4
88
34
0
4
96
35
0
4
104
36
0
4
109
37
0
4
109
38
0
4
105
39
0
4
100
40
0
4
94
41
0
4
87
42
0
4
80
43
0
4
72
44
0
4
65
45
0
4
60
46
0
4
56
47
0
4
53
48
0
4
53
49
0
4
59
50
0
4
71
51
0
4
86
52
0
4
100
53
0
4
109
54
0
4
110
55
0
4
110
56
0
4
112
57
0
4
118
58
0
4
128
59
0
4
140
60
0
4
152
61
0
4
163
62
0
4
171
63
0
4
175
64
0
4
175
65
0
4
173
66
0
4
168
67
0
4
161
68
0
4
156
69
0
4
154
70
0
4
154
71
0
4
156
72
0
4
161
73
0
4
166
74
0
4
170
75
0
4
171
76
0
4
169
77
0
4
164
78
0
4
158
79
0
4
154
80
0
4
154
81
0
4
157
82
0
4
161
83
0
4
163
84
0
4
162
85
0
4
157
86
0
4
151
87
0
4
146
88
0
4
141
89
0
4
136
90
0
4
133
91
0
4
131
92
0
4
129
93
0
4
126
94
0
4
122
95
0
4
116
96
0
4
110
97
0
4
103
98
0
4
96
99
0
4
89
100
0
4
84
101
0
4
81
102
0
4
81
103
0
4
84
104
0
4
90
105
0
4
97
106
0
4
104
107
0
4
110
108
0
4
116
109
0
4
120
110
0
4
122
111
0
4
119
112
0
4
115
113
0
4
111
114
0
4
109
115
0
4
110
116
0
4
115
117
0
4
123
118
0
4
131
119
0
4
136
120
0
4
138
121
0
4
138
122
0
4
136
123
0
4
133
124
0
4
129
125
0
4
124
126
0
4
123
127
0
4
126
128
0
4
132
129
0
4
138
130
0
4
143
131
0
4
149
132
0
4
157
133
0
4
167
134
0
4
174
135
0
4
174
136
0
4
172
137
0
4
171
138
0
4
170
139
0
4
167
140
0
4
162
141
0
4
157
142
0
4
153
143
0
4
151
144
0
4
151
145
0
4
153
146
0
4
157
147
0
4
163
148
0
4
173
149
0
4
185
150
0
4
195
151
0
4
200
152
0
4
199
153
0
4
195
154
0
4
190
155
0
4
184
156
0
4
179
157
0
4
177
158
0
4
179
159
0
4
182
160
0
4
186
161
0
4
190
162
0
4
193
163
0
4
193
164
0
4
189
165
0
4
183
166
0
4
176
167
0
4
168
168
0
4
159
169
0
4
151
170
0
4
145
171
0
4
141
172
0
4
138
173
0
4
135
174
0
4
131
175
0
4
129
176
0
4
132
177
0
4
140
178
0
4
150
179
0
4
158
180
0
4
161
181
0
4
158
182
0
4
155
183
0
4
154
184
0
4
156
185
0
4
162
186
0
4
171
187
0
4
182
188
0
4
191
189
0
4
197
190
0
4
200
191
0
4
199
192
0
4
196
193
0
4
190
194
0
4
184
195
0
4
180
196
0
4
179
197
0
4
180
198
0
4
184
199
0
4
188
200
0
4
191
201
0
4
192
202
0
4
191
203
0
4
188
204
0
4
183
205
0
4
177
206
0
4
174
207
0
4
174
208
0
4
177
209
0
4
182
210
0
4
186
211
0
4
187
212
0
4
184
213
0
4
179
214
0
4
173
215
0
4
168
216
0
4
165
217
0
4
164
218
0
4
165
219
0
4
166
220
0
4
165
221
0
4
160
222
0
4
153
223
0
4
145
224
0
4
137
225
0
4
129
226
0
4
121
227
0
4
116
228
0
4
113
229
0
4
113
230
0
4
116
231
0
4
121
232
0
4
129
233
0
4
137
234
0
4
145
235
0
4
152
236
0
4
157
237
0
4
157
238
0
4
153
239
0
4
150
240
0
4
148
241
0
4
147
242
0
4
149
243
0
4
154
244
0
4
162
245
0
4
169
246
0
4
173
247
0
4
173
248
0
4
169
249
0
4
164
250
0
4
160
251
0
4
157
252
0
4
151
253
0
4
148
254
0
4
150
255
0
4
155
0
0
4
160
1
0
4
165
2
0
4
171
3
0
4
181
4
0
4
193
5
0
4
202
6
0
4
204
7
0
4
203
8
0
4
203
9
0
4
204
10
0
4
204
11
0
4
202
12
0
4
199
13
0
4
197
14
0
4
198
15
0
4
202
16
0
4
209
17
0
4
220
18
0
4
236
19
0
4
255
20
0
5
17
21
0
5
29
22
0
5
33
23
0
5
30
24
0
5
25
25
0
5
21
26
0
5
21
27
0
5
26
28
0
5
36
29
0
5
47
30
0
5
56
31
0
5
63
32
0
5
69
33
0
5
72
34
0
5
69
35
0
5
65
36
0
5
61
37
0
5
57
38
0
5
51
39
0
5
44
40
0
5
39
41
0
5
36
42
0
5
35
43
0
5
34
44
0
5
33
45
0
5
32
46
0
5
32
47
0
5
34
48
0
5
38
49
0
5
41
50
0
5
40
51
0
5
35
52
0
5
31
53
0
5
28
54
0
5
27
55
0
5
28
56
0
5
32
57
0
5
38
58
0
5
44
59
0
5
48
60
0
5
49
61
0
5
46
62
0
5
40
63
0
5
32
64
0
5
23
65
0
5
16
66
0
5
12
67
0
5
11
68
0
5
12
69
0
5
13
70
0
5
13
71
0
5
12
72
0
5
10
73
0
5
6
74
0
4
255
75
0
4
248
76
0
4
244
77
0
4
243
78
0
4
245
79
0
4
248
80
0
4
250
81
0
4
249
82
0
4
245
83
0
4
239
84
0
4
232
85
0
4
226
86
0
4
223
87
0
4
222
88
0
4
222
89
0
4
222
90
0
4
220
91
0
4
215
92
0
4
209
93
0
4
201
94
0
4
192
95
0
4
184
96
0
4
177
97
0
4
171
98
0
4
166
99
0
4
162
100
0
4
161
101
0
4
163
102
0
4
169
103
0
4
177
104
0
4
184
105
0
4
191
106
0
4
196
107
0
4
198
108
0
4
196
109
0
4
192
110
0
4
189
111
0
4
189
112
0
4
191
113
0
4
196
114
0
4
203
115
0
4
210
116
0
4
215
117
0
4
217
118
0
4
215
119
0
4
211
120
0
4
206
121
0
4
200
122
0
4
194
123
0
4
192
124
0
4
194
125
0
4
197
126
0
4
199
127
0
4
201
128
0
4
205
129
0
4
213
130
0
4
223
131
0
4
231
132
0
4
234
133
0
4
231
134
0
4
227
135
0
4
225
136
0
4
226
137
0
4
229
138
0
4
232
139
0
4
235
140
0
4
238
141
0
4
241
142
0
4
247
143
0
5
1
144
0
5
14
145
0
5
29
146
0
5
42
147
0
5
50
148
0
5
52
149
0
5
50
150
0
5
45
151
0
5
40
152
0
5
40
153
0
5
48
154
0
5
60
155
0
5
71
156
0
5
79
157
0
5
85
158
0
5
89
159
0
5
90
160
0
5
86
161
0
5
83
162
0
5
83
163
0
5
82
164
0
5
79
165
0
5
73
166
0
5
67
167
0
5
62
168
0
5
60
169
0
5
60
170
0
5
60
171
0
5
59
172
0
5
59
173
0
5
60
174
0
5
61
175
0
5
60
176
0
5
55
177
0
5
51
178
0
5
49
179
0
5
48
180
0
5
47
181
0
5
47
182
0
5
49
183
0
5
53
184
0
5
58
185
0
5
62
186
0
5
62
187
0
5
57
188
0
5
51
189
0
5
43
190
0
5
34
191
0
5
26
192
0
5
21
193
0
5
20
194
0
5
22
195
0
5
24
196
0
5
26
197
0
5
27
198
0
5
26
199
0
5
22
200
0
5
15
201
0
5
8
202
0
5
4
203
0
5
4
204
0
5
8
205
0
5
12
206
0
5
14
207
0
5
12
208
0
5
8
209
0
5
2
210
0
4
251
211
0
4
244
212
0
4
239
213
0
4
236
214
0
4
236
215
0
4
237
216
0
4
237
217
0
4
235
218
0
4
232
219
0
4
227
220
0
4
220
221
0
4
213
222
0
4
207
223
0
4
202
224
0
4
198
225
0
4
196
226
0
4
197
227
0
4
201
228
0
4
207
229
0
4
215
230
0
4
223
231
0
4
230
232
0
4
235
233
0
4
237
234
0
4
235
235
0
4
230
236
0
4
225
237
0
4
223
238
0
4
225
239
0
4
231
240
0
4
239
241
0
4
247
242
0
4
254
243
0
5
5
244
0
5
9
245
0
5
9
246
0
5
4
247
0
5
0
248
0
5
0
249
0
5
2
250
0
5
6
251
0
5
9
252
0
5
12
253
0
5
15
254
0
5
20
255
0
5
25
0
0
5
29
1
0
5
31
2
0
5
30
3
0
5
27
4
0
5
22
5
0
5
15
6
0
5
10
7
0
5
10
8
0
5
14
9
0
5
20
10
0
5
26
11
0
5
31
12
0
5
35
13
0
5
41
14
0
5
51
15
0
5
64
16
0
5
76
17
0
5
83
18
0
5
85
19
0
5
83
20
0
5
78
21
0
5
72
22
0
5
71
23
0
5
77
24
0
5
88
25
0
5
98
26
0
5
104
27
0
5
108
28
0
5
111
29
0
5
112
30
0
5
108
31
0
5
103
32
0
5
99
33
0
5
94
34
0
5
88
35
0
5
82
36
0
5
78
37
0
5
77
38
0
5
78
39
0
5
79
40
0
5
81
41
0
5
83
42
0
5
87
43
0
5
92
44
0
5
95
45
0
5
92
46
0
5
89
47
0
5
88
48
0
5
88
49
0
5
88
50
0
5
88
51
0
5
89
52
0
5
92
53
0
5
95
54
0
5
99
55
0
5
102
56
0
5
102
57
0
5
99
58
0
5
92
59
0
5
84
60
0
5
76
61
0
5
71
62
0
5
69
63
0
5
70
64
0
5
73
65
0
5
75
66
0
5
76
67
0
5
76
68
0
5
74
69
0
5
68
70
0
5
61
71
0
5
56
72
0
5
53
73
0
5
54
74
0
5
58
75
0
5
63
76
0
5
66
77
0
5
65
78
0
5
59
79
0
5
52
80
0
5
45
81
0
5
38
82
0
5
32
83
0
5
27
84
0
5
25
85
0
5
24
86
0
5
22
87
0
5
18
88
0
5
13
89
0
5
7
90
0
5
0
91
0
4
248
92
0
4
240
93
0
4
231
94
0
4
224
95
0
4
221
96
0
4
223
97
0
4
230
98
0
4
238
99
0
4
247
100
0
5
0
101
0
5
8
102
0
5
14
103
0
5
16
104
0
5
12
105
0
5
8
106
0
5
4
107
0
5
1
108
0
5
0
109
0
5
2
110
0
5
7
111
0
5
13
112
0
5
20
113
0
5
26
114
0
5
30
115
0
5
32
116
0
5
30
117
0
5
26
118
0
5
24
119
0
5
26
120
0
5
30
121
0
5
34
122
0
5
37
123
0
5
42
124
0
5
49
125
0
5
56
126
0
5
60
127
0
5
61
128
0
5
59
129
0
5
55
130
0
5
50
131
0
5
43
132
0
5
37
133
0
5
36
134
0
5
39
135
0
5
44
136
0
5
49
137
0
5
54
138
0
5
60
139
0
5
68
140
0
5
78
141
0
5
89
142
0
5
99
143
0
5
106
144
0
5
110
145
0
5
112
146
0
5
110
147
0
5
105
148
0
5
105
149
0
5
111
150
0
5
121
151
0
5
131
152
0
5
138
153
0
5
143
154
0
5
148
155
0
5
151
156
0
5
148
157
0
5
143
158
0
5
138
159
0
5
131
160
0
5
122
161
0
5
114
162
0
5
110
163
0
5
110
164
0
5
113
165
0
5
116
166
0
5
119
167
0
5
122
168
0
5
127
169
0
5
133
170
0
5
136
171
0
5
133
172
0
5
130
173
0
5
130
174
0
5
132
175
0
5
134
176
0
5
135
177
0
5
136
178
0
5
138
179
0
5
140
180
0
5
141
181
0
5
140
182
0
5
137
183
0
5
132
184
0
5
126
185
0
5
119
186
0
5
111
187
0
5
106
188
0
5
105
189
0
5
107
190
0
5
111
191
0
5
115
192
0
5
118
193
0
5
119
194
0
5
118
195
0
5
113
196
0
5
107
197
0
5
103
198
0
5
103
199
0
5
106
200
0
5
110
201
0
5
113
202
0
5
113
203
0
5
110
204
0
5
103
205
0
5
95
206
0
5
87
207
0
5
79
208
0
5
72
209
0
5
67
210
0
5
65
211
0
5
65
212
0
5
65
213
0
5
62
214
0
5
56
215
0
5
48
216
0
5
39
217
0
5
29
218
0
5
19
219
0
5
10
220
0
5
3
221
0
4
255
222
0
5
0
223
0
5
3
224
0
5
8
225
0
5
14
226
0
5
21
227
0
5
29
228
0
5
36
229
0
5
39
230
0
5
36
231
0
5
34
232
0
5
34
233
0
5
35
234
0
5
36
235
0
5
37
236
0
5
39
237
0
5
42
238
0
5
45
239
0
5
46
240
0
5
45
241
0
5
41
242
0
5
37
243
0
5
32
244
0
5
25
245
0
5
21
246
0
5
22
247
0
5
25
248
0
5
29
249
0
5
34
250
0
5
41
251
0
5
50
252
0
5
58
253
0
5
61
254
0
5
59
255
0
5
53
0
0
5
46
1
0
5
38
2
0
5
32
3
0
5
29
4
0
5
29
5
0
5
31
6
0
5
34
7
0
5
38
8
0
5
45
9
0
5
55
10
0
5
68
11
0
5
81
12
0
5
91
13
0
5
96
14
0
5
97
15
0
5
95
16
0
5
91
17
0
5
85
18
0
5
85
19
0
5
93
20
0
5
105
21
0
5
116
22
0
5
121
23
0
5
123
24
0
5
125
25
0
5
126
26
0
5
124
27
0
5
120
28
0
5
117
29
0
5
113
30
0
5
106
31
0
5
98
32
0
5
92
33
0
5
90
34
0
5
91
35
0
5
93
36
0
5
95
37
0
5
97
38
0
5
101
39
0
5
105
40
0
5
107
41
0
5
105
42
0
5
102
43
0
5
101
44
0
5
103
45
0
5
105
46
0
5
108
47
0
5
112
48
0
5
116
49
0
5
119
50
0
5
121
51
0
5
121
52
0
5
119
53
0
5
115
54
0
5
110
55
0
5
103
56
0
5
95
57
0
5
90
58
0
5
89
59
0
5
91
60
0
5
94
61
0
5
98
62
0
5
102
63
0
5
104
64
0
5
104
65
0
5
100
66
0
5
94
67
0
5
90
68
0
5
89
69
0
5
91
70
0
5
95
71
0
5
98
72
0
5
97
73
0
5
92
74
0
5
85
75
0
5
78
76
0
5
71
77
0
5
64
78
0
5
57
79
0
5
51
80
0
5
46
81
0
5
43
82
0
5
40
83
0
5
35
84
0
5
28
85
0
5
21
86
0
5
14
87
0
5
6
88
0
4
253
89
0
4
245
90
0
4
239
91
0
4
236
92
0
4
236
93
0
4
237
94
0
4
239
95
0
4
243
96
0
4
250
97
0
5
2
98
0
5
9
99
0
5
12
100
0
5
9
101
0
5
7
102
0
5
7
103
0
5
8
104
0
5
9
105
0
5
10
106
0
5
12
107
0
5
15
108
0
5
17
109
0
5
18
110
0
5
16
111
0
5
13
112
0
5
8
113
0
5
1
114
0
4
250
115
0
4
247
116
0
4
246
117
0
4
247
118
0
4
251
119
0
5
1
120
0
5
9
121
0
5
18
122
0
5
26
123
0
5
31
124
0
5
31
125
0
5
26
126
0
5
19
127
0
5
13
128
0
5
10
129
0
5
10
130
0
5
13
131
0
5
17
132
0
5
21
133
0
5
26
134
0
5
33
135
0
5
44
136
0
5
58
137
0
5
71
138
0
5
79
139
0
5
81
140
0
5
79
141
0
5
75
142
0
5
68
143
0
5
63
144
0
5
65
145
0
5
74
146
0
5
87
147
0
5
96
148
0
5
99
149
0
5
98
150
0
5
97
151
0
5
96
152
0
5
91
153
0
5
87
154
0
5
85
155
0
5
82
156
0
5
76
157
0
5
69
158
0
5
63
159
0
5
60
160
0
5
59
161
0
5
59
162
0
5
60
163
0
5
62
164
0
5
65
165
0
5
68
166
0
5
68
167
0
5
64
168
0
5
59
169
0
5
57
170
0
5
57
171
0
5
59
172
0
5
61
173
0
5
64
174
0
5
66
175
0
5
68
176
0
5
68
177
0
5
67
178
0
5
65
179
0
5
61
180
0
5
56
181
0
5
49
182
0
5
41
183
0
5
36
184
0
5
34
185
0
5
35
186
0
5
38
187
0
5
42
188
0
5
46
189
0
5
48
190
0
5
48
191
0
5
44
192
0
5
38
193
0
5
34
194
0
5
33
195
0
5
35
196
0
5
39
197
0
5
42
198
0
5
42
199
0
5
38
200
0
5
31
201
0
5
23
202
0
5
15
203
0
5
9
204
0
5
5
205
0
5
3
206
0
5
2
207
0
5
1
208
0
4
255
209
0
4
252
210
0
4
246
211
0
4
241
212
0
4
238
213
0
4
236
214
0
4
233
215
0
4
230
216
0
4
228
217
0
4
227
218
0
4
227
219
0
4
226
220
0
4
224
221
0
4
222
222
0
4
222
223
0
4
226
224
0
4
232
225
0
4
236
226
0
4
235
227
0
4
232
228
0
4
231
229
0
4
232
230
0
4
235
231
0
4
240
232
0
4
246
233
0
4
252
234
0
5
0
235
0
4
255
236
0
4
251
237
0
4
245
238
0
4
239
239
0
4
234
240
0
4
230
241
0
4
226
242
0
4
221
243
0
4
217
244
0
4
216
245
0
4
219
246
0
4
226
247
0
4
235
248
0
4
242
249
0
4
246
250
0
4
246
251
0
4
243
252
0
4
237
253
0
4
233
254
0
4
231
255
0
4
233
0
0
4
237
1
0
4
242
2
0
4
249
3
0
5
4
4
0
5
18
5
0
5
36
6
0
5
54
7
0
5
69
8
0
5
78
9
0
5
80
10
0
5
76
11
0
5
71
12
0
5
69
13
0
5
73
14
0
5
84
15
0
5
99
16
0
5
113
17
0
5
122
18
0
5
124
19
0
5
123
20
0
5
121
21
0
5
118
22
0
5
112
23
0
5
106
24
0
5
101
25
0
5
96
26
0
5
91
27
0
5
87
28
0
5
86
29
0
5
89
30
0
5
95
31
0
5
103
32
0
5
110
33
0
5
115
34
0
5
117
35
0
5
115
36
0
5
111
37
0
5
110
38
0
5
112
39
0
5
116
40
0
5
120
41
0
5
122
42
0
5
123
43
0
5
123
44
0
5
122
45
0
5
120
46
0
5
117
47
0
5
114
48
0
5
110
49
0
5
104
50
0
5
96
51
0
5
88
52
0
5
82
53
0
5
79
54
0
5
79
55
0
5
80
56
0
5
81
57
0
5
82
58
0
5
83
59
0
5
82
60
0
5
78
61
0
5
72
62
0
5
66
63
0
5
62
64
0
5
61
65
0
5
62
66
0
5
62
67
0
5
60
68
0
5
55
69
0
5
47
70
0
5
39
71
0
5
33
72
0
5
28
73
0
5
23
74
0
5
18
75
0
5
13
76
0
5
9
77
0
5
6
78
0
5
2
79
0
4
251
80
0
4
246
81
0
4
243
82
0
4
242
83
0
4
241
84
0
4
240
85
0
4
239
86
0
4
239
87
0
4
240
88
0
4
241
89
0
4
240
90
0
4
237
91
0
4
233
92
0
4
230
93
0
4
229
94
0
4
230
95
0
4
229
96
0
4
224
97
0
4
220
98
0
4
219
99
0
4
221
100
0
4
225
101
0
4
229
102
0
4
234
103
0
4
239
104
0
4
243
105
0
4
243
106
0
4
240
107
0
4
240
108
0
4
244
109
0
4
249
110
0
4
251
111
0
4
249
112
0
4
245
113
0
4
243
114
0
4
245
115
0
4
250
116
0
4
254
117
0
5
0
118
0
5
0
119
0
5
2
120
0
5
3
121
0
5
0
122
0
4
253
123
0
5
0
124
0
5
7
125
0
5
18
126
0
5
32
127
0
5
49
128
0
5
68
129
0
5
88
130
0
5
107
131
0
5
121
132
0
5
129
133
0
5
130
134
0
5
126
135
0
5
121
136
0
5
119
137
0
5
122
138
0
5
131
139
0
5
142
140
0
5
154
141
0
5
164
142
0
5
171
143
0
5
174
144
0
5
172
145
0
5
165
146
0
5
156
147
0
5
147
148
0
5
140
149
0
5
135
150
0
5
133
151
0
5
132
152
0
5
131
153
0
5
131
154
0
5
133
155
0
5
137
156
0
5
141
157
0
5
143
158
0
5
142
159
0
5
138
160
0
5
131
161
0
5
125
162
0
5
125
163
0
5
131
164
0
5
138
165
0
5
143
166
0
5
145
167
0
5
145
168
0
5
143
169
0
5
139
170
0
5
133
171
0
5
124
172
0
5
116
173
0
5
107
174
0
5
98
175
0
5
89
176
0
5
79
177
0
5
72
178
0
5
68
179
0
5
67
180
0
5
66
181
0
5
65
182
0
5
63
183
0
5
62
184
0
5
60
185
0
5
56
186
0
5
49
187
0
5
43
188
0
5
40
189
0
5
39
190
0
5
38
191
0
5
36
192
0
5
33
193
0
5
28
194
0
5
22
195
0
5
14
196
0
5
8
197
0
5
6
198
0
5
7
199
0
5
7
200
0
5
4
201
0
4
254
202
0
4
249
203
0
4
244
204
0
4
237
205
0
4
234
206
0
4
236
207
0
4
241
208
0
4
245
209
0
4
246
210
0
4
244
211
0
4
242
212
0
4
242
213
0
4
244
214
0
4
245
215
0
4
242
216
0
4
237
217
0
4
230
218
0
4
224
219
0
4
220
220
0
4
217
221
0
4
211
222
0
4
209
223
0
4
211
224
0
4
216
225
0
4
220
226
0
4
221
227
0
4
221
228
0
4
222
229
0
4
223
230
0
4
222
231
0
4
219
232
0
4
222
233
0
4
230
234
0
4
239
235
0
4
243
236
0
4
242
237
0
4
239
238
0
4
239
239
0
4
243
240
0
4
247
241
0
4
247
242
0
4
243
243
0
4
238
244
0
4
235
245
0
4
232
246
0
4
227
247
0
4
224
248
0
4
226
249
0
4
234
250
0
4
249
251
0
5
14
252
0
5
37
253
0
5
60
254
0
5
81
255
0
5
97
0
0
5
105
1
0
5
105
2
0
5
103
3
0
5
102
4
0
5
104
5
0
5
109
6
0
5
118
7
0
5
128
8
0
5
136
9
0
5
141
10
0
5
144
11
0
5
145
12
0
5
144
13
0
5
139
14
0
5
131
15
0
5
122
16
0
5
113
17
0
5
104
18
0
5
98
19
0
5
95
20
0
5
96
21
0
5
100
22
0
5
107
23
0
5
115
24
0
5
122
25
0
5
127
26
0
5
128
27
0
5
124
28
0
5
117
29
0
5
111
30
0
5
107
31
0
5
108
32
0
5
113
33
0
5
121
34
0
5
127
35
0
5
131
36
0
5
131
37
0
5
130
38
0
5
127
39
0
5
122
40
0
5
117
41
0
5
113
42
0
5
110
43
0
5
104
44
0
5
97
45
0
5
88
46
0
5
80
47
0
5
74
48
0
5
71
49
0
5
69
50
0
5
67
51
0
5
66
52
0
5
65
53
0
5
62
54
0
5
56
55
0
5
52
56
0
5
50
57
0
5
49
58
0
5
48
59
0
5
46
60
0
5
43
61
0
5
38
62
0
5
31
63
0
5
25
64
0
5
22
65
0
5
21
66
0
5
20
67
0
5
18
68
0
5
14
69
0
5
7
70
0
4
254
71
0
4
246
72
0
4
239
73
0
4
234
74
0
4
231
75
0
4
231
76
0
4
234
77
0
4
239
78
0
4
245
79
0
4
249
80
0
4
250
81
0
4
250
82
0
4
250
83
0
4
248
84
0
4
243
85
0
4
238
86
0
4
234
87
0
4
229
88
0
4
222
89
0
4
214
90
0
4
208
91
0
4
206
92
0
4
208
93
0
4
212
94
0
4
215
95
0
4
216
96
0
4
215
97
0
4
212
98
0
4
206
99
0
4
202
100
0
4
204
101
0
4
212
102
0
4
222
103
0
4
230
104
0
4
235
105
0
4
236
106
0
4
235
107
0
4
233
108
0
4
230
109
0
4
226
110
0
4
222
111
0
4
217
112
0
4
212
113
0
4
207
114
0
4
200
115
0
4
195
116
0
4
197
117
0
4
208
118
0
4
228
119
0
4
254
120
0
5
26
121
0
5
51
122
0
5
71
123
0
5
84
124
0
5
89
125
0
5
88
126
0
5
89
127
0
5
94
128
0
5
102
129
0
5
113
130
0
5
125
131
0
5
135
132
0
5
141
133
0
5
143
134
0
5
142
135
0
5
140
136
0
5
137
137
0
5
132
138
0
5
124
139
0
5
118
140
0
5
113
141
0
5
110
142
0
5
107
143
0
5
105
144
0
5
105
145
0
5
109
146
0
5
116
147
0
5
122
148
0
5
126
149
0
5
126
150
0
5
123
151
0
5
117
152
0
5
110
153
0
5
105
154
0
5
103
155
0
5
104
156
0
5
107
157
0
5
113
158
0
5
119
159
0
5
125
160
0
5
128
161
0
5
127
162
0
5
122
163
0
5
116
164
0
5
111
165
0
5
108
166
0
5
105
167
0
5
102
168
0
5
98
169
0
5
93
170
0
5
87
171
0
5
79
172
0
5
71
173
0
5
65
174
0
5
61
175
0
5
59
176
0
5
57
177
0
5
52
178
0
5
46
179
0
5
41
180
0
5
38
181
0
5
35
182
0
5
33
183
0
5
31
184
0
5
28
185
0
5
23
186
0
5
18
187
0
5
17
188
0
5
20
189
0
5
24
190
0
5
26
191
0
5
25
192
0
5
20
193
0
5
12
194
0
5
5
195
0
5
0
196
0
4
253
197
0
4
253
198
0
4
254
199
0
5
0
200
0
5
1
201
0
5
4
202
0
5
9
203
0
5
14
204
0
5
19
205
0
5
22
206
0
5
22
207
0
5
17
208
0
5
11
209
0
5
6
210
0
5
2
211
0
4
255
212
0
4
254
213
0
4
254
214
0
4
255
215
0
5
0
216
0
4
255
217
0
4
255
218
0
4
255
219
0
5
0
220
0
4
255
221
0
4
251
222
0
4
249
223
0
4
251
224
0
5
1
225
0
5
8
226
0
5
17
227
0
5
28
228
0
5
39
229
0
5
47
230
0
5
49
231
0
5
45
232
0
5
39
233
0
5
31
234
0
5
22
235
0
5
13
236
0
5
6
237
0
5
0
238
0
4
252
239
0
4
252
240
0
5
1
241
0
5
13
242
0
5
33
243
0
5
58
244
0
5
83
245
0
5
104
246
0
5
118
247
0
5
124
248
0
5
122
249
0
5
121
250
0
5
125
251
0
5
135
252
0
5
149
253
0
5
164
254
0
5
176
255
0
5
183
0
0
5
186
1
0
5
184
2
0
5
179
3
0
5
171
4
0
5
162
5
0
5
152
6
0
5
142
7
0
5
133
8
0
5
127
9
0
5
125
10
0
5
125
11
0
5
125
12
0
5
126
13
0
5
128
14
0
5
130
15
0
5
133
16
0
5
134
17
0
5
131
18
0
5
124
19
0
5
118
20
0
5
112
21
0
5
108
22
0
5
106
23
0
5
108
24
0
5
112
25
0
5
117
26
0
5
121
27
0
5
124
28
0
5
126
29
0
5
125
30
0
5
120
31
0
5
115
32
0
5
112
33
0
5
110
34
0
5
108
35
0
5
107
36
0
5
106
37
0
5
104
38
0
5
99
39
0
5
91
40
0
5
83
41
0
5
75
42
0
5
70
43
0
5
67
44
0
5
63
45
0
5
56
46
0
5
50
47
0
5
47
48
0
5
47
49
0
5
48
50
0
5
49
51
0
5
48
52
0
5
45
53
0
5
40
54
0
5
38
55
0
5
42
56
0
5
51
57
0
5
61
58
0
5
68
59
0
5
69
60
0
5
65
61
0
5
61
62
0
5
59
63
0
5
59
64
0
5
61
65
0
5
63
66
0
5
65
67
0
5
67
68
0
5
69
69
0
5
71
70
0
5
73
71
0
5
77
72
0
5
84
73
0
5
93
74
0
5
99
75
0
5
99
76
0
5
95
77
0
5
92
78
0
5
90
79
0
5
89
80
0
5
91
81
0
5
97
82
0
5
105
83
0
5
112
84
0
5
115
85
0
5
114
86
0
5
110
87
0
5
106
88
0
5
101
89
0
5
94
90
0
5
91
91
0
5
94
92
0
5
101
93
0
5
110
94
0
5
119
95
0
5
129
96
0
5
139
97
0
5
147
98
0
5
149
99
0
5
145
100
0
5
138
101
0
5
131
102
0
5
125
103
0
5
122
104
0
5
120
105
0
5
120
106
0
5
122
107
0
5
128
108
0
5
139
109
0
5
155
110
0
5
173
111
0
5
192
112
0
5
210
113
0
5
223
114
0
5
229
115
0
5
226
116
0
5
223
117
0
5
222
118
0
5
226
119
0
5
234
120
0
5
245
121
0
6
0
122
0
6
7
123
0
6
9
124
0
6
8
125
0
6
5
126
0
5
255
127
0
5
247
128
0
5
238
129
0
5
229
130
0
5
220
131
0
5
211
132
0
5
203
133
0
5
198
134
0
5
196
135
0
5
198
136
0
5
202
137
0
5
207
138
0
5
211
139
0
5
213
140
0
5
211
141
0
5
205
142
0
5
198
143
0
5
192
144
0
5
188
145
0
5
187
146
0
5
187
147
0
5
188
148
0
5
190
149
0
5
192
150
0
5
195
151
0
5
199
152
0
5
202
153
0
5
200
154
0
5
195
155
0
5
191
156
0
5
189
157
0
5
189
158
0
5
190
159
0
5
192
160
0
5
194
161
0
5
193
162
0
5
189
163
0
5
182
164
0
5
173
165
0
5
164
166
0
5
156
167
0
5
148
168
0
5
139
169
0
5
131
170
0
5
126
171
0
5
124
172
0
5
123
173
0
5
123
174
0
5
123
175
0
5
122
176
0
5
118
177
0
5
114
178
0
5
114
179
0
5
119
180
0
5
127
181
0
5
136
182
0
5
143
183
0
5
146
184
0
5
142
185
0
5
138
186
0
5
136
187
0
5
137
188
0
5
140
189
0
5
145
190
0
5
150
191
0
5
154
192
0
5
157
193
0
5
159
194
0
5
161
195
0
5
164
196
0
5
169
197
0
5
174
198
0
5
177
199
0
5
176
200
0
5
171
201
0
5
164
202
0
5
158
203
0
5
156
204
0
5
159
205
0
5
167
206
0
5
178
207
0
5
188
208
0
5
195
209
0
5
199
210
0
5
200
211
0
5
195
212
0
5
191
213
0
5
192
214
0
5
197
215
0
5
204
216
0
5
209
217
0
5
214
218
0
5
220
219
0
5
227
220
0
5
234
221
0
5
237
222
0
5
236
223
0
5
232
224
0
5
227
225
0
5
220
226
0
5
213
227
0
5
210
228
0
5
213
229
0
5
220
230
0
5
229
231
0
5
240
232
0
5
254
233
0
6
15
234
0
6
31
235
0
6
44
236
0
6
52
237
0
6
53
238
0
6
49
239
0
6
41
240
0
6
34
241
0
6
31
242
0
6
33
243
0
6
40
244
0
6
48
245
0
6
54
246
0
6
58
247
0
6
60
248
0
6
60
249
0
6
57
250
0
6
50
251
0
6
43
252
0
6
37
253
0
6
29
254
0
6
20
255
0
6
11
0
0
6
3
1
0
5
252
2
0
5
247
3
0
5
245
4
0
5
247
5
0
5
253
6
0
6
4
7
0
6
9
8
0
6
10
9
0
6
5
10
0
5
255
11
0
5
251
12
0
5
249
13
0
5
249
14
0
5
251
15
0
5
254
16
0
6
1
17
0
6
2
18
0
6
3
19
0
6
3
20
0
6
1
21
0
5
252
22
0
5
245
23
0
5
236
24
0
5
227
25
0
5
221
26
0
5
219
27
0
5
221
28
0
5
224
29
0
5
225
30
0
5
223
31
0
5
219
32
0
5
214
33
0
5
209
34
0
5
202
35
0
5
193
36
0
5
186
37
0
5
182
38
0
5
180
39
0
5
178
40
0
5
175
41
0
5
172
42
0
5
170
43
0
5
169
44
0
5
165
45
0
5
160
46
0
5
161
47
0
5
166
48
0
5
173
49
0
5
178
50
0
5
182
51
0
5
184
52
0
5
185
53
0
5
181
54
0
5
176
55
0
5
174
56
0
5
176
57
0
5
181
58
0
5
186
59
0
5
190
60
0
5
194
61
0
5
199
62
0
5
206
63
0
5
214
64
0
5
222
65
0
5
228
66
0
5
230
67
0
5
229
68
0
5
226
69
0
5
221
70
0
5
213
71
0
5
209
72
0
5
213
73
0
5
224
74
0
5
238
75
0
5
252
76
0
6
8
77
0
6
18
78
0
6
25
79
0
6
26
80
0
6
25
81
0
6
30
82
0
6
40
83
0
6
52
84
0
6
61
85
0
6
68
86
0
6
74
87
0
6
79
88
0
6
82
89
0
6
82
90
0
6
79
91
0
6
75
92
0
6
70
93
0
6
63
94
0
6
54
95
0
6
48
96
0
6
47
97
0
6
52
98
0
6
62
99
0
6
76
100
0
6
93
101
0
6
111
102
0
6
127
103
0
6
139
104
0
6
144
105
0
6
142
106
0
6
135
107
0
6
127
108
0
6
121
109
0
6
116
110
0
6
113
111
0
6
114
112
0
6
117
113
0
6
121
114
0
6
124
115
0
6
125
116
0
6
124
117
0
6
120
118
0
6
113
119
0
6
104
120
0
6
93
121
0
6
82
122
0
6
71
123
0
6
60
124
0
6
50
125
0
6
41
126
0
6
34
127
0
6
31
128
0
6
33
129
0
6
40
130
0
6
49
131
0
6
57
132
0
6
61
133
0
6
59
134
0
6
53
135
0
6
48
136
0
6
46
137
0
6
47
138
0
6
50
139
0
6
53
140
0
6
55
141
0
6
55
142
0
6
54
143
0
6
52
144
0
6
48
145
0
6
43
146
0
6
37
147
0
6
30
148
0
6
22
149
0
6
14
150
0
6
9
151
0
6
8
152
0
6
9
153
0
6
11
154
0
6
13
155
0
6
15
156
0
6
16
157
0
6
14
158
0
6
7
159
0
5
255
160
0
5
251
161
0
5
250
162
0
5
251
163
0
5
252
164
0
5
252
165
0
5
250
166
0
5
247
167
0
5
242
168
0
5
234
169
0
5
228
170
0
5
225
171
0
5
224
172
0
5
224
173
0
5
224
174
0
5
224
175
0
5
224
176
0
5
224
177
0
5
223
178
0
5
219
179
0
5
212
180
0
5
207
181
0
5
206
182
0
5
208
183
0
5
212
184
0
5
218
185
0
5
226
186
0
5
236
187
0
5
247
188
0
6
1
189
0
6
7
190
0
6
10
191
0
6
10
192
0
6
8
193
0
6
3
194
0
5
252
195
0
5
250
196
0
5
254
197
0
6
9
198
0
6
23
199
0
6
39
200
0
6
54
201
0
6
67
202
0
6
75
203
0
6
74
204
0
6
72
205
0
6
75
206
0
6
84
207
0
6
96
208
0
6
106
209
0
6
113
210
0
6
118
211
0
6
121
212
0
6
124
213
0
6
126
214
0
6
126
215
0
6
125
216
0
6
122
217
0
6
117
218
0
6
108
219
0
6
102
220
0
6
104
221
0
6
113
222
0
6
128
223
0
6
144
224
0
6
160
225
0
6
175
226
0
6
188
227
0
6
198
228
0
6
203
229
0
6
201
230
0
6
195
231
0
6
188
232
0
6
179
233
0
6
168
234
0
6
159
235
0
6
155
236
0
6
158
237
0
6
165
238
0
6
171
239
0
6
174
240
0
6
174
241
0
6
171
242
0
6
166
243
0
6
157
244
0
6
147
245
0
6
138
246
0
6
128
247
0
6
118
248
0
6
109
249
0
6
100
250
0
6
93
251
0
6
91
252
0
6
94
253
0
6
102
254
0
6
110
255
0
6
116
0
0
6
118
1
0
6
116
2
0
6
110
3
0
6
104
4
0
6
102
5
0
6
105
6
0
6
110
7
0
6
114
8
0
6
116
9
0
6
115
10
0
6
113
11
0
6
111
12
0
6
108
13
0
6
103
14
0
6
97
15
0
6
89
16
0
6
80
17
0
6
70
18
0
6
62
19
0
6
58
20
0
6
56
21
0
6
57
22
0
6
60
23
0
6
64
24
0
6
68
25
0
6
69
26
0
6
65
27
0
6
58
28
0
6
52
29
0
6
49
30
0
6
49
31
0
6
50
32
0
6
51
33
0
6
50
34
0
6
46
35
0
6
39
36
0
6
30
37
0
6
21
38
0
6
14
39
0
6
9
40
0
6
5
41
0
6
1
42
0
5
253
43
0
5
250
44
0
5
247
45
0
5
245
46
0
5
242
47
0
5
237
48
0
5
229
49
0
5
223
50
0
5
220
51
0
5
221
52
0
5
225
53
0
5
233
54
0
5
244
55
0
6
1
56
0
6
12
57
0
6
21
58
0
6
27
59
0
6
29
60
0
6
27
61
0
6
22
62
0
6
14
63
0
6
8
64
0
6
8
65
0
6
14
66
0
6
26
67
0
6
41
68
0
6
56
69
0
6
68
70
0
6
75
71
0
6
76
72
0
6
72
73
0
6
71
74
0
6
76
75
0
6
85
76
0
6
95
77
0
6
102
78
0
6
106
79
0
6
108
80
0
6
111
81
0
6
115
82
0
6
119
83
0
6
120
84
0
6
118
85
0
6
113
86
0
6
105
87
0
6
98
88
0
6
96
89
0
6
102
90
0
6
114
91
0
6
129
92
0
6
143
93
0
6
157
94
0
6
170
95
0
6
180
96
0
6
185
97
0
6
184
98
0
6
177
99
0
6
167
100
0
6
156
101
0
6
144
102
0
6
133
103
0
6
128
104
0
6
129
105
0
6
134
106
0
6
139
107
0
6
141
108
0
6
141
109
0
6
140
110
0
6
137
111
0
6
130
112
0
6
121
113
0
6
114
114
0
6
107
115
0
6
99
116
0
6
90
117
0
6
82
118
0
6
74
119
0
6
69
120
0
6
68
121
0
6
70
122
0
6
74
123
0
6
77
124
0
6
78
125
0
6
76
126
0
6
72
127
0
6
64
128
0
6
58
129
0
6
56
130
0
6
58
131
0
6
60
132
0
6
61
133
0
6
60
134
0
6
58
135
0
6
56
136
0
6
54
137
0
6
51
138
0
6
46
139
0
6
38
140
0
6
28
141
0
6
17
142
0
6
7
143
0
5
255
144
0
5
252
145
0
5
252
146
0
5
254
147
0
6
1
148
0
6
4
149
0
6
7
150
0
6
8
151
0
6
4
152
0
5
254
153
0
5
250
154
0
5
249
155
0
5
252
156
0
6
1
157
0
6
4
158
0
6
3
159
0
5
254
160
0
5
247
161
0
5
238
162
0
5
230
163
0
5
225
164
0
5
222
165
0
5
219
166
0
5
215
167
0
5
210
168
0
5
206
169
0
5
204
170
0
5
202
171
0
5
199
172
0
5
192
173
0
5
184
174
0
5
177
175
0
5
173
176
0
5
173
177
0
5
178
178
0
5
188
179
0
5
201
180
0
5
214
181
0
5
227
182
0
5
237
183
0
5
243
184
0
5
244
185
0
5
241
186
0
5
234
187
0
5
229
188
0
5
229
189
0
5
234
190
0
5
244
191
0
6
1
192
0
6
12
193
0
6
20
194
0
6
25
195
0
6
26
196
0
6
23
197
0
6
16
198
0
6
12
199
0
6
13
200
0
6
17
201
0
6
22
202
0
6
25
203
0
6
26
204
0
6
29
205
0
6
36
206
0
6
45
207
0
6
51
208
0
6
51
209
0
6
45
210
0
6
37
211
0
6
29
212
0
6
23
213
0
6
21
214
0
6
24
215
0
6
31
216
0
6
39
217
0
6
48
218
0
6
55
219
0
6
61
220
0
6
66
221
0
6
70
222
0
6
73
223
0
6
73
224
0
6
70
225
0
6
65
226
0
6
58
227
0
6
49
228
0
6
44
229
0
6
46
230
0
6
52
231
0
6
58
232
0
6
62
233
0
6
63
234
0
6
62
235
0
6
59
236
0
6
52
237
0
6
44
238
0
6
37
239
0
6
30
240
0
6
21
241
0
6
10
242
0
5
255
243
0
5
247
244
0
5
242
245
0
5
240
246
0
5
240
247
0
5
241
248
0
5
243
249
0
5
245
250
0
5
247
251
0
5
246
252
0
5
240
253
0
5
235
254
0
5
232
255
0
5
231
0
0
5
231
1
0
5
230
2
0
5
228
3
0
5
226
4
0
5
225
5
0
5
225
6
0
5
224
7
0
5
220
8
0
5
212
9
0
5
203
10
0
5
194
11
0
5
184
12
0
5
176
13
0
5
172
14
0
5
172
15
0
5
174
16
0
5
177
17
0
5
181
18
0
5
184
19
0
5
186
20
0
5
184
21
0
5
178
22
0
5
174
23
0
5
173
24
0
5
175
25
0
5
179
26
0
5
181
27
0
5
180
28
0
5
176
29
0
5
169
30
0
5
160
31
0
5
152
32
0
5
146
33
0
5
140
34
0
5
133
35
0
5
125
36
0
5
119
37
0
5
116
38
0
5
115
39
0
5
115
40
0
5
114
41
0
5
110
42
0
5
103
43
0
5
96
44
0
5
91
45
0
5
90
46
0
5
95
47
0
5
106
48
0
5
121
49
0
5
136
50
0
5
148
51
0
5
157
52
0
5
162
53
0
5
162
54
0
5
157
55
0
5
151
56
0
5
148
57
0
5
149
58
0
5
153
59
0
5
160
60
0
5
168
61
0
5
175
62
0
5
180
63
0
5
183
64
0
5
185
65
0
5
186
66
0
5
184
67
0
5
178
68
0
5
176
69
0
5
178
70
0
5
182
71
0
5
185
72
0
5
187
73
0
5
192
74
0
5
202
75
0
5
214
76
0
5
223
77
0
5
224
78
0
5
220
79
0
5
214
80
0
5
206
81
0
5
198
82
0
5
193
83
0
5
192
84
0
5
194
85
0
5
198
86
0
5
201
87
0
5
202
88
0
5
203
89
0
5
207
90
0
5
214
91
0
5
223
92
0
5
230
93
0
5
232
94
0
5
230
95
0
5
225
96
0
5
218
97
0
5
212
98
0
5
210
99
0
5
213
100
0
5
217
101
0
5
219
102
0
5
219
103
0
5
218
104
0
5
218
105
0
5
215
106
0
5
208
107
0
5
202
108
0
5
195
109
0
5
186
110
0
5
178
111
0
5
168
112
0
5
160
113
0
5
155
114
0
5
151
115
0
5
146
116
0
5
142
117
0
5
140
118
0
5
141
119
0
5
144
120
0
5
146
121
0
5
145
122
0
5
139
123
0
5
133
124
0
5
127
125
0
5
123
126
0
5
120
127
0
5
118
128
0
5
118
129
0
5
120
130
0
5
122
131
0
5
122
132
0
5
119
133
0
5
114
134
0
5
109
135
0
5
104
136
0
5
98
137
0
5
91
138
0
5
86
139
0
5
84
140
0
5
83
141
0
5
84
142
0
5
86
143
0
5
89
144
0
5
91
145
0
5
90
146
0
5
84
147
0
5
78
148
0
5
73
149
0
5
70
150
0
5
70
151
0
5
70
152
0
5
69
153
0
5
65
154
0
5
58
155
0
5
50
156
0
5
42
157
0
5
33
158
0
5
24
159
0
5
15
160
0
5
8
161
0
5
2
162
0
4
254
163
0
4
252
164
0
4
250
165
0
4
247
166
0
4
243
167
0
4
236
168
0
4
229
169
0
4
224
170
0
4
222
171
0
4
224
172
0
4
230
173
0
4
240
174
0
4
251
175
0
5
6
176
0
5
13
177
0
5
17
178
0
5
18
179
0
5
16
180
0
5
10
181
0
5
4
182
0
5
0
183
0
4
255
184
0
5
1
185
0
5
3
186
0
5
5
187
0
5
8
188
0
5
10
189
0
5
12
190
0
5
14
191
0
5
15
192
0
5
13
193
0
5
7
194
0
5
3
195
0
5
2
196
0
5
3
197
0
5
6
198
0
5
11
199
0
5
18
200
0
5
26
201
0
5
32
202
0
5
34
203
0
5
32
204
0
5
26
205
0
5
18
206
0
5
9
207
0
5
1
208
0
4
250
209
0
4
245
210
0
4
242
211
0
4
240
212
0
4
239
213
0
4
240
214
0
4
245
215
0
4
253
216
0
5
8
217
0
5
18
218
0
5
26
219
0
5
30
220
0
5
29
221
0
5
24
222
0
5
17
223
0
5
9
224
0
5
3
225
0
5
0
226
0
5
0
227
0
5
1
228
0
5
1
229
0
5
0
230
0
4
255
231
0
4
254
232
0
4
251
233
0
4
245
234
0
4
237
235
0
4
229
236
0
4
221
237
0
4
213
238
0
4
206
239
0
4
200
240
0
4
195
241
0
4
190
242
0
4
185
243
0
4
182
244
0
4
183
245
0
4
188
246
0
4
194
247
0
4
199
248
0
4
200
249
0
4
196
250
0
4
191
251
0
4
186
252
0
4
184
253
0
4
185
254
0
4
187
255
0
4
189
0
0
4
190
1
0
4
190
2
0
4
189
3
0
4
188
4
0
4
186
5
0
4
183
6
0
4
180
7
0
4
175
8
0
4
169
9
0
4
165
10
0
4
163
11
0
4
162
12
0
4
162
13
0
4
163
14
0
4
164
15
0
4
164
16
0
4
162
17
0
4
157
18
0
4
150
19
0
4
145
20
0
4
141
21
0
4
138
22
0
4
134
23
0
4
128
24
0
4
120
25
0
4
113
26
0
4
106
27
0
4
99
28
0
4
92
29
0
4
84
30
0
4
76
31
0
4
69
32
0
4
62
33
0
4
55
34
0
4
48
35
0
4
41
36
0
4
34
37
0
4
27
38
0
4
20
39
0
4
12
40
0
4
5
41
0
4
1
42
0
4
0
43
0
4
2
44
0
4
5
45
0
4
8
46
0
4
11
47
0
4
14
48
0
4
17
49
0
4
18
50
0
4
16
51
0
4
11
52
0
4
5
53
0
3
255
54
0
3
250
55
0
3
247
56
0
3
247
57
0
3
250
58
0
3
255
59
0
4
5
60
0
4
9
61
0
4
12
62
0
4
14
63
0
4
14
64
0
4
10
65
0
4
8
66
0
4
9
67
0
4
12
68
0
4
16
69
0
4
19
70
0
4
21
71
0
4
24
72
0
4
27
73
0
4
30
74
0
4
32
75
0
4
31
76
0
4
29
77
0
4
26
78
0
4
21
79
0
4
15
80
0
4
11
81
0
4
10
82
0
4
14
83
0
4
21
84
0
4
30
85
0
4
37
86
0
4
41
87
0
4
43
88
0
4
43
89
0
4
42
90
0
4
38
91
0
4
32
92
0
4
26
93
0
4
22
94
0
4
18
95
0
4
13
96
0
4
7
97
0
4
1
98
0
3
251
99
0
3
247
100
0
3
244
101
0
3
244
102
0
3
244
103
0
3
242
104
0
3
237
105
0
3
232
106
0
3
226
107
0
3
221
108
0
3
216
109
0
3
210
110
0
3
204
111
0
3
198
112
0
3
192
113
0
3
186
114
0
3
182
115
0
3
182
116
0
3
186
117
0
3
193
118
0
3
199
119
0
3
201
120
0
3
199
121
0
3
195
122
0
3
190
123
0
3
186
124
0
3
184
125
0
3
184
126
0
3
185
127
0
3
185
128
0
3
184
129
0
3
182
130
0
3
181
131
0
3
183
132
0
3
187
133
0
3
190
134
0
3
190
135
0
3
187
136
0
3
183
137
0
3
180
138
0
3
179
139
0
3
180
140
0
3
182
141
0
3
184
142
0
3
185
143
0
3
184
144
0
3
180
145
0
3
175
146
0
3
171
147
0
3
167
148
0
3
162
149
0
3
156
150
0
3
150
151
0
3
143
152
0
3
136
153
0
3
129
154
0
3
124
155
0
3
122
156
0
3
121
157
0
3
119
158
0
3
115
159
0
3
110
160
0
3
104
161
0
3
98
162
0
3
92
163
0
3
86
164
0
3
82
165
0
3
80
166
0
3
79
167
0
3
76
168
0
3
72
169
0
3
69
170
0
3
66
171
0
3
64
172
0
3
64
173
0
3
67
174
0
3
72
175
0
3
78
176
0
3
84
177
0
3
89
178
0
3
92
179
0
3
92
180
0
3
89
181
0
3
86
182
0
3
84
183
0
3
85
184
0
3
89
185
0
3
94
186
0
3
99
187
0
3
102
188
0
3
103
189
0
3
104
190
0
3
106
191
0
3
109
192
0
3
112
193
0
3
112
194
0
3
110
195
0
3
108
196
0
3
107
197
0
3
107
198
0
3
110
199
0
3
118
200
0
3
130
201
0
3
142
202
0
3
151
203
0
3
155
204
0
3
155
205
0
3
152
206
0
3
147
207
0
3
141
208
0
3
137
209
0
3
135
210
0
3
135
211
0
3
137
212
0
3
139
213
0
3
141
214
0
3
142
215
0
3
143
216
0
3
145
217
0
3
148
218
0
3
152
219
0
3
155
220
0
3
156
221
0
3
156
222
0
3
156
223
0
3
155
224
0
3
153
225
0
3
149
226
0
3
144
227
0
3
141
228
0
3
140
229
0
3
140
230
0
3
141
231
0
3
141
232
0
3
141
233
0
3
141
234
0
3
141
235
0
3
139
236
0
3
134
237
0
3
129
238
0
3
124
239
0
3
121
240
0
3
118
241
0
3
116
242
0
3
115
243
0
3
114
244
0
3
115
245
0
3
119
246
0
3
125
247
0
3
131
248
0
3
134
249
0
3
134
250
0
3
131
251
0
3
127
252
0
3
125
253
0
3
126
254
0
3
130
255
0
3
135
0
0
3
141
1
0
3
147
2
0
3
152
3
0
3
156
4
0
3
158
5
0
3
159
6
0
3
156
7
0
3
153
8
0
3
151
9
0
3
150
10
0
3
149
11
0
3
148
12
0
3
147
13
0
3
146
14
0
3
145
15
0
3
143
16
0
3
141
17
0
3
139
18
0
3
137
19
0
3
134
20
0
3
130
21
0
3
125
22
0
3
121
23
0
3
119
24
0
3
119
25
0
3
120
26
0
3
121
27
0
3
121
28
0
3
119
29
0
3
116
30
0
3
112
31
0
3
109
32
0
3
107
33
0
3
104
34
0
3
100
35
0
3
97
36
0
3
95
37
0
3
93
38
0
3
91
39
0
3
90
40
0
3
90
41
0
3
89
42
0
3
86
43
0
3
86
44
0
3
90
45
0
3
97
46
0
3
104
47
0
3
110
48
0
3
114
49
0
3
116
50
0
3
117
51
0
3
117
52
0
3
114
53
0
3
111
54
0
3
109
55
0
3
106
56
0
3
102
57
0
3
97
58
0
3
92
59
0
3
90
60
0
3
93
61
0
3
101
62
0
3
113
63
0
3
127
64
0
3
139
65
0
3
145
66
0
3
145
67
0
3
145
68
0
3
148
69
0
3
154
70
0
3
164
71
0
3
177
72
0
3
191
73
0
3
202
74
0
3
207
75
0
3
206
76
0
3
202
77
0
3
198
78
0
3
196
79
0
3
195
80
0
3
192
81
0
3
189
82
0
3
187
83
0
3
187
84
0
3
189
85
0
3
193
86
0
3
199
87
0
3
208
88
0
3
217
89
0
3
224
90
0
3
227
91
0
3
226
92
0
3
222
93
0
3
219
94
0
3
219
95
0
3
220
96
0
3
219
97
0
3
215
98
0
3
211
99
0
3
207
100
0
3
204
101
0
3
203
102
0
3
206
103
0
3
211
104
0
3
216
105
0
3
219
106
0
3
219
107
0
3
215
108
0
3
211
109
0
3
208
110
0
3
205
111
0
3
201
112
0
3
196
113
0
3
190
114
0
3
184
115
0
3
181
116
0
3
181
117
0
3
184
118
0
3
190
119
0
3
198
120
0
3
205
121
0
3
210
122
0
3
209
123
0
3
209
124
0
3
213
125
0
3
219
126
0
3
226
127
0
3
232
128
0
3
237
129
0
3
242
130
0
3
244
131
0
3
243
132
0
3
239
133
0
3
233
134
0
3
228
135
0
3
224
136
0
3
219
137
0
3
214
138
0
3
209
139
0
3
205
140
0
3
201
141
0
3
197
142
0
3
195
143
0
3
195
144
0
3
195
145
0
3
195
146
0
3
192
147
0
3
187
148
0
3
183
149
0
3
180
150
0
3
177
151
0
3
174
152
0
3
169
153
0
3
163
154
0
3
157
155
0
3
152
156
0
3
149
157
0
3
149
158
0
3
150
159
0
3
150
160
0
3
149
161
0
3
145
162
0
3
140
163
0
3
136
164
0
3
135
165
0
3
138
166
0
3
144
167
0
3
149
168
0
3
150
169
0
3
149
170
0
3
148
171
0
3
148
172
0
3
148
173
0
3
148
174
0
3
148
175
0
3
148
176
0
3
147
177
0
3
147
178
0
3
147
179
0
3
149
180
0
3
152
181
0
3
155
182
0
3
157
183
0
3
158
184
0
3
156
185
0
3
154
186
0
3
156
187
0
3
163
188
0
3
174
189
0
3
187
190
0
3
200
191
0
3
212
192
0
3
223
193
0
3
230
194
0
3
230
195
0
3
231
196
0
3
235
197
0
3
241
198
0
3
247
199
0
3
253
200
0
4
3
201
0
4
9
202
0
4
16
203
0
4
20
204
0
4
21
205
0
4
20
206
0
4
20
207
0
4
23
208
0
4
26
209
0
4
25
210
0
4
24
211
0
4
27
212
0
4
33
213
0
4
40
214
0
4
47
215
0
4
55
216
0
4
62
217
0
4
68
218
0
4
71
219
0
4
71
220
0
4
69
221
0
4
66
222
0
4
64
223
0
4
63
224
0
4
61
225
0
4
57
226
0
4
51
227
0
4
45
228
0
4
40
229
0
4
37
230
0
4
37
231
0
4
40
232
0
4
44
233
0
4
47
234
0
4
47
235
0
4
44
236
0
4
39
237
0
4
34
238
0
4
28
239
0
4
22
240
0
4
16
241
0
4
11
242
0
4
7
243
0
4
4
244
0
4
2
245
0
4
1
246
0
4
3
247
0
4
7
248
0
4
11
249
0
4
11
250
0
4
9
251
0
4
9
252
0
4
11
253
0
4
13
254
0
4
13
255
0
4
11
0
0
4
8
1
0
4
4
2
0
3
255
3
0
3
249
4
0
3
243
5
0
3
237
6
0
3
232
7
0
3
230
8
0
3
229
9
0
3
227
10
0
3
222
11
0
3
218
12
0
3
215
13
0
3
211
14
0
3
206
15
0
3
200
16
0
3
193
17
0
3
186
18
0
3
180
19
0
3
173
20
0
3
166
21
0
3
159
22
0
3
153
23
0
3
149
24
0
3
145
25
0
3
139
26
0
3
135
27
0
3
133
28
0
3
131
29
0
3
129
30
0
3
128
31
0
3
127
32
0
3
125
33
0
3
121
34
0
3
118
35
0
3
117
36
0
3
118
37
0
3
121
38
0
3
124
39
0
3
125
40
0
3
124
41
0
3
121
42
0
3
117
43
0
3
112
44
0
3
108
45
0
3
106
46
0
3
107
47
0
3
110
48
0
3
114
49
0
3
118
50
0
3
123
51
0
3
130
52
0
3
138
53
0
3
144
54
0
3
144
55
0
3
144
56
0
3
146
57
0
3
150
58
0
3
155
59
0
3
161
60
0
3
169
61
0
3
177
62
0
3
184
63
0
3
190
64
0
3
194
65
0
3
196
66
0
3
196
67
0
3
193
68
0
3
191
69
0
3
193
70
0
3
198
71
0
3
205
72
0
3
213
73
0
3
222
74
0
3
233
75
0
3
243
76
0
3
250
77
0
3
252
78
0
3
250
79
0
3
247
80
0
3
243
81
0
3
238
82
0
3
237
83
0
3
240
84
0
3
245
85
0
3
249
86
0
3
251
87
0
3
252
88
0
3
254
89
0
4
3
90
0
4
8
91
0
4
12
92
0
4
13
93
0
4
11
94
0
4
7
95
0
4
4
96
0
4
0
97
0
3
250
98
0
3
245
99
0
3
241
100
0
3
235
101
0
3
229
102
0
3
223
103
0
3
219
104
0
3
218
105
0
3
219
106
0
3
221
107
0
3
222
108
0
3
221
109
0
3
218
110
0
3
213
111
0
3
207
112
0
3
200
113
0
3
194
114
0
3
188
115
0
3
184
116
0
3
181
117
0
3
178
118
0
3
176
119
0
3
174
120
0
3
173
121
0
3
172
122
0
3
170
123
0
3
166
124
0
3
161
125
0
3
155
126
0
3
149
127
0
3
143
128
0
3
137
129
0
3
132
130
0
3
128
131
0
3
125
132
0
3
123
133
0
3
120
134
0
3
117
135
0
3
116
136
0
3
117
137
0
3
118
138
0
3
117
139
0
3
114
140
0
3
110
141
0
3
107
142
0
3
106
143
0
3
105
144
0
3
101
145
0
3
99
146
0
3
98
147
0
3
98
148
0
3
98
149
0
3
97
150
0
3
95
151
0
3
92
152
0
3
88
153
0
3
83
154
0
3
78
155
0
3
72
156
0
3
66
157
0
3
60
158
0
3
54
159
0
3
49
160
0
3
45
161
0
3
42
162
0
3
39
163
0
3
35
164
0
3
31
165
0
3
26
166
0
3
22
167
0
3
20
168
0
3
19
169
0
3
17
170
0
3
13
171
0
3
8
172
0
3
4
173
0
3
2
174
0
3
4
175
0
3
9
176
0
3
16
177
0
3
22
178
0
3
27
179
0
3
30
180
0
3
31
181
0
3
29
182
0
3
28
183
0
3
29
184
0
3
30
185
0
3
29
186
0
3
26
187
0
3
24
188
0
3
24
189
0
3
26
190
0
3
28
191
0
3
31
192
0
3
36
193
0
3
44
194
0
3
51
195
0
3
53
196
0
3
55
197
0
3
60
198
0
3
68
199
0
3
77
200
0
3
87
201
0
3
98
202
0
3
109
203
0
3
117
204
0
3
119
205
0
3
119
206
0
3
119
207
0
3
116
208
0
3
113
209
0
3
110
210
0
3
106
211
0
3
103
212
0
3
102
213
0
3
102
214
0
3
102
215
0
3
103
216
0
3
106
217
0
3
111
218
0
3
116
219
0
3
119
220
0
3
118
221
0
3
114
222
0
3
109
223
0
3
105
224
0
3
104
225
0
3
104
226
0
3
103
227
0
3
102
228
0
3
102
229
0
3
102
230
0
3
100
231
0
3
99
232
0
3
102
233
0
3
107
234
0
3
113
235
0
3
117
236
0
3
118
237
0
3
116
238
0
3
112
239
0
3
107
240
0
3
102
241
0
3
97
242
0
3
93
243
0
3
89
244
0
3
85
245
0
3
80
246
0
3
76
247
0
3
74
248
0
3
76
249
0
3
81
250
0
3
88
251
0
3
94
252
0
3
97
253
0
3
96
254
0
3
93
255
0
3
90
0
0
3
86
1
0
3
81
2
0
3
76
3
0
3
72
4
0
3
68
5
0
3
63
6
0
3
58
7
0
3
55
8
0
3
55
9
0
3
59
10
0
3
65
11
0
3
70
12
0
3
72
13
0
3
71
14
0
3
68
15
0
3
65
16
0
3
61
17
0
3
56
18
0
3
51
19
0
3
47
20
0
3
44
21
0
3
41
22
0
3
37
23
0
3
33
24
0
3
30
25
0
3
28
26
0
3
29
27
0
3
32
28
0
3
35
29
0
3
36
30
0
3
34
31
0
3
31
32
0
3
28
33
0
3
25
34
0
3
23
35
0
3
23
36
0
3
24
37
0
3
24
38
0
3
22
39
0
3
21
40
0
3
21
41
0
3
19
42
0
3
17
43
0
3
16
44
0
3
16
45
0
3
18
46
0
3
21
47
0
3
25
48
0
3
28
49
0
3
28
50
0
3
26
51
0
3
22
52
0
3
17
53
0
3
12
54
0
3
7
55
0
3
1
56
0
2
251
57
0
2
247
58
0
2
244
59
0
2
240
60
0
2
238
61
0
2
239
62
0
2
243
63
0
2
248
64
0
2
253
65
0
3
3
66
0
3
7
67
0
3
8
68
0
3
8
69
0
3
11
70
0
3
17
71
0
3
22
72
0
3
24
73
0
3
23
74
0
3
22
75
0
3
21
76
0
3
20
77
0
3
17
78
0
3
13
79
0
3
9
80
0
3
8
81
0
3
9
82
0
3
9
83
0
3
6
84
0
3
4
85
0
3
2
86
0
3
0
87
0
2
254
88
0
2
253
89
0
2
253
90
0
2
254
91
0
3
0
92
0
3
1
93
0
3
1
94
0
3
2
95
0
3
5
96
0
3
11
97
0
3
19
98
0
3
27
99
0
3
32
100
0
3
33
101
0
3
31
102
0
3
27
103
0
3
24
104
0
3
24
105
0
3
28
106
0
3
33
107
0
3
37
108
0
3
39
109
0
3
39
110
0
3
38
111
0
3
38
112
0
3
38
113
0
3
38
114
0
3
38
115
0
3
37
116
0
3
33
117
0
3
30
118
0
3
29
119
0
3
32
120
0
3
38
121
0
3
46
122
0
3
54
123
0
3
60
124
0
3
62
125
0
3
60
126
0
3
56
127
0
3
52
128
0
3
49
129
0
3
47
130
0
3
44
131
0
3
40
132
0
3
35
133
0
3
30
134
0
3
26
135
0
3
25
136
0
3
28
137
0
3
35
138
0
3
43
139
0
3
49
140
0
3
52
141
0
3
52
142
0
3
51
143
0
3
50
144
0
3
50
145
0
3
49
146
0
3
47
147
0
3
43
148
0
3
38
149
0
3
33
150
0
3
30
151
0
3
29
152
0
3
31
153
0
3
36
154
0
3
44
155
0
3
53
156
0
3
61
157
0
3
67
158
0
3
69
159
0
3
67
160
0
3
65
161
0
3
64
162
0
3
65
163
0
3
67
164
0
3
69
165
0
3
70
166
0
3
69
167
0
3
66
168
0
3
62
169
0
3
58
170
0
3
56
171
0
3
56
172
0
3
57
173
0
3
57
174
0
3
56
175
0
3
54
176
0
3
51
177
0
3
47
178
0
3
43
179
0
3
40
180
0
3
37
181
0
3
33
182
0
3
30
183
0
3
28
184
0
3
25
185
0
3
21
186
0
3
16
187
0
3
11
188
0
3
7
189
0
3
5
190
0
3
5
191
0
3
5
192
0
3
5
193
0
3
5
194
0
3
5
195
0
3
5
196
0
3
3
197
0
3
0
198
0
2
254
199
0
2
254
200
0
2
253
201
0
2
252
202
0
2
252
203
0
2
254
204
0
3
1
205
0
3
1
206
0
2
255
207
0
2
252
208
0
2
249
209
0
2
248
210
0
2
248
211
0
2
248
212
0
2
246
213
0
2
243
214
0
2
240
215
0
2
236
216
0
2
232
217
0
2
228
218
0
2
227
219
0
2
228
220
0
2
231
221
0
2
234
222
0
2
235
223
0
2
235
224
0
2
236
225
0
2
240
226
0
2
245
227
0
2
249
228
0
2
251
229
0
2
252
230
0
2
252
231
0
2
252
232
0
2
250
233
0
2
248
234
0
2
248
235
0
2
249
236
0
2
251
237
0
2
254
238
0
3
1
239
0
3
2
240
0
3
2
241
0
3
1
242
0
2
255
243
0
2
254
244
0
2
251
245
0
2
248
246
0
2
246
247
0
2
245
248
0
2
244
249
0
2
243
250
0
2
243
251
0
2
244
252
0
2
246
253
0
2
247
254
0
2
247
255
0
2
246
0
0
2
246
1
0
2
247
2
0
2
249
3
0
2
249
4
0
2
247
5
0
2
245
6
0
2
243
7
0
2
242
8
0
2
242
9
0
2
244
10
0
2
248
11
0
2
254
12
0
3
4
13
0
3
7
14
0
3
9
15
0
3
11
16
0
3
14
17
0
3
19
18
0
3
23
19
0
3
24
20
0
3
22
21
0
3
20
22
0
3
19
23
0
3
20
24
0
3
23
25
0
3
29
26
0
3
37
27
0
3
46
28
0
3
55
29
0
3
62
30
0
3
66
31
0
3
65
32
0
3
63
33
0
3
61
34
0
3
60
35
0
3
60
36
0
3
61
37
0
3
64
38
0
3
66
39
0
3
66
40
0
3
63
41
0
3
59
42
0
3
54
43
0
3
50
44
0
3
48
45
0
3
46
46
0
3
43
47
0
3
39
48
0
3
36
49
0
3
33
50
0
3
30
51
0
3
25
52
0
3
20
53
0
3
15
54
0
3
10
55
0
3
5
56
0
3
1
57
0
2
254
58
0
2
252
59
0
2
250
60
0
2
247
61
0
2
244
62
0
2
243
63
0
2
244
64
0
2
246
65
0
2
248
66
0
2
251
67
0
2
255
68
0
3
3
69
0
3
4
70
0
3
2
71
0
3
0
72
0
2
254
73
0
2
252
74
0
2
249
75
0
2
246
76
0
2
244
77
0
2
242
78
0
2
240
79
0
2
236
80
0
2
232
81
0
2
230
82
0
2
231
83
0
2
234
84
0
2
237
85
0
2
238
86
0
2
236
87
0
2
233
88
0
2
229
89
0
2
226
90
0
2
224
91
0
2
223
92
0
2
223
93
0
2
222
94
0
2
219
95
0
2
216
96
0
2
212
97
0
2
210
98
0
2
212
99
0
2
217
100
0
2
223
101
0
2
228
102
0
2
233
103
0
2
238
104
0
2
242
105
0
2
242
106
0
2
242
107
0
2
243
108
0
2
245
109
0
2
245
110
0
2
243
111
0
2
241
112
0
2
239
113
0
2
237
114
0
2
235
115
0
2
234
116
0
2
234
117
0
2
235
118
0
2
235
119
0
2
234
120
0
2
232
121
0
2
228
122
0
2
225
123
0
2
224
124
0
2
225
125
0
2
227
126
0
2
229
127
0
2
230
128
0
2
231
129
0
2
232
130
0
2
233
131
0
2
233
132
0
2
232
133
0
2
229
134
0
2
226
135
0
2
223
136
0
2
219
137
0
2
216
138
0
2
217
139
0
2
222
140
0
2
230
141
0
2
238
142
0
2
245
143
0
2
251
144
0
3
1
145
0
3
6
146
0
3
10
147
0
3
12
148
0
3
10
149
0
3
7
150
0
3
5
151
0
3
3
152
0
3
1
153
0
3
1
154
0
3
5
155
0
3
11
156
0
3
18
157
0
3
24
158
0
3
28
159
0
3
29
160
0
3
27
161
0
3
23
162
0
3
20
163
0
3
19
164
0
3
20
165
0
3
22
166
0
3
22
167
0
3
20
168
0
3
16
169
0
3
11
170
0
3
6
171
0
3
1
172
0
2
253
173
0
2
252
174
0
2
252
175
0
2
253
176
0
2
254
177
0
2
254
178
0
2
253
179
0
2
250
180
0
2
247
181
0
2
244
182
0
2
240
183
0
2
236
184
0
2
233
185
0
2
230
186
0
2
228
187
0
2
225
188
0
2
222
189
0
2
218
190
0
2
216
191
0
2
217
192
0
2
219
193
0
2
221
194
0
2
222
195
0
2
223
196
0
2
224
197
0
2
223
198
0
2
220
199
0
2
217
200
0
2
213
201
0
2
209
202
0
2
205
203
0
2
202
204
0
2
199
205
0
2
195
206
0
2
191
207
0
2
187
208
0
2
183
209
0
2
179
210
0
2
176
211
0
2
174
212
0
2
172
213
0
2
168
214
0
2
165
215
0
2
161
216
0
2
157
217
0
2
153
218
0
2
149
219
0
2
145
220
0
2
140
221
0
2
135
222
0
2
131
223
0
2
128
224
0
2
125
225
0
2
122
226
0
2
119
227
0
2
117
228
0
2
116
229
0
2
117
230
0
2
119
231
0
2
121
232
0
2
124
233
0
2
127
234
0
2
129
235
0
2
128
236
0
2
125
237
0
2
122
238
0
2
119
239
0
2
116
240
0
2
112
241
0
2
109
242
0
2
107
243
0
2
106
244
0
2
106
245
0
2
106
246
0
2
106
247
0
2
105
248
0
2
103
249
0
2
101
250
0
2
99
251
0
2
96
252
0
2
95
253
0
2
95
254
0
2
96
255
0
2
96
0
0
2
96
1
0
2
96
2
0
2
97
3
0
2
99
4
0
2
100
5
0
2
100
6
0
2
98
7
0
2
95
8
0
2
92
9
0
2
88
10
0
2
85
11
0
2
86
12
0
2
91
13
0
2
98
14
0
2
105
15
0
2
110
16
0
2
115
17
0
2
121
18
0
2
128
19
0
2
133
20
0
2
135
21
0
2
134
22
0
2
131
23
0
2
127
24
0
2
123
25
0
2
120
26
0
2
119
27
0
2
121
28
0
2
127
29
0
2
135
30
0
2
142
31
0
2
148
32
0
2
151
33
0
2
151
34
0
2
149
35
0
2
147
36
0
2
146
37
0
2
147
38
0
2
148
39
0
2
148
40
0
2
146
41
0
2
142
42
0
2
138
43
0
2
134
44
0
2
132
45
0
2
133
46
0
2
135
47
0
2
137
48
0
2
139
49
0
2
140
50
0
2
141
51
0
2
141
52
0
2
139
53
0
2
137
54
0
2
135
55
0
2
133
56
0
2
131
57
0
2
128
58
0
2
124
59
0
2
122
60
0
2
120
61
0
2
118
62
0
2
117
63
0
2
117
64
0
2
118
65
0
2
119
66
0
2
118
67
0
2
116
68
0
2
113
69
0
2
110
70
0
2
108
71
0
2
108
72
0
2
109
73
0
2
111
74
0
2
112
75
0
2
111
76
0
2
109
77
0
2
106
78
0
2
103
79
0
2
101
80
0
2
101
81
0
2
103
82
0
2
106
83
0
2
109
84
0
2
111
85
0
2
113
86
0
2
114
87
0
2
114
88
0
2
114
89
0
2
112
90
0
2
110
91
0
2
108
92
0
2
107
93
0
2
107
94
0
2
108
95
0
2
110
96
0
2
113
97
0
2
117
98
0
2
120
99
0
2
120
100
0
2
118
101
0
2
115
102
0
2
111
103
0
2
108
104
0
2
107
105
0
2
108
106
0
2
109
107
0
2
109
108
0
2
108
109
0
2
106
110
0
2
105
111
0
2
104
112
0
2
102
113
0
2
99
114
0
2
96
115
0
2
92
116
0
2
88
117
0
2
84
118
0
2
81
119
0
2
78
120
0
2
75
121
0
2
71
122
0
2
67
123
0
2
63
124
0
2
59
125
0
2
56
126
0
2
54
127
0
2
53
128
0
2
53
129
0
2
53
130
0
2
52
131
0
2
51
132
0
2
50
133
0
2
50
134
0
2
50
135
0
2
49
136
0
2
48
137
0
2
48
138
0
2
48
139
0
2
47
140
0
2
45
141
0
2
44
142
0
2
44
143
0
2
45
144
0
2
46
145
0
2
47
146
0
2
49
147
0
2
53
148
0
2
58
149
0
2
63
150
0
2
67
151
0
2
71
152
0
2
74
153
0
2
77
154
0
2
79
155
0
2
78
156
0
2
78
157
0
2
81
158
0
2
86
159
0
2
91
160
0
2
96
161
0
2
100
162
0
2
102
163
0
2
103
164
0
2
102
165
0
2
100
166
0
2
98
167
0
2
97
168
0
2
95
169
0
2
92
170
0
2
88
171
0
2
84
172
0
2
81
173
0
2
80
174
0
2
82
175
0
2
85
176
0
2
90
177
0
2
95
178
0
2
99
179
0
2
102
180
0
2
103
181
0
2
101
182
0
2
99
183
0
2
99
184
0
2
99
185
0
2
99
186
0
2
98
187
0
2
97
188
0
2
96
189
0
2
95
190
0
2
95
191
0
2
96
192
0
2
98
193
0
2
100
194
0
2
101
195
0
2
101
196
0
2
99
197
0
2
96
198
0
2
94
199
0
2
93
200
0
2
94
201
0
2
96
202
0
2
98
203
0
2
99
204
0
2
98
205
0
2
96
206
0
2
94
207
0
2
91
208
0
2
88
209
0
2
86
210
0
2
86
211
0
2
87
212
0
2
88
213
0
2
89
214
0
2
90
215
0
2
92
216
0
2
94
217
0
2
95
218
0
2
95
219
0
2
93
220
0
2
91
221
0
2
89
222
0
2
87
223
0
2
84
224
0
2
82
225
0
2
81
226
0
2
81
227
0
2
80
228
0
2
78
229
0
2
75
230
0
2
72
231
0
2
70
232
0
2
68
233
0
2
65
234
0
2
62
235
0
2
60
236
0
2
57
237
0
2
54
238
0
2
51
239
0
2
48
240
0
2
45
241
0
2
42
242
0
2
39
243
0
2
36
244
0
2
33
245
0
2
29
246
0
2
25
247
0
2
21
248
0
2
18
249
0
2
15
250
0
2
11
251
0
2
8
252
0
2
5
253
0
2
2
254
0
1
255
255
0
1
252
0
0
1
249
1
0
1
247
2
0
1
245
3
0
1
243
4
0
1
241
5
0
1
239
6
0
1
237
7
0
1
235
8
0
1
233
9
0
1
232
10
0
1
232
11
0
1
233
12
0
1
233
13
0
1
232
14
0
1
230
15
0
1
227
16
0
1
224
17
0
1
221
18
0
1
219
19
0
1
218
20
0
1
218
21
0
1
219
22
0
1
220
23
0
1
221
24
0
1
222
25
0
1
223
26
0
1
225
27
0
1
225
28
0
1
224
29
0
1
224
30
0
1
226
31
0
1
228
32
0
1
230
33
0
1
232
34
0
1
233
35
0
1
233
36
0
1
232
37
0
1
231
38
0
1
231
39
0
1
231
40
0
1
231
41
0
1
230
42
0
1
228
43
0
1
226
44
0
1
224
45
0
1
224
46
0
1
225
47
0
1
227
48
0
1
230
49
0
1
233
50
0
1
236
51
0
1
237
52
0
1
236
53
0
1
235
54
0
1
235
55
0
1
236
56
0
1
237
57
0
1
238
58
0
1
237
59
0
1
235
60
0
1
233
61
0
1
230
62
0
1
228
63
0
1
227
64
0
1
227
65
0
1
227
66
0
1
227
67
0
1
226
68
0
1
224
69
0
1
222
70
0
1
219
71
0
1
217
72
0
1
217
73
0
1
217
74
0
1
216
75
0
1
214
76
0
1
211
77
0
1
208
78
0
1
206
79
0
1
204
80
0
1
202
81
0
1
200
82
0
1
197
83
0
1
194
84
0
1
192
85
0
1
191
86
0
1
191
87
0
1
191
88
0
1
191
89
0
1
192
90
0
1
193
91
0
1
193
92
0
1
192
93
0
1
190
94
0
1
187
95
0
1
185
96
0
1
184
97
0
1
182
98
0
1
179
99
0
1
176
100
0
1
174
101
0
1
171
102
0
1
169
103
0
1
168
104
0
1
168
105
0
1
168
106
0
1
167
107
0
1
165
108
0
1
163
109
0
1
160
110
0
1
157
111
0
1
154
112
0
1
152
113
0
1
149
114
0
1
146
115
0
1
143
116
0
1
140
117
0
1
138
118
0
1
136
119
0
1
135
120
0
1
133
121
0
1
131
122
0
1
129
123
0
1
127
124
0
1
127
125
0
1
128
126
0
1
127
127
0
1
126
128
0
1
125
129
0
1
124
130
0
1
124
131
0
1
124
132
0
1
124
133
0
1
123
134
0
1
122
135
0
1
120
136
0
1
118
137
0
1
116
138
0
1
115
139
0
1
115
140
0
1
116
141
0
1
116
142
0
1
115
143
0
1
114
144
0
1
113
145
0
1
112
146
0
1
112
147
0
1
111
148
0
1
110
149
0
1
110
150
0
1
110
151
0
1
111
152
0
1
112
153
0
1
113
154
0
1
115
155
0
1
116
156
0
1
116
157
0
1
117
158
0
1
119
159
0
1
122
160
0
1
124
161
0
1
125
162
0
1
125
163
0
1
125
164
0
1
124
165
0
1
123
166
0
1
123
167
0
1
123
168
0
1
123
169
0
1
122
170
0
1
121
171
0
1
120
172
0
1
120
173
0
1
120
174
0
1
120
175
0
1
120
176
0
1
120
177
0
1
120
178
0
1
120
179
0
1
119
180
0
1
118
181
0
1
118
182
0
1
119
183
0
1
120
184
0
1
122
185
0
1
123
186
0
1
123
187
0
1
122
188
0
1
121
189
0
1
121
190
0
1
120
191
0
1
118
192
0
1
117
193
0
1
117
194
0
1
118
195
0
1
118
196
0
1
118
197
0
1
117
198
0
1
116
199
0
1
115
200
0
1
114
201
0
1
113
202
0
1
112
203
0
1
111
204
0
1
110
205
0
1
108
206
0
1
106
207
0
1
106
208
0
1
108
209
0
1
110
210
0
1
112
211
0
1
114
212
0
1
115
213
0
1
115
214
0
1
114
215
0
1
114
216
0
1
114
217
0
1
115
218
0
1
116
219
0
1
117
220
0
1
118
221
0
1
118
222
0
1
118
223
0
1
118
224
0
1
118
225
0
1
119
226
0
1
119
227
0
1
118
228
0
1
117
229
0
1
116
230
0
1
114
231
0
1
112
232
0
1
111
233
0
1
110
234
0
1
109
235
0
1
108
236
0
1
107
237
0
1
105
238
0
1
103
239
0
1
101
240
0
1
99
241
0
1
98
242
0
1
97
243
0
1
96
244
0
1
94
245
0
1
93
246
0
1
92
247
0
1
90
248
0
1
88
249
0
1
86
250
0
1
84
251
0
1
82
252
0
1
80
253
0
1
79
254
0
1
78
255
0
1
76
0
0
1
74
1
0
1
73
2
0
1
72
3
0
1
71
4
0
1
70
5
0
1
69
6
0
1
68
7
0
1
67
8
0
1
65
9
0
1
63
10
0
1
62
11
0
1
60
12
0
1
58
13
0
1
56
14
0
1
55
15
0
1
54
16
0
1
54
17
0
1
54
18
0
1
54
19
0
1
54
20
0
1
54
21
0
1
55
22
0
1
56
23
0
1
56
24
0
1
55
25
0
1
54
26
0
1
54
27
0
1
54
28
0
1
53
29
0
1
51
30
0
1
50
31
0
1
51
32
0
1
52
33
0
1
52
34
0
1
52
35
0
1
52
36
0
1
52
37
0
1
51
38
0
1
49
39
0
1
48
40
0
1
47
41
0
1
46
42
0
1
44
43
0
1
42
44
0
1
40
45
0
1
38
46
0
1
36
47
0
1
35
48
0
1
34
49
0
1
33
50
0
1
32
51
0
1
31
52
0
1
30
53
0
1
29
54
0
1
28
55
0
1
27
56
0
1
27
57
0
1
26
58
0
1
25
59
0
1
23
60
0
1
22
61
0
1
21
62
0
1
21
63
0
1
21
64
0
1
20
65
0
1
19
66
0
1
18
67
0
1
17
68
0
1
17
69
0
1
17
70
0
1
17
71
0
1
16
72
0
1
16
73
0
1
15
74
0
1
14
75
0
1
13
76
0
1
11
77
0
1
9
78
0
1
7
79
0
1
5
80
0
1
4
81
0
1
4
82
0
1
4
83
0
1
3
84
0
1
2
85
0
1
0
86
0
0
255
87
0
1
0
88
0
1
0
89
0
1
1
90
0
1
3
91
0
1
5
92
0
1
6
93
0
1
6
94
0
1
5
95
0
1
4
96
0
1
3
97
0
1
2
98
0
1
0
99
0
0
254
100
0
0
253
101
0
0
253
102
0
0
253
103
0
0
253
104
0
0
254
105
0
0
255
106
0
0
255
107
0
0
255
108
0
0
254
109
0
0
253
110
0
0
252
111
0
0
251
112
0
0
250
113
0
0
249
114
0
0
248
115
0
0
247
116
0
0
246
117
0
0
245
118
0
0
244
119
0
0
244
120
0
0
244
121
0
0
243
122
0
0
242
123
0
0
241
124
0
0
240
125
0
0
239
126
0
0
239
127
0
0
238
128
0
0
237
129
0
0
237
130
0
0
237
131
0
0
237
132
0
0
236
133
0
0
235
134
0
0
234
135
0
0
233
136
0
0
232
137
0
0
232
138
0
0
232
139
0
0
231
140
0
0
230
141
0
0
229
142
0
0
229
143
0
0
228
144
0
0
228
145
0
0
228
146
0
0
229
147
0
0
229
148
0
0
229
149
0
0
229
150
0
0
229
151
0
0
229
152
0
0
229
153
0
0
228
154
0
0
228
155
0
0
229
156
0
0
231
157
0
0
233
158
0
0
234
159
0
0
234
160
0
0
234
161
0
0
234
162
0
0
235
163
0
0
236
164
0
0
237
165
0
0
238
166
0
0
239
167
0
0
239
168
0
0
239
169
0
0
239
170
0
0
239
171
0
0
239
172
0
0
240
173
0
0
241
174
0
0
242
175
0
0
242
176
0
0
242
177
0
0
242
178
0
0
243
179
0
0
245
180
0
0
247
181
0
0
249
182
0
0
250
183
0
0
250
184
0
0
250
185
0
0
250
186
0
0
249
187
0
0
248
188
0
0
247
189
0
0
246
190
0
0
247
191
0
0
248
192
0
0
248
193
0
0
248
194
0
0
248
195
0
0
249
196
0
0
250
197
0
0
252
198
0
0
253
199
0
0
254
200
0
0
255
201
0
1
0
202
0
0
255
203
0
0
255
204
0
0
255
205
0
0
255
206
0
0
255
207
0
0
254
208
0
0
254
209
0
0
255
210
0
1
0
211
0
1
0
212
0
1
0
213
0
0
255
214
0
0
254
215
0
0
253
216
0
0
253
217
0
0
254
218
0
1
0
219
0
1
1
220
0
1
3
221
0
1
4
222
0
1
4
223
0
1
4
224
0
1
4
225
0
1
3
226
0
1
2
227
0
1
1
228
0
0
255
229
0
0
254
230
0
0
253
231
0
0
252
232
0
0
251
233
0
0
250
234
0
0
250
235
0
0
250
236
0
0
250
237
0
0
249
238
0
0
248
239
0
0
247
240
0
0
247
241
0
0
247
242
0
0
247
243
0
0
246
244
0
0
245
245
0
0
244
246
0
0
243
247
0
0
242
248
0
0
241
249
0
0
240
250
0
0
239
251
0
0
238
252
0
0
237
253
0
0
236
254
0
0
235
255
0
0
234
0
0
0
233
1
0
0
232
2
0
0
231
3
0
0
230
4
0
0
229
5
0
0
229
6
0
0
229
7
0
0
229
8
0
0
229
9
0
0
229
10
0
0
228
11
0
0
228
12
0
0
227
13
0
0
226
14
0
0
225
15
0
0
224
16
0
0
223
17
0
0
222
18
0
0
221
19
0
0
220
20
0
0
219
21
0
0
219
22
0
0
219
23
0
0
219
24
0
0
218
25
0
0
217
26
0
0
216
27
0
0
215
28
0
0
214
29
0
0
214
30
0
0
214
31
0
0
214
32
0
0
213
33
0
0
213
34
0
0
212
35
0
0
211
36
0
0
211
37
0
0
210
38
0
0
209
39
0
0
208
40
0
0
208
41
0
0
208
42
0
0
208
43
0
0
207
44
0
0
206
45
0
0
205
46
0
0
204
47
0
0
203
48
0
0
203
49
0
0
202
50
0
0
201
51
0
0
200
52
0
0
199
53
0
0
198
54
0
0
197
55
0
0
197
56
0
0
196
57
0
0
196
58
0
0
195
59
0
0
194
60
0
0
193
61
0
0
192
62
0
0
191
63
0
0
190
64
0
0
189
65
0
0
188
66
0
0
187
67
0
0
186
68
0
0
185
69
0
0
184
70
0
0
183
71
0
0
183
72
0
0
182
73
0
0
181
74
0
0
181
75
0
0
181
76
0
0
181
77
0
0
181
78
0
0
181
79
0
0
181
80
0
0
180
81
0
0
179
82
0
0
179
83
0
0
179
84
0
0
180
85
0
0
181
86
0
0
181
87
0
0
180
88
0
0
179
89
0
0
178
90
0
0
177
91
0
0
176
92
0
0
175
93
0
0
174
94
0
0
173
95
0
0
172
96
0
0
171
97
0
0
170
98
0
0
170
99
0
0
170
100
0
0
170
101
0
0
170
102
0
0
169
103
0
0
168
104
0
0
168
105
0
0
167
106
0
0
167
107
0
0
166
108
0
0
165
109
0
0
165
110
0
0
164
111
0
0
163
112
0
0
162
113
0
0
161
114
0
0
161
115
0
0
160
116
0
0
159
117
0
0
158
118
0
0
157
119
0
0
157
120
0
0
157
121
0
0
157
122
0
0
156
123
0
0
155
124
0
0
154
125
0
0
153
126
0
0
152
127
0
0
151
128
0
0
150
129
0
0
149
130
0
0
148
131
0
0
147
132
0
0
146
133
0
0
145
134
0
0
145
135
0
0
144
136
0
0
143
137
0
0
142
138
0
0
142
139
0
0
141
140
0
0
141
141
0
0
141
142
0
0
140
143
0
0
139
144
0
0
138
145
0
0
137
146
0
0
136
147
0
0
135
148
0
0
134
149
0
0
133
150
0
0
132
151
0
0
131
152
0
0
131
153
0
0
130
154
0
0
129
155
0
0
128
156
0
0
127
157
0
0
128
158
0
0
127
159
0
0
127
160
0
0
127
161
0
0
127
162
0
0
128
163
0
0
127
164
0
0
127
165
0
0
127
166
0
0
128
167
0
0
127
168
0
0
127
169
0
0
127
170
0
0
128
171
0
0
128
172
0
0
128
173
0
0
128
174
0
0
127
175
0
0
127
176
0
0
127
177
0
0
127
178
0
0
127
179
0
0
127
180
0
0
127
181
0
0
127
182
0
0
127
183
0
0
127
184
0
0
128
185
0
0
128
186
0
0
127
187
0
0
127
188
0
0
127
189
0
0
128
190
0
0
128
191
0
0
128
192
0
0
127
193
0
0
127
194
0
0
127
195
0
0
128
196
0
0
128
197
0
0
128
198
0
0
128
199
0
0
128
200
0
0
127
201
0
0
127
202
0
0
128
203
0
0
128
204
0
0
127
205
0
0
127
206
0
0
127
207
0
0
127
208
0
0
127
209
0
0
127
210
0
0
127
211
0
0
127
212
0
0
127
213
0
0
127
214
0
0
127
215
0
0
127
216
0
0
127
217
0
0
127
218
0
0
127
219
0
0
127
220
0
0
127
221
0
0
127
222
0
0
127
223
0
0
127
224
0
0
127
225
0
0
127
226
0
0
127
227
0
0
128
228
0
0
128
229
0
0
127
230
0
0
127
231
0
0
127
232
0
0
127
233
0
0
127
234
0
0
127
235
0
0
127
236
0
0
127
237
0
0
127
238
0
0
127
239
0
0
127
240
0
0
127
241
0
0
127
242
0
0
127
243
0
0
128
244
0
0
128
245
0
0
127
246
0
0
127
247
0
0
127
248
0
0
127
249
0
0
127
250
0
0
127
251
0
0
127
252
0
0
127
253
0
0
128
254
0
0
127
255
0
0
127
0
0
0
127
1
0
0
127
2
0
0
128
3
0
0
127
4
0
0
127
5
0
0
128
6
0
0
128
7
0
0
127
8
0
0
127
9
0
0
128
10
0
0
128
11
0
0
127
12
0
0
127
13
0
0
128
14
0
0
128
15
0
0
128
16
0
0
128
17
0
0
127
18
0
0
127
19
0
0
128
20
0
0
128
21
0
0
128
22
0
0
128
23
0
0
128
24
0
0
128
25
0
0
128
26
0
0
128
27
0
0
127
28
0
0
127
29
0
0
127
30
0
0
127
31
0
0
127
32
0
0
128
33
0
0
128
34
0
0
128
35
0
0
128
36
0
0
128
37
0
0
128
38
0
0
128
39
0
0
127
40
0
0
127
41
0
0
127
42
0
0
127
43
0
0
127
44
0
0
127
45
0
0
127
46
0
0
127
47
0
0
127
48
0
0
127
49
0
0
127
50
0
0
127
51
0
0
127
52
0
0
127
53
0
0
127
54
0
0
127
55
0
0
127
56
0
0
127
57
0
0
127
58
0
0
127
59
0
0
127
60
0
0
127
61
0
0
127
62
0
0
128
63
0
0
127
64
0
0
127
65
0
0
127
66
0
0
127
67
0
0
127
68
0
0
127
69
0
0
128
70
0
0
128
71
0
0
128
72
0
0
127
73
0
0
127
74
0
0
127
75
0
0
127
76
0
0
128
77
0
0
128
78
0
0
127
79
0
0
127
80
0
0
127
81
0
0
127
82
0
0
127
83
0
0
127
84
0
0
127
85
0
0
128
86
0
0
127
87
0
0
127
88
0
0
127
89
0
0
127
90
0
0
127
91
0
0
127
92
0
0
127
93
0
0
127
94
0
0
127
95
0
0
128
96
0
0
127
97
0
0
127
98
0
0
127
99
0
0
127
100
0
0
127
101
0
0
127
102
0
0
127
103
0
0
128
104
0
0
127
105
0
0
127
106
0
0
127
107
0
0
128
108
0
0
127
109
0
0
127
110
0
0
127
111
0
0
127
112
0
0
127
113
0
0
128
114
0
0
127
115
0
0
128
116
0
0
128
117
0
0
128
118
0
0
127
119
0
0
127
120
0
0
127
121
0
0
127
122
0
0
127
123
0
0
127
124
0
0
127
125
0
0
127
126
0
0
127
127
0
0
127
128
0
0
127
129
0
0
127
130
0
0
127
131
0
0
127
132
0
0
127
133
0
0
128
134
0
0
127
135
0
0
127
136
0
0
128
137
0
0
128
138
0
0
128
139
0
0
127
140
0
0
128
141
0
0
128
142
0
0
127
143
0
0
127
144
0
0
127
145
0
0
127
146
0
0
127
147
0
0
128
148
0
0
127
149
0
0
127
150
0
0
127
151
0
0
127
152
0
0
127
153
0
0
127
154
0
0
127
155
0
0
127
156
0
0
127
157
0
0
127
158
0
0
128
159
0
0
128
160
0
0
127
161
0
0
128
162
0
0
127
163
0
0
128
164
0
0
127
165
0
0
128
166
0
0
128
167
0
0
128
168
0
0
127
169
0
0
127
170
0
0
127
171
0
0
127
172
0
0
127
173
0
0
127
174
0
0
127
175
0
0
128
176
0
0
128
177
0
0
128
178
0
0
128
179
0
0
127
180
0
0
127
181
0
0
127
182
0
0
128
183
0
0
128
184
0
0
127
185
0
0
127
186
0
0
127
187
0
0
127
188
0
0
127
189
0
0
127
190
0
0
127
191
0
0
127
192
0
0
127
193
0
0
127
194
0
0
128
195
0
0
127
196
0
0
127
197
0
0
127
198
0
0
128
199
0
0
128
200
0
0
127
201
0
0
127
202
0
0
127
203
0
0
127
204
0
0
127
205
0
0
127
206
0
0
127
207
0
0
127
208
0
0
128
209
0
0
128
210
0
0
128
211
0
0
127
212
0
0
127
213
0
0
128
214
0
0
128
215
0
0
127
216
0
0
128
217
0
0
127
218
0
0
127
219
0
0
127
220
0
0
127
221
0
0
127
222
0
0
127
223
0
0
127
224
0
0
127
225
0
0
128
226
0
0
128
227
0
0
127
228
0
0
128
229
0
0
129
230
0
0
129
231
0
0
128
232
0
0
128
233
0
0
127
234
0
0
127
235
0
0
128
236
0
0
128
237
0
0
127
238
0
0
127
239
0
0
128
240
0
0
128
241
0
0
127
242
0
0
127
243
0
0
128
244
0
0
128
245
0
0
127
246
0
0
128
247
0
0
128
248
0
0
127
249
0
0
127
250
0
0
127
251
0
0
127
252
0
0
127
253
0
0
127
254
0
0
127
255
0
0
127
0
0
0
127
1
0
0
127
2
0
0
127
3
0
0
128
4
0
0
128
5
0
0
127
6
0
0
127
7
0
0
127
8
0
0
128
9
0
0
127
10
0
0
127
11
0
0
127
12
0
0
127
13
0
0
128
14
0
0
127
15
0
0
127
16
0
0
127
17
0
0
127
18
0
0
127
19
0
0
127
20
0
0
127
21
0
0
127
22
0
0
127
23
0
0
127
24
0
0
127
25
0
0
127
26
0
0
127
27
0
0
127
28
0
0
127
29
0
0
128
30
0
0
127
31
0
0
127
32
0
0
128
33
0
0
128
34
0
0
128
35
0
0
128
36
0
0
128
37
0
0
127
38
0
0
127
39
0
0
127
40
0
0
127
41
0
0
127
42
0
0
127
43
0
0
128
44
0
0
127
45
0
0
127
46
0
0
128
47
0
0
127
48
0
0
127
49
0
0
127
50
0
0
127
51
0
0
127
52
0
0
127
53
0
0
127
54
0
0
127
55
0
0
127
56
0
0
127
57
0
0
127
58
0
0
128
59
0
0
127
60
0
0
127
61
0
0
127
62
0
0
127
63
0
0
128
64
0
0
128
65
0
0
127
66
0
0
127
67
0
0
127
68
0
0
127
69
0
0
127
70
0
0
127
71
0
0
128
72
0
0
128
73
0
0
127
74
0
0
127
75
0
0
127
76
0
0
127
77
0
0
127
78
0
0
127
79
0
0
127
80
0
0
127
81
0
0
127
82
0
0
127
83
0
0
127
84
0
0
127
85
0
0
127
86
0
0
128
87
0
0
128
88
0
0
128
89
0
0
127
90
0
0
128
91
0
0
128
92
0
0
128
93
0
0
128
94
0
0
128
95
0
0
127
96
0
0
127
97
0
0
127
98
0
0
127
99
0
0
127
100
0
0
128
101
0
0
128
102
0
0
128
103
0
0
128
104
0
0
128
105
0
0
128
106
0
0
128
107
0
0
128
108
0
0
128
109
0
0
128
110
0
0
128
111
0
0
128
112
0
0
128
113
0
0
128
114
0
0
128
115
0
0
127
116
0
0
128
117
0
0
128
118
0
0
127
119
0
0
128
120
0
0
127
121
0
0
127
122
0
0
127
123
0
0
128
124
0
0
127
125
0
0
128
126
0
0
128
127
0
0
127
128
0
0
128
129
0
0
128
130
0
0
127
131
0
0
128
132
0
0
128
133
0
0
128
134
0
0
127
135
0
0
128
136
0
0
128
137
0
0
128
138
0
0
128
139
0
0
128
140
0
0
127
141
0
0
128
142
0
0
128
143
0
0
128
144
0
0
128
145
0
0
128
146
0
0
128
147
0
0
127
148
0
0
128
149
0
0
127
150
0
0
127
151
0
0
128
152
0
0
127
153
0
0
127
154
0
0
127
155
0
0
127
156
0
0
127
157
0
0
127
158
0
0
127
159
0
0
127
160
0
0
128
161
0
0
128
162
0
0
127
163
0
0
128
164
0
0
128
165
0
0
128
166
0
0
127
167
0
0
128
168
0
0
128
169
0
0
128
170
0
0
128
171
0
0
128
172
0
0
128
173
0
0
127
174
0
0
128
175
0
0
128
176
0
0
128
177
0
0
128
178
0
0
127
179
0
0
127
180
0
0
127
181
0
0
127
182
0
0
127
183
0
0
127
184
0
0
127
185
0
0
127
186
0
0
127
187
0
0
127
188
0
0
127
189
0
0
127
190
0
0
128
191
0
0
128
192
0
0
128
193
0
0
129
194
0
0
129
195
0
0
130
196
0
0
130
197
0
0
130
198
0
0
130
199
0
0
130
200
0
0
129
201
0
0
128
202
0
0
127
203
0
0
127
204
0
0
127
205
0
0
127
206
0
0
128
207
0
0
128
208
0
0
127
209
0
0
128
210
0
0
127
211
0
0
127
212
0
0
128
213
0
0
128
214
0
0
129
215
0
0
129
216
0
0
129
217
0
0
129
218
0
0
129
219
0
0
129
220
0
0
129
221
0
0
130
222
0
0
130
223
0
0
130
224
0
0
130
225
0
0
130
226
0
0
129
227
0
0
128
228
0
0
127
229
0
0
127
230
0
0
128
231
0
0
128
232
0
0
127
233
0
0
127
234
0
0
127
235
0
0
127
236
0
0
127
237
0
0
127
238
0
0
127
239
0
0
127
240
0
0
127
241
0
0
127
242
0
0
127
243
0
0
127
244
0
0
127
245
0
0
127
246
0
0
127
247
0
0
127
248
0
0
127
249
0
0
127
250
0
0
127
251
0
0
128
252
0
0
128
253
0
0
128
254
0
0
128
255
0
0
127
0
0
0
127
1
0
0
127
2
0
0
127
3
0
0
127
4
0
0
127
5
0
0
127
6
0
0
127
7
0
0
127
8
0
0
127
9
0
0
127
10
0
0
128
11
0
0
127
12
0
0
127
13
0
0
127
14
0
0
127
15
0
0
129
16
0
0
129
17
0
0
129
18
0
0
129
19
0
0
129
20
0
0
129
21
0
0
129
22
0
0
129
23
0
0
129
24
0
0
128
25
0
0
128
26
0
0
128
27
0
0
128
28
0
0
128
29
0
0
127
30
0
0
129
31
0
0
129
32
0
0
128
33
0
0
128
34
0
0
128
35
0
0
128
36
0
0
128
37
0
0
129
38
0
0
129
39
0
0
129
40
0
0
128
41
0
0
127
42
0
0
127
43
0
0
127
44
0
0
127
45
0
0
127
46
0
0
127
47
0
0
127
48
0
0
127
49
0
0
127
50
0
0
127
51
0
0
128
52
0
0
127
53
0
0
127
54
0
0
128
55
0
0
127
56
0
0
127
57
0
0
127
58
0
0
127
59
0
0
127
60
0
0
128
61
0
0
127
62
0
0
128
63
0
0
128
64
0
0
128
65
0
0
127
66
0
0
127
67
0
0
127
68
0
0
127
69
0
0
127
70
0
0
127
71
0
0
128
72
0
0
127
73
0
0
127
74
0
0
127
75
0
0
127
76
0
0
127
77
0
0
127
78
0
0
127
79
0
0
128
80
0
0
129
81
0
0
129
82
0
0
129
83
0
0
129
84
0
0
129
85
0
0
129
86
0
0
129
87
0
0
129
88
0
0
129
89
0
0
129
90
0
0
129
91
0
0
129
92
0
0
129
93
0
0
129
94
0
0
129
95
0
0
129
96
0
0
129
97
0
0
129
98
0
0
128
99
0
0
128
100
0
0
127
101
0
0
127
102
0
0
128
103
0
0
128
104
0
0
128
105
0
0
128
106
0
0
128
107
0
0
128
108
0
0
128
109
0
0
128
110
0
0
128
111
0
0
128
112
0
0
128
113
0
0
128
114
0
0
128
115
0
0
127
116
0
0
128
117
0
0
128
118
0
0
128
119
0
0
128
120
0
0
128
121
0
0
128
122
0
0
127
123
0
0
127
124
0
0
128
125
0
0
128
126
0
0
127
127
0
0
128
128
0
0
127
129
0
0
127
130
0
0
128
131
0
0
127
132
0
0
127
133
0
0
127
134
0
0
127
135
0
0
128
136
0
0
128
137
0
0
127
138
0
0
127
139
0
0
128
140
0
0
127
141
0
0
127
142
0
0
128
143
0
0
127
144
0
0
128
145
0
0
127
146
0
0
128
147
0
0
128
148
0
0
127
149
0
0
127
150
0
0
128
151
0
0
128
152
0
0
127
153
0
0
127
154
0
0
127
155
0
0
127
156
0
0
127
157
0
0
127
158
0
0
127
159
0
0
127
160
0
0
127
161
0
0
128
162
0
0
127
163
0
0
128
164
0
0
127
165
0
0
128
166
0
0
128
167
0
0
127
168
0
0
128
169
0
0
127
170
0
0
128
171
0
0
127
172
0
0
127
173
0
0
128
174
0
0
128
175
0
0
128
176
0
0
128
177
0
0
128
178
0
0
128
179
0
0
127
180
0
0
128
181
0
0
127
182
0
0
128
183
0
0
127
184
0
0
127
185
0
0
127
186
0
0
128
187
0
0
127
188
0
0
127
189
0
0
127
190
0
0
127
191
0
0
127
192
0
0
127
193
0
0
127
194
0
0
127
195
0
0
127
196
0
0
127
197
0
0
127
198
0
0
127
199
0
0
128
200
0
0
128
201
0
0
127
202
0
0
127
203
0
0
128
204
0
0
128
205
0
0
128
206
0
0
128
207
0
0
128
208
0
0
128
209
0
0
128
210
0
0
127
211
0
0
127
212
0
0
127
213
0
0
127
214
0
0
127
215
0
0
127
216
0
0
128
217
0
0
128
218
0
0
127
219
0
0
127
220
0
0
127
221
0
0
127
222
0
0
128
223
0
0
128
224
0
0
127
225
0
0
128
226
0
0
129
227
0
0
129
228
0
0
129
229
0
0
129
230
0
0
128
231
0
0
127
232
0
0
127
233
0
0
127
234
0
0
128
235
0
0
127
236
0
0
128
237
0
0
128
238
0
0
128
239
0
0
127
240
0
0
127
241
0
0
128
242
0
0
127
243
0
0
128
244
0
0
128
245
0
0
127
246
0
0
127
247
0
0
127
248
0
0
127
249
0
0
127
250
0
0
127
251
0
0
127
252
0
0
128
253
0
0
127
254
0
0
127
255
0
0
128
0
0
0
127
1
0
0
127
2
0
0
128
3
0
0
127
4
0
0
128
5
0
0
128
6
0
0
128
7
0
0
128
8
0
0
128
9
0
0
128
10
0
0
128
11
0
0
128
12
0
0
127
13
0
0
127
14
0
0
127
15
0
0
127
16
0
0
127
17
0
0
127
18
0
0
128
19
0
0
127
20
0
0
127
21
0
0
128
22
0
0
127
23
0
0
127
24
0
0
128
25
0
0
128
26
0
0
127
27
0
0
127
28
0
0
128
29
0
0
128
30
0
0
128
31
0
0
127
32
0
0
127
33
0
0
128
34
0
0
128
35
0
0
128
36
0
0
127
37
0
0
128
38
0
0
128
39
0
0
127
40
0
0
128
41
0
0
127
42
0
0
128
43
0
0
127
44
0
0
127
45
0
0
127
46
0
0
127
47
0
0
127
48
0
0
128
49
0
0
127
50
0
0
127
51
0
0
127
52
0
0
127
53
0
0
127
54
0
0
127
55
0
0
127
56
0
0
127
57
0
0
127
58
0
0
128
59
0
0
127
60
0
0
128
61
0
0
128
62
0
0
128
63
0
0
128
64
0
0
127
65
0
0
127
66
0
0
127
67
0
0
127
68
0
0
127
69
0
0
127
70
0
0
127
71
0
0
127
72
0
0
127
73
0
0
127
74
0
0
127
75
0
0
127
76
0
0
127
77
0
0
127
78
0
0
127
79
0
0
127
80
0
0
127
81
0
0
127
82
0
0
127
83
0
0
127
84
0
0
127
85
0
0
127
86
0
0
127
87
0
0
127
88
0
0
127
89
0
0
128
90
0
0
127
91
0
0
128
92
0
0
128
93
0
0
128
94
0
0
128
95
0
0
128
96
0
0
128
97
0
0
127
98
0
0
127
99
0
0
127
100
0
0
127
101
0
0
127
102
0
0
127
103
0
0
127
104
0
0
127
105
0
0
127
106
0
0
127
107
0
0
127
108
0
0
127
109
0
0
127
110
0
0
128
111
0
0
127
112
0
0
127
113
0
0
128
114
0
0
128
115
0
0
127
116
0
0
127
117
0
0
127
118
0
0
127
119
0
0
127
120
0
0
128
121
0
0
128
122
0
0
127
123
0
0
128
124
0
0
128
125
0
0
128
126
0
0
127
127
0
0
128
128
0
0
128
129
0
0
128
130
0
0
127
131
0
0
128
132
0
0
128
133
0
0
127
134
0
0
127
135
0
0
128
136
0
0
128
137
0
0
127
138
0
0
128
139
0
0
127
140
0
0
127
141
0
0
127
142
0
0
127
143
0
0
127
144
0
0
127
145
0
0
128
146
0
0
127
147
0
0
127
148
0
0
128
149
0
0
127
150
0
0
127
151
0
0
127
152
0
0
128
153
0
0
127
154
0
0
127
155
0
0
127
156
0
0
128
157
0
0
127
158
0
0
127
159
0
0
128
160
0
0
127
161
0
0
127
162
0
0
127
163
0
0
127
164
0
0
127
165
0
0
127
166
0
0
127
167
0
0
127
168
0
0
127
169
0
0
127
170
0
0
127
171
0
0
127
172
0
0
127
173
0
0
127
174
0
0
127
175
0
0
127
176
0
0
127
177
0
0
127
178
0
0
127
179
0
0
127
180
0
0
127
181
0
0
127
182
0
0
127
183
0
0
127
184
0
0
127
185
0
0
127
186
0
0
127
187
0
0
127
188
0
0
128
189
0
0
128
190
0
0
127
191
0
0
128
192
0
0
127
193
0
0
128
194
0
0
127
195
0
0
127
196
0
0
127
197
0
0
128
198
0
0
127
199
0
0
127
200
0
0
128
201
0
0
128
202
0
0
128
203
0
0
127
204
0
0
128
205
0
0
127
206
0
0
127
207
0
0
127
208
0
0
127
209
0
0
127
210
0
0
127
211
0
0
127
212
0
0
127
213
0
0
127
214
0
0
128
215
0
0
128
216
0
0
128
217
0
0
127
218
0
0
127
219
0
0
127
220
0
0
127
221
0
0
127
222
0
0
127
223
0
0
127
224
0
0
127
225
0
0
127
226
0
0
127
227
0
0
127
228
0
0
127
229
0
0
127
230
0
0
127
231
0
0
127
232
0
0
127
233
0
0
128
234
0
0
128
235
0
0
128
236
0
0
128
237
0
0
127
238
0
0
127
239
0
0
127
240
0
0
127
241
0
0
127
242
0
0
128
243
0
0
128
244
0
0
128
245
0
0
128
246
0
0
128
247
0
0
127
248
0
0
127
249
0
0
127
250
0
0
127
251
0
0
127
252
0
0
128
253
0
0
128
254
0
0
127
255
0
0
127
0
0
0
128
1
0
0
127
2
0
0
127
3
0
0
127
4
0
0
127
5
0
0
127
6
0
0
127
7
0
0
127
8
0
0
127
9
0
0
128
10
0
0
128
11
0
0
127
12
0
0
128
13
0
0
128
14
0
0
127
15
0
0
128
16
0
0
128
17
0
0
128
18
0
0
127
19
0
0
128
20
0
0
128
21
0
0
127
22
0
0
127
23
0
0
127
24
0
0
127
25
0
0
127
26
0
0
127
27
0
0
128
28
0
0
127
29
0
0
127
30
0
0
127
31
0
0
127
32
0
0
127
33
0
0
127
34
0
0
127
35
0
0
127
36
0
0
127
37
0
0
127
38
0
0
127
39
0
0
128
40
0
0
127
41
0
0
127
42
0
0
127
43
0
0
128
44
0
0
127
45
0
0
127
46
0
0
127
47
0
0
127
48
0
0
127
49
0
0
127
50
0
0
127
51
0
0
127
52
0
0
127
53
0
0
127
54
0
0
127
55
0
0
128
56
0
0
128
57
0
0
127
58
0
0
127
59
0
0
128
60
0
0
128
61
0
0
127
62
0
0
127
63
0
0
127
64
0
0
127
65
0
0
127
66
0
0
127
67
0
0
128
68
0
0
127
69
0
0
127
70
0
0
127
71
0
0
128
72
0
0
128
73
0
0
128
74
0
0
129
75
0
0
129
76
0
0
129
77
0
0
129
78
0
0
129
79
0
0
129
80
0
0
129
81
0
0
129
82
0
0
128
83
0
0
127
84
0
0
127
85
0
0
127
86
0
0
127
87
0
0
127
88
0
0
127
89
0
0
127
90
0
0
127
91
0
0
127
92
0
0
127
93
0
0
127
94
0
0
127
95
0
0
127
96
0
0
127
97
0
0
127
98
0
0
128
99
0
0
127
100
0
0
127
101
0
0
127
102
0
0
127
103
0
0
128
104
0
0
127
105
0
0
128
106
0
0
128
107
0
0
128
108
0
0
128
109
0
0
128
110
0
0
128
111
0
0
127
112
0
0
127
113
0
0
128
114
0
0
128
115
0
0
128
116
0
0
128
117
0
0
128
118
0
0
128
119
0
0
127
120
0
0
127
121
0
0
127
122
0
0
127
123
0
0
127
124
0
0
127
125
0
0
127
126
0
0
127
127
0
0
127
128
0
0
127
129
0
0
127
130
0
0
127
131
0
0
127
132
0
0
127
133
0
0
127
134
0
0
127
135
0
0
127
136
0
0
127
137
0
0
127
138
0
0
127
139
0
0
128
140
0
0
128
141
0
0
127
142
0
0
127
143
0
0
127
144
0
0
127
145
0
0
127
146
0
0
127
147
0
0
127
148
0
0
127
149
0
0
127
150
0
0
127
151
0
0
128
152
0
0
127
153
0
0
128
154
0
0
127
155
0
0
128
156
0
0
128
157
0
0
128
158
0
0
128
159
0
0
128
160
0
0
128
161
0
0
127
162
0
0
127
163
0
0
127
164
0
0
127
165
0
0
127
166
0
0
127
167
0
0
127
168
0
0
128
169
0
0
128
170
0
0
128
171
0
0
128
172
0
0
127
173
0
0
128
174
0
0
127
175
0
0
127
176
0
0
127
177
0
0
127
178
0
0
127
179
0
0
127
180
0
0
127
181
0
0
127
182
0
0
127
183
0
0
127
184
0
0
127
185
0
0
127
186
0
0
127
187
0
0
127
188
0
0
127
189
0
0
127
190
0
0
127
191
0
0
128
192
0
0
128
193
0
0
128
194
0
0
127
195
0
0
127
196
0
0
127
197
0
0
127
198
0
0
127
199
0
0
127
200
0
0
127
201
0
0
127
202
0
0
128
203
0
0
128
204
0
0
127
205
0
0
127
206
0
0
127
207
0
0
127
208
0
0
127
209
0
0
127
210
0
0
127
211
0
0
127
212
0
0
128
213
0
0
127
214
0
0
127
215
0
0
127
216
0
0
127
217
0
0
128
218
0
0
127
219
0
0
127
220
0
0
128
221
0
0
127
222
0
0
127
223
0
0
127
224
0
0
127
225
0
0
127
226
0
0
128
227
0
0
128
228
0
0
128
229
0
0
128
230
0
0
129
231
0
0
129
232
0
0
128
233
0
0
127
234
0
0
127
235
0
0
127
236
0
0
127
237
0
0
127
238
0
0
127
239
0
0
127
240
0
0
127
241
0
0
127
242
0
0
127
243
0
0
127
244
0
0
127
245
0
0
127
246
0
0
127
247
0
0
127
248
0
0
128
249
0
0
127
250
0
0
128
251
0
0
127
252
0
0
127
253
0
0
128
254
0
0
127
255
0
0
127
0
0
0
127
1
0
0
127
2
0
0
127
3
0
0
127
4
0
0
127
5
0
0
128
6
0
0
127
7
0
0
127
8
0
0
128
9
0
0
128
10
0
0
129
11
0
0
130
12
0
0
131
13
0
0
131
14
0
0
132
15
0
0
132
16
0
0
132
17
0
0
132
18
0
0
132
19
0
0
132
20
0
0
131
21
0
0
131
22
0
0
130
23
0
0
129
24
0
0
128
25
0
0
127
26
0
0
127
27
0
0
127
28
0
0
127
29
0
0
127
30
0
0
128
31
0
0
127
32
0
0
128
33
0
0
127
34
0
0
128
35
0
0
129
36
0
0
130
37
0
0
131
38
0
0
131
39
0
0
132
40
0
0
132
41
0
0
132
42
0
0
132
43
0
0
132
44
0
0
131
45
0
0
130
46
0
0
129
47
0
0
128
48
0
0
127
49
0
0
127
50
0
0
127
51
0
0
127
52
0
0
127
53
0
0
128
54
0
0
127
55
0
0
128
56
0
0
128
57
0
0
128
58
0
0
128
59
0
0
129
60
0
0
129
61
0
0
129
62
0
0
129
63
0
0
129
64
0
0
129
65
0
0
129
66
0
0
129
67
0
0
129
68
0
0
129
69
0
0
129
70
0
0
128
71
0
0
128
72
0
0
128
73
0
0
127
74
0
0
128
75
0
0
128
76
0
0
128
77
0
0
127
78
0
0
127
79
0
0
128
80
0
0
127
81
0
0
128
82
0
0
128
83
0
0
128
84
0
0
128
85
0
0
127
86
0
0
128
87
0
0
128
88
0
0
127
89
0
0
127
90
0
0
127
91
0
0
127
92
0
0
127
93
0
0
127
94
0
0
127
95
0
0
127
96
0
0
127
97
0
0
127
98
0
0
127
99
0
0
127
100
0
0
128
101
0
0
128
102
0
0
128
103
0
0
127
104
0
0
128
105
0
0
127
106
0
0
128
107
0
0
128
108
0
0
128
109
0
0
128
110
0
0
129
111
0
0
129
112
0
0
130
113
0
0
130
114
0
0
130
115
0
0
130
116
0
0
130
117
0
0
130
118
0
0
130
119
0
0
129
120
0
0
128
121
0
0
127
122
0
0
128
123
0
0
128
124
0
0
128
125
0
0
127
126
0
0
127
127
0
0
128
128
0
0
128
129
0
0
128
130
0
0
128
131
0
0
128
132
0
0
128
133
0
0
128
134
0
0
127
135
0
0
127
136
0
0
127
137
0
0
127
138
0
0
127
139
0
0
127
140
0
0
127
141
0
0
127
142
0
0
128
143
0
0
127
144
0
0
127
145
0
0
127
146
0
0
128
147
0
0
127
148
0
0
128
149
0
0
127
150
0
0
128
151
0
0
127
152
0
0
127
153
0
0
127
154
0
0
127
155
0
0
127
156
0
0
127
157
0
0
127
158
0
0
127
159
0
0
127
160
0
0
127
161
0
0
128
162
0
0
128
163
0
0
128
164
0
0
127
165
0
0
128
166
0
0
128
167
0
0
128
168
0
0
128
169
0
0
128
170
0
0
128
171
0
0
128
172
0
0
128
173
0
0
128
174
0
0
128
175
0
0
128
176
0
0
127
177
0
0
128
178
0
0
128
179
0
0
128
180
0
0
128
181
0
0
128
182
0
0
127
183
0
0
128
184
0
0
127
185
0
0
128
186
0
0
128
187
0
0
128
188
0
0
128
189
0
0
128
190
0
0
128
191
0
0
128
192
0
0
128
193
0
0
128
194
0
0
128
195
0
0
128
196
0
0
127
197
0
0
128
198
0
0
127
199
0
0
128
200
0
0
127
201
0
0
128
202
0
0
128
203
0
0
129
204
0
0
129
205
0
0
128
206
0
0
128
207
0
0
128
208
0
0
127
209
0
0
127
210
0
0
127
211
0
0
127
212
0
0
127
213
0
0
127
214
0
0
127
215
0
0
127
216
0
0
127
217
0
0
127
218
0
0
127
219
0
0
128
220
0
0
128
221
0
0
128
222
0
0
128
223
0
0
128
224
0
0
128
225
0
0
128
226
0
0
128
227
0
0
128
228
0
0
128
229
0
0
127
230
0
0
128
231
0
0
127
232
0
0
127
233
0
0
127
234
0
0
127
235
0
0
127
236
0
0
127
237
0
0
127
238
0
0
127
239
0
0
127
240
0
0
127
241
0
0
128
242
0
0
128
243
0
0
127
244
0
0
128
245
0
0
128
246
0
0
128
247
0
0
128
248
0
0
127
249
0
0
127
250
0
0
127
251
0
0
128
252
0
0
128
253
0
0
127
254
0
0
128
255
0
0
127
0
0
0
127
1
0
0
127
2
0
0
128
3
0
0
128
4
0
0
127
5
0
0
127
6
0
0
128
7
0
0
127
8
0
0
128
9
0
0
127
10
0
0
128
11
0
0
127
12
0
0
128
13
0
0
127
14
0
0
127
15
0
0
128
16
0
0
128
17
0
0
128
18
0
0
127
19
0
0
127
20
0
0
127
21
0
0
127
22
0
0
127
23
0
0
127
24
0
0
127
25
0
0
127
26
0
0
127
27
0
0
127
28
0
0
127
29
0
0
127
30
0
0
127
31
0
0
127
32
0
0
127
33
0
0
127
34
0
0
127
35
0
0
127
36
0
0
127
37
0
0
127
38
0
0
127
39
0
0
127
40
0
0
127
41
0
0
127
42
0
0
127
43
0
0
127
44
0
0
127
45
0
0
127
46
0
0
128
47
0
0
127
48
0
0
127
49
0
0
127
50
0
0
128
51
0
0
127
52
0
0
127
53
0
0
127
54
0
0
127
55
0
0
127
56
0
0
127
57
0
0
127
58
0
0
128
59
0
0
127
60
0
0
127
61
0
0
127
62
0
0
128
63
0
0
127
64
0
0
128
65
0
0
128
66
0
0
128
67
0
0
127
68
0
0
128
69
0
0
127
70
0
0
127
71
0
0
127
72
0
0
127
73
0
0
127
74
0
0
127
75
0
0
127
76
0
0
127
77
0
0
127
78
0
0
128
79
0
0
128
80
0
0
127
81
0
0
128
82
0
0
128
83
0
0
128
84
0
0
128
85
0
0
128
86
0
0
128
87
0
0
128
88
0
0
128
89
0
0
127
90
0
0
127
91
0
0
127
92
0
0
127
93
0
0
127
94
0
0
127
95
0
0
128
96
0
0
128
97
0
0
128
98
0
0
128
99
0
0
128
100
0
0
128
101
0
0
127
102
0
0
128
103
0
0
127
104
0
0
127
105
0
0
127
106
0
0
128
107
0
0
128
108
0
0
128
109
0
0
127
110
0
0
128
111
0
0
128
112
0
0
128
113
0
0
127
114
0
0
128
115
0
0
127
116
0
0
128
117
0
0
128
118
0
0
128
119
0
0
128
120
0
0
128
121
0
0
127
122
0
0
127
123
0
0
127
124
0
0
128
125
0
0
128
126
0
0
128
127
0
0
128
128
0
0
127
129
0
0
127
130
0
0
127
131
0
0
127
132
0
0
127
133
0
0
127
134
0
0
127
135
0
0
127
136
0
0
127
137
0
0
127
138
0
0
128
139
0
0
127
140
0
0
127
141
0
0
127
142
0
0
127
143
0
0
127
144
0
0
128
145
0
0
128
146
0
0
127
147
0
0
127
148
0
0
127
149
0
0
127
150
0
0
127
151
0
0
127
152
0
0
127
153
0
0
127
154
0
0
127
155
0
0
127
156
0
0
127
157
0
0
127
158
0
0
127
159
0
0
127
160
0
0
127
161
0
0
127
162
0
0
127
163
0
0
127
164
0
0
127
165
0
0
127
166
0
0
127
167
0
0
127
168
0
0
127
169
0
0
127
170
0
0
128
171
0
0
128
172
0
0
127
173
0
0
128
174
0
0
127
175
0
0
127
176
0
0
127
177
0
0
128
178
0
0
128
179
0
0
128
180
0
0
128
181
0
0
128
182
0
0
128
183
0
0
128
184
0
0
128
185
0
0
128
186
0
0
127
187
0
0
127
188
0
0
127
189
0
0
128
190
0
0
128
191
0
0
128
192
0
0
127
193
0
0
127
194
0
0
128
195
0
0
128
196
0
0
128
197
0
0
127
198
0
0
127
199
0
0
128
200
0
0
127
201
0
0
127
202
0
0
127
203
0
0
127
204
0
0
127
205
0
0
127
206
0
0
127
207
0
0
127
208
0
0
127
209
0
0
127
210
0
0
127
211
0
0
127
212
0
0
127
213
0
0
128
214
0
0
128
215
0
0
127
216
0
0
128
217
0
0
127
218
0
0
127
219
0
0
127
220
0
0
127
221
0
0
127
222
0
0
127
223
0
0
128
224
0
0
127
225
0
0
127
226
0
0
127
227
0
0
127
228
0
0
127
229
0
0
127
230
0
0
127
231
0
0
127
232
0
0
128
233
0
0
128
234
0
0
127
235
0
0
127
236
0
0
127
237
0
0
128
238
0
0
127
239
0
0
128
240
0
0
127
241
0
0
128
242
0
0
128
243
0
0
128
244
0
0
128
245
0
0
128
246
0
0
128
247
0
0
128
248
0
0
128
249
0
0
128
250
0
0
128
251
0
0
128
252
0
0
127
253
0
0
127
254
0
0
128
255
0
0
127
0
0
0
128
1
0
0
128
2
0
0
127
3
0
0
128
4
0
0
128
5
0
0
128
6
0
0
128
7
0
0
128
8
0
0
127
9
0
0
127
10
0
0
127
11
0
0
128
12
0
0
127
13
0
0
128
14
0
0
128
15
0
0
128
16
0
0
127
17
0
0
128
18
0
0
128
19
0
0
128
20
0
0
127
21
0
0
127
22
0
0
127
23
0
0
127
24
0
0
127
25
0
0
127
26
0
0
127
27
0
0
127
28
0
0
127
29
0
0
128
30
0
0
128
31
0
0
128
32
0
0
127
33
0
0
128
34
0
0
127
35
0
0
128
36
0
0
127
37
0
0
127
38
0
0
127
39
0
0
127
40
0
0
127
41
0
0
127
42
0
0
127
43
0
0
127
44
0
0
128
45
0
0
127
46
0
0
128
47
0
0
128
48
0
0
127
49
0
0
127
50
0
0
127
51
0
0
127
52
0
0
128
53
0
0
128
54
0
0
128
55
0
0
127
56
0
0
127
57
0
0
127
58
0
0
128
59
0
0
128
60
0
0
128
61
0
0
127
62
0
0
127
63
0
0
128
64
0
0
127
65
0
0
128
66
0
0
127
67
0
0
127
68
0
0
127
69
0
0
127
70
0
0
127
71
0
0
128
72
0
0
127
73
0
0
127
74
0
0
127
75
0
0
127
76
0
0
127
77
0
0
127
78
0
0
127
79
0
0
127
80
0
0
127
81
0
0
127
82
0
0
127
83
0
0
127
84
0
0
127
85
0
0
127
86
0
0
127
87
0
0
127
88
0
0
127
89
0
0
128
90
0
0
127
91
0
0
127
92
0
0
127
93
0
0
127
94
0
0
127
95
0
0
127
96
0
0
127
97
0
0
127
98
0
0
127
99
0
0
127
100
0
0
128
101
0
0
127
102
0
0
127
103
0
0
127
104
0
0
127
105
0
0
127
106
0
0
127
107
0
0
127
108
0
0
127
109
0
0
127
110
0
0
127
111
0
0
127
112
0
0
127
113
0
0
127
114
0
0
127
115
0
0
127
116
0
0
127
117
0
0
127
118
0
0
127
119
0
0
127
120
0
0
127
121
0
0
127
122
0
0
127
123
0
0
127
124
0
0
127
125
0
0
127
126
0
0
127
127
0
0
127
128
0
0
127
129
0
0
127
130
0
0
127
131
0
0
127
132
0
0
127
133
0
0
127
134
0
0
127
135
0
0
127
136
0
0
127
137
0
0
127
138
0
0
127
139
0
0
127
140
0
0
127
141
0
0
127
142
0
0
127
143
0
0
127
144
0
0
127
145
0
0
127
146
0
0
127
147
0
0
127
148
0
0
127
149
0
0
128
150
0
0
127
151
0
0
128
152
0
0
127
153
0
0
127
154
0
0
128
155
0
0
128
156
0
0
127
157
0
0
127
158
0
0
127
159
0
0
127
160
0
0
127
161
0
0
127
162
0
0
127
163
0
0
127
164
0
0
127
165
0
0
127
166
0
0
127
167
0
0
127
168
0
0
127
169
0
0
128
170
0
0
127
171
0
0
127
172
0
0
127
173
0
0
128
174
0
0
127
175
0
0
127
176
0
0
128
177
0
0
127
178
0
0
127
179
0
0
127
180
0
0
127
181
0
0
127
182
0
0
127
183
0
0
127
184
0
0
127
185
0
0
127
186
0
0
127
187
0
0
127
188
0
0
127
189
0
0
127
190
0
0
127
191
0
0
127
192
0
0
127
193
0
0
127
194
0
0
127
195
0
0
127
196
0
0
127
197
0
0
127
198
0
0
127
199
0
0
127
200
0
0
128
201
0
0
128
202
0
0
128
203
0
0
128
204
0
0
127
205
0
0
128
206
0
0
128
207
0
0
128
208
0
0
127
209
0
0
127
210
0
0
127
211
0
0
127
212
0
0
127
213
0
0
127
214
0
0
128
215
0
0
127
216
0
0
128
217
0
0
128
218
0
0
128
219
0
0
128
220
0
0
128
221
0
0
128
222
0
0
127
223
0
0
128
224
0
0
128
225
0
0
128
226
0
0
127
227
0
0
127
228
0
0
127
229
0
0
127
230
0
0
127
231
0
0
127
232
0
0
127
233
0
0
127
234
0
0
128
235
0
0
128
236
0
0
128
237
0
0
128
238
0
0
127
239
0
0
128
240
0
0
128
241
0
0
128
242
0
0
127
243
0
0
128
244
0
0
127
245
0
0
127
246
0
0
127
247
0
0
127
248
0
0
127
249
0
0
128
250
0
0
127
251
0
0
127
252
0
0
127
253
0
0
127
254
0
0
128
255
0
0
127
0
0
0
128
1
0
0
128
2
0
0
129
3
0
0
129
4
0
0
129
5
0
0
129
6
0
0
129
7
0
0
130
8
0
0
130
9
0
0
130
10
0
0
130
11
0
0
130
12
0
0
130
13
0
0
130
14
0
0
130
15
0
0
130
16
0
0
129
17
0
0
128
18
0
0
127
19
0
0
128
20
0
0
128
21
0
0
127
22
0
0
127
23
0
0
127
24
0
0
127
25
0
0
128
26
0
0
128
27
0
0
128
28
0
0
128
29
0
0
128
30
0
0
127
31
0
0
127
32
0
0
127
33
0
0
127
34
0
0
127
35
0
0
127
36
0
0
127
37
0
0
127
38
0
0
127
39
0
0
127
40
0
0
127
41
0
0
127
42
0
0
127
43
0
0
127
44
0
0
127
45
0
0
127
46
0
0
127
47
0
0
127
48
0
0
127
49
0
0
127
50
0
0
127
51
0
0
127
52
0
0
127
53
0
0
127
54
0
0
127
55
0
0
127
56
0
0
127
57
0
0
127
58
0
0
127
59
0
0
127
60
0
0
127
61
0
0
127
62
0
0
127
63
0
0
127
64
0
0
127
65
0
0
127
66
0
0
127
67
0
0
127
68
0
0
127
69
0
0
127
70
0
0
127
71
0
0
127
72
0
0
127
73
0
0
127
74
0
0
128
75
0
0
128
76
0
0
128
77
0
0
128
78
0
0
128
79
0
0
127
80
0
0
127
81
0
0
127
82
0
0
128
83
0
0
127
84
0
0
127
85
0
0
127
86
0
0
127
87
0
0
127
88
0
0
127
89
0
0
127
90
0
0
127
91
0
0
127
92
0
0
127
93
0
0
127
94
0
0
127
95
0
0
127
96
0
0
127
97
0
0
127
98
0
0
127
99
0
0
127
100
0
0
128
101
0
0
127
102
0
0
127
103
0
0
128
104
0
0
128
105
0
0
128
106
0
0
127
107
0
0
128
108
0
0
128
109
0
0
128
110
0
0
128
111
0
0
127
112
0
0
127
113
0
0
127
114
0
0
127
115
0
0
127
116
0
0
127
117
0
0
127
118
0
0
127
119
0
0
127
120
0
0
127
121
0
0
127
122
0
0
128
123
0
0
127
124
0
0
127
125
0
0
127
126
0
0
127
127
0
0
127
128
0
0
127
129
0
0
128
130
0
0
127
131
0
0
127
132
0
0
127
133
0
0
127
134
0
0
127
135
0
0
127
136
0
0
127
137
0
0
127
138
0
0
127
139
0
0
127
140
0
0
127
141
0
0
127
142
0
0
127
143
0
0
127
144
0
0
127
145
0
0
127
146
0
0
127
147
0
0
127
148
0
0
127
149
0
0
127
150
0
0
127
151
0
0
127
152
0
0
127
153
0
0
127
154
0
0
127
155
0
0
127
156
0
0
127
157
0
0
127
158
0
0
127
159
0
0
127
160
0
0
127
161
0
0
127
162
0
0
127
163
0
0
127
164
0
0
127
165
0
0
128
166
0
0
127
167
0
0
127
168
0
0
127
169
0
0
127
170
0
0
128
171
0
0
127
172
0
0
127
173
0
0
127
174
0
0
127
175
0
0
127
176
0
0
128
177
0
0
127
178
0
0
127
179
0
0
127
180
0
0
127
181
0
0
127
182
0
0
127
183
0
0
128
184
0
0
127
185
0
0
127
186
0
0
128
187
0
0
128
188
0
0
127
189
0
0
127
190
0
0
127
191
0
0
127
192
0
0
127
193
0
0
127
194
0
0
127
195
0
0
127
196
0
0
127
197
0
0
127
198
0
0
127
199
0
0
127
200
0
0
128
201
0
0
128
202
0
0
127
203
0
0
127
204
0
0
128
205
0
0
127
206
0
0
127
207
0
0
127
208
0
0
127
209
0
0
127
210
0
0
127
211
0
0
127
212
0
0
127
213
0
0
127
214
0
0
127
215
0
0
127
216
0
0
127
217
0
0
127
218
0
0
127
219
0
0
127
220
0
0
127
221
0
0
127
222
0
0
127
223
0
0
127
224
0
0
127
225
0
0
127
226
0
0
127
227
0
0
127
228
0
0
127
229
0
0
127
230
0
0
127
231
0
0
127
232
0
0
127
233
0
0
127
234
0
0
127
235
0
0
127
236
0
0
127
237
0
0
127
238
0
0
127
239
0
0
127
240
0
0
127
241
0
0
127
242
0
0
127
243
0
0
127
244
0
0
127
245
0
0
127
246
0
0
127
247
0
0
127
248
0
0
127
249
0
0
127
250
0
0
127
251
0
0
127
252
0
0
128
253
0
0
127
254
0
0
127
255
0
0
127
0
0
0
127
1
0
0
127
2
0
0
127
3
0
0
127
4
0
0
127
5
0
0
127
6
0
0
127
7
0
0
127
8
0
0
127
9
0
0
128
10
0
0
127
11
0
0
127
12
0
0
127
13
0
0
127
14
0
0
127
15
0
0
127
16
0
0
127
17
0
0
127
18
0
0
127
19
0
0
127
20
0
0
127
21
0
0
127
22
0
0
127
23
0
0
127
24
0
0
127
25
0
0
127
26
0
0
127
27
0
0
127
28
0
0
127
29
0
0
127
30
0
0
127
31
0
0
127
32
0
0
127
33
0
0
127
34
0
0
127
35
0
0
127
36
0
0
127
37
0
0
127
38
0
0
127
39
0
0
127
40
0
0
127
41
0
0
127
42
0
0
127
43
0
0
127
44
0
0
127
45
0
0
127
46
0
0
127
47
0
0
127
48
0
0
127
49
0
0
127
50
0
0
127
51
0
0
127
52
0
0
127
53
0
0
127
54
0
0
127
55
0
0
127
56
0
0
127
57
0
0
127
58
0
0
127
59
0
0
127
60
0
0
127
61
0
0
127
62
0
0
127
63
0
0
127
64
0
0
127
65
0
0
127
66
0
0
127
67
0
0
127
68
0
0
127
69
0
0
127
70
0
0
127
71
0
0
127
72
0
0
127
73
0
0
127
74
0
0
127
75
0
0
127
76
0
0
127
77
0
0
127
78
0
0
127
79
0
0
127
80
0
0
127
81
0
0
127
82
0
0
127
83
0
0
127
84
0
0
127
85
0
0
127
86
0
0
127
87
0
0
127
88
0
0
127
89
0
0
127
90
0
0
127
91
0
0
127
92
0
0
127
93
0
0
128
94
0
0
127
95
0
0
127
96
0
0
127
97
0
0
127
98
0
0
127
99
0
0
127
100
0
0
127
101
0
0
127
102
0
0
127
103
0
0
127
104
0
0
127
105
0
0
127
106
0
0
127
107
0
0
127
108
0
0
127
109
0
0
127
110
0
0
128
111
0
0
127
112
0
0
127
113
0
0
127
114
0
0
127
115
0
0
127
116
0
0
127
117
0
0
127
118
0
0
127
119
0
0
127
120
0
0
127
121
0
0
127
122
0
0
127
123
0
0
127
124
0
0
127
125
0
0
127
126
0
0
127
127
0
0
127
128
0
0
127
129
0
0
127
130
0
0
127
131
0
0
127
132
0
0
127
133
0
0
127
134
0
0
127
135
0
0
127
136
0
0
127
137
0
0
127
138
0
0
127
139
0
0
127
140
0
0
127
141
0
0
127
142
0
0
127
143
0
0
127
144
0
0
127
145
0
0
127
146
0
0
127
147
0
0
127
148
0
0
128
149
0
0
127
150
0
0
127
151
0
0
127
152
0
0
127
153
0
0
127
154
0
0
127
155
0
0
127
156
0
0
127
157
0
0
127
158
0
0
127
159
0
0
127
160
0
0
127
161
0
0
127
162
0
0
127
163
0
0
127
164
0
0
127
165
0
0
127
166
0
0
127
167
0
0
127
168
0
0
127
169
0
0
127
170
0
0
127
171
0
0
127
172
0
0
127
173
0
0
127
174
0
0
127
175
0
0
127
176
0
0
127
177
0
0
127
178
0
0
127
179
0
0
128
180
0
0
127
181
0
0
127
182
0
0
127
183
0
0
127
184
0
0
127
185
0
0
127
186
0
0
127
187
0
0
127
188
0
0
127
189
0
0
127
190
0
0
127
191
0
0
127
192
0
0
127
193
0
0
127
194
0
0
127
195
0
0
127
196
0
0
127
197
0
0
127
198
0
0
127
199
0
0
127
200
0
0
127
201
0
0
127
202
0
0
127
203
0
0
127
204
0
0
127
205
0
0
127
206
0
0
127
207
0
0
127
208
0
0
127
209
0
0
127
210
0
0
127
211
0
0
127
212
0
0
127
213
0
0
127
214
0
0
127
215
0
0
127
216
0
0
127
217
0
0
127
218
0
0
127
219
0
0
127
220
0
0
127
221
0
0
127
222
0
0
127
223
0
0
127
224
0
0
127
225
0
0
127
226
0
0
127
227
0
0
127
228
0
0
127
229
0
0
127
230
0
0
127
231
0
0
127
232
0
0
127
233
0
0
127
234
0
0
127
235
0
0
127
236
0
0
127
237
0
0
127
238
0
0
127
239
0
0
127
240
0
0
127
241
0
0
127
242
0
0
127
243
0
0
127
244
0
0
127
245
0
0
127
246
0
0
127
247
0
0
127
248
0
0
127
249
0
0
127
250
0
0
127
251
0
0
127
252
0
0
127
253
0
0
127
254
0
0
127
255
0
0
127
0
0
0
127
1
0
0
128
2
0
0
127
3
0
0
127
4
0
0
127
5
0
0
127
6
0
0
127
7
0
0
127
8
0
0
127
9
0
0
127
10
0
0
127
11
0
0
127
12
0
0
127
13
0
0
127
14
0
0
127
15
0
0
127
16
0
0
127
17
0
0
127
18
0
0
127
19
0
0
127
20
0
0
127
21
0
0
127
22
0
0
127
23
0
0
127
24
0
0
127
25
0
0
127
26
0
0
127
27
0
0
127
28
0
0
127
29
0
0
127
30
0
0
127
31
0
0
127
32
0
0
127
33
0
0
127
34
0
0
127
35
0
0
127
36
0
0
127
37
0
0
127
38
0
0
127
39
0
0
127
40
0
0
127
41
0
0
127
42
0
0
127
43
0
0
127
44
0
0
127
45
0
0
127
46
0
0
127
47
0
0
127
48
0
0
127
49
0
0
128
50
0
0
127
51
0
0
127
52
0
0
127
53
0
0
128
54
0
0
127
55
0
0
127
56
0
0
127
57
0
0
127
58
0
0
127
59
0
0
127
60
0
0
127
61
0
0
127
62
0
0
127
63
0
0
127
64
0
0
128
65
0
0
127
66
0
0
127
67
0
0
127
68
0
0
127
69
0
0
127
70
0
0
127
71
0
0
127
72
0
0
127
73
0
0
127
74
0
0
127
75
0
0
127
76
0
0
127
77
0
0
127
78
0
0
127
79
0
0
127
80
0
0
127
81
0
0
127
82
0
0
127
83
0
0
127
84
0
0
127
85
0
0
127
86
0
0
127
87
0
0
127
88
0
0
127
89
0
0
127
90
0
0
127
91
0
0
127
92
0
0
127
93
0
0
127
94
0
0
127
95
0
0
127
96
0
0
127
97
0
0
127
98
0
0
127
99
0
0
127
100
0
0
127
101
0
0
127
102
0
0
127
103
0
0
127
104
0
0
127
105
0
0
127
106
0
0
127
107
0
0
127
108
0
0
127
109
0
0
127
110
0
0
127
111
0
0
127
112
0
0
127
113
0
0
127
114
0
0
127
115
0
0
127
116
0
0
127
117
0
0
127
118
0
0
127
119
0
0
127
120
0
0
127
121
0
0
127
122
0
0
127
123
0
0
127
124
0
0
127
125
0
0
127
126
0
0
127
127
0
0
127
128
0
0
127
129
0
0
127
130
0
0
127
131
0
0
127
132
0
0
127
133
0
0
127
134
0
0
127
135
0
0
127
136
0
0
127
137
0
0
127
138
0
0
127
139
0
0
127
140
0
0
127
141
0
0
127
142
0
0
127
143
0
0
127
144
0
0
127
145
0
0
127
146
0
0
127
147
0
0
127
148
0
0
127
149
0
0
127
150
0
0
127
151
0
0
127
152
0
0
127
153
0
0
127
154
0
0
127
155
0
0
127
156
0
0
127
157
0
0
127
158
0
0
127
159
0
0
127
160
0
0
127
161
0
0
127
162
0
0
127
163
0
0
127
164
0
0
127
165
0
0
127
166
0
0
127
167
0
0
127
168
0
0
127
169
0
0
127
170
0
0
127
171
0
0
127
172
0
0
127
173
0
0
127
174
0
0
127
175
0
0
127
176
0
0
127
177
0
0
127
178
0
0
127
179
0
0
127
180
0
0
127
181
0
0
127
182
0
0
127
183
0
0
127
184
0
0
127
185
0
0
127
186
0
0
127
187
0
0
127
188
0
0
127
189
0
0
127
190
0
0
127
191
0
0
127
192
0
0
127
193
0
0
127
194
0
0
127
195
0
0
127
196
0
0
127
197
0
0
127
198
0
0
127
199
0
0
127
200
0
0
127
201
0
0
127
202
0
0
127
203
0
0
127
204
0
0
127
205
0
0
127
206
0
0
127
207
0
0
127
208
0
0
127
209
0
0
127
210
0
0
127
211
0
0
127
212
0
0
127
213
0
0
127
214
0
0
127
215
0
0
127
216
0
0
127
217
0
0
127
218
0
0
127
219
0
0
127
220
0
0
127
221
0
0
127
222
0
0
127
223
0
0
127
224
0
0
127
225
0
0
127
226
0
0
127
227
0
0
127
228
0
0
127
229
0
0
127
230
0
0
127
231
0
0
127
232
0
0
127
233
0
0
127
234
0
0
127
235
0
0
127
236
0
0
127
237
0
0
127
238
0
0
127
239
0
0
127
240
0
0
127
241
0
0
127
242
0
0
127
243
0
0
127
244
0
0
127
245
0
0
127
246
0
0
128
247
0
0
127
248
0
0
127
249
0
0
127
250
0
0
127
251
0
0
127
252
0
0
127
253
0
0
127
254
0
0
127
255
0
0
127
0
0
0
127
1
0
0
127
2
0
0
127
3
0
0
127
4
0
0
127
5
0
0
127
6
0
0
127
7
0
0
127
8
0
0
127
9
0
0
127
10
0
0
127
11
0
0
127
12
0
0
127
13
0
0
127
14
0
0
127
15
0
0
127
16
0
0
127
17
0
0
127
18
0
0
127
19
0
0
127
20
0
0
127
21
0
0
127
22
0
0
127
23
0
0
127
24
0
0
127
25
0
0
127
26
0
0
127
27
0
0
127
28
0
0
127
29
0
0
127
30
0
0
127
31
0
0
127
32
0
0
127
33
0
0
127
34
0
0
127
35
0
0
127
36
0
0
127
37
0
0
127
38
0
0
127
39
0
0
127
40
0
0
127
41
0
0
127
42
0
0
127
43
0
0
127
44
0
0
127
45
0
0
127
46
0
0
127
47
0
0
127
48
0
0
127
49
0
0
127
50
0
0
127
51
0
0
127
52
0
0
127
53
0
0
127
54
0
0
127
55
0
0
127
56
0
0
127
57
0
0
127
58
0
0
127
59
0
0
127
60
0
0
127
61
0
0
127
62
0
0
127
63
0
0
127
64
0
0
127
65
0
0
127
66
0
0
127
67
0
0
127
68
0
0
127
69
0
0
127
70
0
0
127
71
0
0
127
72
0
0
127
73
0
0
127
74
0
0
127
75
0
0
127
76
0
0
127
77
0
0
127
78
0
0
127
79
0
0
127
80
0
0
127
81
0
0
127
82
0
0
127
83
0
0
127
84
0
0
127
85
0
0
127
86
0
0
127
87
0
0
127
88
0
0
127
89
0
0
127
90
0
0
127
91
0
0
127
92
0
0
127
93
0
0
127
94
0
0
127
95
0
0
127
96
0
0
127
97
0
0
127
98
0
0
127
99
0
0
127
100
0
0
127
101
0
0
127
102
0
0
127
103
0
0
127
104
0
0
127
105
0
0
127
106
0
0
127
107
0
0
127
108
0
0
127
109
0
0
127
110
0
0
127
111
0
0
127
112
0
0
127
113
0
0
127
114
0
0
127
115
0
0
127
116
0
0
127
117
0
0
127
118
0
0
127
119
0
0
127
120
0
0
127
121
0
0
127
122
0
0
127
123
0
0
127
124
0
0
127
125
0
0
127
126
0
0
127
127
0
0
127
128
0
0
127
129
0
0
127
130
0
0
127
131
0
0
127
132
0
0
127
133
0
0
127
134
0
0
127
135
0
0
127
136
0
0
127
137
0
0
127
138
0
0
127
139
0
0
127
140
0
0
127
141
0
0
127
142
0
0
127
143
0
0
127
144
0
0
127
145
0
0
127
146
0
0
127
147
0
0
127
148
0
0
127
149
0
0
127
150
0
0
127
151
0
0
127
152
0
0
127
153
0
0
127
154
0
0
127
155
0
0
127
156
0
0
127
157
0
0
127
158
0
0
127
159
0
0
127
160
0
0
127
161
0
0
127
162
0
0
127
163
0
0
127
164
0
0
127
165
0
0
127
166
0
0
127
167
0
0
127
168
0
0
127
169
0
0
127
170
0
0
127
171
0
0
127
172
0
0
127
173
0
0
127
174
0
0
127
175
0
0
127
176
0
0
127
177
0
0
127
178
0
0
127
179
0
0
127
180
0
0
127
181
0
0
127
182
0
0
127
183
0
0
127
184
0
0
127
185
0
0
127
186
0
0
127
187
0
0
127
188
0
0
127
189
0
0
127
190
0
0
127
191
0
0
127
192
0
0
127
193
0
0
127
194
0
0
127
195
0
0
127
196
0
0
127
197
0
0
127
198
0
0
127
199
0
0
127
200
0
0
127
201
0
0
127
202
0
0
127
203
0
0
127
204
0
0
127
205
0
0
127
206
0
0
127
207
0
0
127
208
0
0
127
209
0
0
127
210
0
0
127
211
0
0
127
212
0
0
127
213
0
0
127
214
0
0
127
215
0
0
127
216
0
0
127
217
0
0
127
218
0
0
127
219
0
0
127
220
0
0
127
221
0
0
127
222
0
0
127
223
0
0
127
224
0
0
127
225
0
0
127
226
0
0
127
227
0
0
127
228
0
0
127
229
0
0
127
230
0
0
127
231
0
0
127
232
0
0
127
233
0
0
127
234
0
0
127
235
0
0
127
236
0
0
127
237
0
0
127
238
0
0
127
239
0
0
127
240
0
0
127
241
0
0
127
242
0
0
127
243
0
0
127
244
0
0
127
245
0
0
127
246
0
0
127
247
0
0
127
248
0
0
127
249
0
0
127
250
0
0
127
251
0
0
127
252
0
0
127
253
0
0
127
254
0
0
127
255
0
0
127
0
0
0
127
1
0
0
127
2
0
0
127
3
0
0
127
4
0
0
127
5
0
0
127
6
0
0
127
7
0
0
127
8
0
0
127
9
0
0
127
10
0
0
127
11
0
0
127
12
0
0
127
13
0
0
127
14
0
0
127
15
0
0
127
16
0
0
127
17
0
0
127
18
0
0
127
19
0
0
127
20
0
0
127
21
0
0
127
22
0
0
127
23
0
0
127
24
0
0
127
25
0
0
127
26
0
0
127
27
0
0
127
28
0
0
127
29
0
0
127
30
0
0
127
31
0
0
127
32
0
0
127
33
0
0
127
34
0
0
127
35
0
0
127
36
0
0
127
37
0
0
127
38
0
0
127
39
0
0
127
40
0
0
127
41
0
0
127
42
0
0
127
43
0
0
127
44
0
0
127
45
0
0
127
46
0
0
127
47
0
0
127
48
0
0
127
49
0
0
127
50
0
0
127
51
0
0
127
52
0
0
127
53
0
0
127
54
0
0
127
55
0
0
127
56
0
0
127
57
0
0
127
58
0
0
127
59
0
0
127
60
0
0
127
61
0
0
127
62
0
0
127
63
0
0
127
64
0
0
127
65
0
0
127
66
0
0
127
67
0
0
127
68
0
0
127
69
0
0
127
70
0
0
127
71
0
0
128
72
0
0
128
73
0
0
128
74
0
0
127
75
0
0
127
76
0
0
127
77
0
0
127
78
0
0
127
79
0
0
127
80
0
0
127
81
0
0
127
82
0
0
127
83
0
0
127
84
0
0
127
85
0
0
127
86
0
0
127
87
0
0
127
88
0
0
127
89
0
0
127
90
0
0
127
91
0
0
127
92
0
0
128
93
0
0
128
94
0
0
128
95
0
0
127
96
0
0
127
97
0
0
127
98
0
0
127
99
0
0
127
100
0
0
127
101
0
0
127
102
0
0
127
103
0
0
127
104
0
0
127
105
0
0
127
106
0
0
127
107
0
0
127
108
0
0
127
109
0
0
127
110
0
0
127
111
0
0
127
112
0
0
127
113
0
0
127
114
0
0
127
115
0
0
127
116
0
0
127
117
0
0
127
118
0
0
127
119
0
0
127
120
0
0
127
121
0
0
127
122
0
0
127
123
0
0
127
124
0
0
127
125
0
0
127
126
0
0
127
127
0
0
127
128
0
0
127
129
0
0
127
130
0
0
127
131
0
0
127
132
0
0
127
133
0
0
127
134
0
0
127
135
0
0
127
136
0
0
127
137
0
0
127
138
0
0
127
139
0
0
127
140
0
0
127
141
0
0
127
142
0
0
127
143
0
0
127
144
0
0
127
145
0
0
127
146
0
0
127
147
0
0
127
148
0
0
127
149
0
0
127
150
0
0
127
151
0
0
127
152
0
0
127
153
0
0
127
154
0
0
127
155
0
0
127
156
0
0
127
157
0
0
127
158
0
0
127
159
0
0
127
160
0
0
127
161
0
0
127
162
0
0
127
163
0
0
127
164
0
0
127
165
0
0
127
166
0
0
127
167
0
0
127
168
0
0
127
169
0
0
127
170
0
0
127
171
0
0
127
172
0
0
127
173
0
0
127
174
0
0
127
175
0
0
127
176
0
0
127
177
0
0
127
178
0
0
127
179
0
0
127
180
0
0
127
181
0
0
127
182
0
0
127
183
0
0
127
184
0
0
127
185
0
0
127
186
0
0
127
187
0
0
127
188
0
0
127
189
0
0
127
190
0
0
127
191
0
0
127
192
0
0
127
193
0
0
127
194
0
0
127
195
0
0
127
196
0
0
127
197
0
0
127
198
0
0
127
199
0
0
127
200
0
0
127
201
0
0
127
202
0
0
127
203
0
0
127
204
0
0
127
205
0
0
127
206
0
0
127
207
0
0
127
208
0
0
127
209
0
0
127
210
0
0
127
211
0
0
127
212
0
0
127
213
0
0
127
214
0
0
127
215
0
0
127
216
0
0
127
217
0
0
127
218
0
0
127
219
0
0
127
220
0
0
127
221
0
0
127
222
0
0
127
223
0
0
127
224
0
0
127
225
0
0
127
226
0
0
127
227
0
0
127
228
0
0
127
229
0
0
127
230
0
0
127
231
0
0
127
232
0
0
127
233
0
0
127
234
0
0
127
235
0
0
127
236
0
0
127
237
0
0
127
238
0
0
127
239
0
0
127
240
0
0
127
241
0
0
127
242
0
0
127
243
0
0
127
244
0
0
127
245
0
0
127
246
0
0
127
247
0
0
127
248
0
0
127
249
0
0
127
250
0
0
127
251
0
0
127
252
0
0
127
253
0
0
127
254
0
0
127
255
0
0
127
0
0
0
127
1
0
0
127
2
0
0
127
3
0
0
127
4
0
0
127
5
0
0
127
6
0
0
127
7
0
0
127
8
0
0
127
9
0
0
127
10
0
0
127
11
0
0
127
12
0
0
127
13
0
0
127
14
0
0
127
15
0
0
127
16
0
0
127
17
0
0
127
18
0
0
127
19
0
0
127
20
0
0
127
21
0
0
127
22
0
0
127
23
0
0
127
24
0
0
127
25
0
0
127
26
0
0
127
27
0
0
127
28
0
0
127
29
0
0
127
30
0
0
127
31
0
0
127
32
0
0
127
33
0
0
127
34
0
0
127
35
0
0
127
36
0
0
127
37
0
0
127
38
0
0
127
39
0
0
127
40
0
0
127
41
0
0
127
42
0
0
127
43
0
0
127
44
0
0
127
45
0
0
127
46
0
0
127
47
0
0
127
48
0
0
127
49
0
0
127
50
0
0
127
51
0
0
127
52
0
0
127
53
0
0
127
54
0
0
127
55
0
0
127
56
0
0
127
57
0
0
127
58
0
0
127
59
0
0
127
60
0
0
127
61
0
0
127
62
0
0
127
63
0
0
127
64
0
0
127
65
0
0
127
66
0
0
127
67
0
0
127
68
0
0
127
69
0
0
127
70
0
0
127
71
0
0
127
72
0
0
127
73
0
0
127
74
0
0
127
75
0
0
127
76
0
0
127
77
0
0
127
78
0
0
127
79
0
0
127
80
0
0
127
81
0
0
127
82
0
0
127
83
0
0
127
84
0
0
127
85
0
0
127
86
0
0
127
87
0
0
127
88
0
0
127
89
0
0
127
90
0
0
127
91
0
0
127
92
0
0
127
93
0
0
127
94
0
0
127
95
0
0
127
96
0
0
127
97
0
0
127
98
0
0
127
99
0
0
127
100
0
0
127
101
0
0
127
102
0
0
127
103
0
0
127
104
0
0
127
105
0
0
127
106
0
0
127
107
0
0
127
108
0
0
127
109
0
0
127
110
0
0
127
111
0
0
127
112
0
0
127
113
0
0
127
114
0
0
127
115
0
0
127
116
0
0
127
117
0
0
127
118
0
0
127
119
0
0
127
120
0
0
127
121
0
0
127
122
0
0
127
123
0
0
127
124
0
0
127
125
0
0
127
126
0
0
127
127
0
0
127
128
0
0
127
129
0
0
127
130
0
0
127
131
0
0
127
132
0
0
127
133
0
0
127
134
0
0
127
135
0
0
127
136
0
0
127
137
0
0
127
138
0
0
127
139
0
0
127
140
0
0
127
141
0
0
127
142
0
0
127
143
0
0
127
144
0
0
127
145
0
0
127
146
0
0
127
147
0
0
127
148
0
0
127
149
0
0
127
150
0
0
127
151
0
0
127
152
0
0
127
153
0
0
127
154
0
0
127
155
0
0
128
156
0
0
128
157
0
0
128
158
0
0
127
159
0
0
127
160
0
0
128
161
0
0
127
162
0
0
127
163
0
0
127
164
0
0
127
165
0
0
127
166
0
0
127
167
0
0
128
168
0
0
128
169
0
0
128
170
0
0
128
171
0
0
127
172
0
0
128
173
0
0
127
174
0
0
127
175
0
0
127
176
0
0
127
177
0
0
127
178
0
0
127
179
0
0
127
180
0
0
127
181
0
0
127
182
0
0
127
183
0
0
127
184
0
0
127
185
0
0
127
186
0
0
128
187
0
0
128
188
0
0
128
189
0
0
128
190
0
0
128
191
0
0
128
192
0
0
127
193
0
0
127
194
0
0
127
195
0
0
127
196
0
0
127
197
0
0
127
198
0
0
127
199
0
0
127
200
0
0
127
201
0
0
127
202
0
0
127
203
0
0
127
204
0
0
127
205
0
0
127
206
0
0
127
207
0
0
127
208
0
0
127
209
0
0
127
210
0
0
127
211
0
0
127
212
0
0
127
213
0
0
127
214
0
0
127
215
0
0
127
216
0
0
127
217
0
0
127
218
0
0
127
219
0
0
127
220
0
0
127
221
0
0
127
222
0
0
127
223
0
0
127
224
0
0
127
225
0
0
127
226
0
0
127
227
0
0
127
228
0
0
127
229
0
0
127
230
0
0
127
231
0
0
127
232
0
0
127
233
0
0
127
234
0
0
127
235
0
0
127
236
0
0
127
237
0
0
127
238
0
0
127
239
0
0
127
240
0
0
127
241
0
0
127
242
0
0
127
243
0
0
127
244
0
0
127
245
0
0
127
246
0
0
127
247
0
0
127
248
0
0
127
249
0
0
127
250
0
0
127
251
0
0
127
252
0
0
127
253
0
0
127
254
0
0
127
255
0
0
127
0
0
0
127
1
0
0
127
2
0
0
128
3
0
0
127
4
0
0
127
5
0
0
127
6
0
0
128
7
0
0
127
8
0
0
127
9
0
0
127
10
0
0
127
11
0
0
127
12
0
0
127
13
0
0
127
14
0
0
127
15
0
0
127
16
0
0
127
17
0
0
127
18
0
0
127
19
0
0
127
20
0
0
127
21
0
0
127
22
0
0
127
23
0
0
127
24
0
0
127
25
0
0
127
26
0
0
127
27
0
0
128
28
0
0
127
29
0
0
127
30
0
0
127
31
0
0
127
32
0
0
128
33
0
0
128
34
0
0
127
35
0
0
127
36
0
0
127
37
0
0
128
38
0
0
128
39
0
0
127
40
0
0
127
41
0
0
128
42
0
0
128
43
0
0
127
44
0
0
127
45
0
0
127
46
0
0
127
47
0
0
128
48
0
0
128
49
0
0
128
50
0
0
127
51
0
0
127
52
0
0
127
53
0
0
127
54
0
0
127
55
0
0
127
56
0
0
127
57
0
0
127
58
0
0
128
59
0
0
127
60
0
0
127
61
0
0
127
62
0
0
127
63
0
0
127
64
0
0
128
65
0
0
127
66
0
0
127
67
0
0
127
68
0
0
127
69
0
0
127
70
0
0
127
71
0
0
127
72
0
0
127
73
0
0
127
74
0
0
127
75
0
0
127
76
0
0
127
77
0
0
127
78
0
0
127
79
0
0
127
80
0
0
127
81
0
0
127
82
0
0
127
83
0
0
127
84
0
0
127
85
0
0
127
86
0
0
127
87
0
0
127
88
0
0
127
89
0
0
127
90
0
0
127
91
0
0
128
92
0
0
127
93
0
0
127
94
0
0
127
95
0
0
128
96
0
0
128
97
0
0
127
98
0
0
127
99
0
0
127
100
0
0
127
101
0
0
127
102
0
0
127
103
0
0
128
104
0
0
128
105
0
0
127
106
0
0
127
107
0
0
127
108
0
0
128
109
0
0
127
110
0
0
127
111
0
0
127
112
0
0
127
113
0
0
127
114
0
0
127
115
0
0
127
116
0
0
127
117
0
0
127
118
0
0
127
119
0
0
127
120
0
0
127
121
0
0
127
122
0
0
127
123
0
0
127
124
0
0
128
125
0
0
127
126
0
0
128
127
0
0
128
128
0
0
127
129
0
0
127
130
0
0
127
131
0
0
127
132
0
0
128
133
0
0
127
134
0
0
128
135
0
0
127
136
0
0
127
137
0
0
127
138
0
0
127
139
0
0
127
140
0
0
127
141
0
0
127
142
0
0
127
143
0
0
127
144
0
0
127
145
0
0
127
146
0
0
127
147
0
0
127
148
0
0
127
149
0
0
127
150
0
0
127
151
0
0
127
152
0
0
127
153
0
0
128
154
0
0
127
155
0
0
127
156
0
0
128
157
0
0
128
158
0
0
127
159
0
0
127
160
0
0
128
161
0
0
128
162
0
0
128
163
0
0
127
164
0
0
128
165
0
0
128
166
0
0
128
167
0
0
127
168
0
0
127
169
0
0
127
170
0
0
127
171
0
0
127
172
0
0
128
173
0
0
127
174
0
0
127
175
0
0
127
176
0
0
127
177
0
0
127
178
0
0
127
179
0
0
128
180
0
0
127
181
0
0
127
182
0
0
127
183
0
0
127
184
0
0
127
185
0
0
127
186
0
0
127
187
0
0
127
188
0
0
127
189
0
0
127
190
0
0
127
191
0
0
127
192
0
0
128
193
0
0
127
194
0
0
127
195
0
0
127
196
0
0
127
197
0
0
128
198
0
0
127
199
0
0
127
200
0
0
127
201
0
0
127
202
0
0
127
203
0
0
127
204
0
0
127
205
0
0
127
206
0
0
127
207
0
0
127
208
0
0
127
209
0
0
127
210
0
0
127
211
0
0
127
212
0
0
127
213
0
0
127
214
0
0
127
215
0
0
127
216
0
0
127
217
0
0
127
218
0
0
127
219
0
0
127
220
0
0
127
221
0
0
127
222
0
0
127
223
0
0
127
224
0
0
127
225
0
0
127
226
0
0
128
227
0
0
127
228
0
0
127
229
0
0
127
230
0
0
128
231
0
0
128
232
0
0
128
233
0
0
127
234
0
0
127
235
0
0
127
236
0
0
128
237
0
0
128
238
0
0
128
239
0
0
127
240
0
0
127
241
0
0
127
242
0
0
127
243
0
0
127
244
0
0
127
245
0
0
127
246
0
0
127
247
0
0
127
248
0
0
127
249
0
0
127
250
0
0
127
251
0
0
127
252
0
0
127
253
0
0
127
254
0
0
127
255
0
0
127
0
0
0
127
1
0
0
127
2
0
0
127
3
0
0
127
4
0
0
127
5
0
0
127
6
0
0
127
7
0
0
127
8
0
0
127
9
0
0
127
10
0
0
127
11
0
0
127
12
0
0
127
13
0
0
127
14
0
0
127
15
0
0
127
16
0
0
127
17
0
0
127
18
0
0
128
19
0
0
127
20
0
0
127
21
0
0
127
22
0
0
127
23
0
0
127
24
0
0
127
25
0
0
127
26
0
0
127
27
0
0
127
28
0
0
127
29
0
0
127
30
0
0
128
31
0
0
128
32
0
0
128
33
0
0
128
34
0
0
128
35
0
0
127
36
0
0
127
37
0
0
128
38
0
0
128
39
0
0
127
40
0
0
127
41
0
0
127
42
0
0
127
43
0
0
128
44
0
0
127
45
0
0
128
46
0
0
128
47
0
0
127
48
0
0
127
49
0
0
128
50
0
0
127
51
0
0
127
52
0
0
127
53
0
0
127
54
0
0
127
55
0
0
127
56
0
0
127
57
0
0
127
58
0
0
127
59
0
0
127
60
0
0
127
61
0
0
127
62
0
0
127
63
0
0
127
64
0
0
128
65
0
0
127
66
0
0
127
67
0
0
128
68
0
0
127
69
0
0
128
70
0
0
127
71
0
0
127
72
0
0
127
73
0
0
127
74
0
0
127
75
0
0
127
76
0
0
127
77
0
0
127
78
0
0
128
79
0
0
128
80
0
0
127
81
0
0
128
82
0
0
128
83
0
0
127
84
0
0
127
85
0
0
128
86
0
0
128
87
0
0
128
88
0
0
128
89
0
0
128
90
0
0
127
91
0
0
127
92
0
0
127
93
0
0
127
94
0
0
128
95
0
0
128
96
0
0
127
97
0
0
127
98
0
0
127
99
0
0
127
100
0
0
127
101
0
0
127
102
0
0
127
103
0
0
127
104
0
0
127
105
0
0
127
106
0
0
127
107
0
0
128
108
0
0
128
109
0
0
127
110
0
0
127
111
0
0
127
112
0
0
127
113
0
0
127
114
0
0
127
115
0
0
127
116
0
0
127
117
0
0
127
118
0
0
127
119
0
0
127
120
0
0
127
121
0
0
127
122
0
0
127
123
0
0
127
124
0
0
127
125
0
0
128
126
0
0
127
127
0
0
127
128
0
0
127
129
0
0
127
130
0
0
127
131
0
0
127
132
0
0
127
133
0
0
127
134
0
0
127
135
0
0
127
136
0
0
127
137
0
0
127
138
0
0
127
139
0
0
127
140
0
0
127
141
0
0
127
142
0
0
127
143
0
0
127
144
0
0
127
145
0
0
127
146
0
0
127
147
0
0
127
148
0
0
127
149
0
0
127
150
0
0
127
151
0
0
127
152
0
0
127
153
0
0
128
154
0
0
127
155
0
0
127
156
0
0
127
157
0
0
128
158
0
0
127
159
0
0
127
160
0
0
127
161
0
0
128
162
0
0
127
163
0
0
127
164
0
0
127
165
0
0
127
166
0
0
127
167
0
0
127
168
0
0
128
169
0
0
128
170
0
0
128
171
0
0
128
172
0
0
128
173
0
0
127
174
0
0
127
175
0
0
127
176
0
0
127
177
0
0
127
178
0
0
127
179
0
0
127
180
0
0
128
181
0
0
127
182
0
0
127
183
0
0
127
184
0
0
127
185
0
0
127
186
0
0
127
187
0
0
127
188
0
0
127
189
0
0
127
190
0
0
127
191
0
0
127
192
0
0
127
193
0
0
127
194
0
0
127
195
0
0
127
196
0
0
127
197
0
0
127
198
0
0
127
199
0
0
127
200
0
0
127
201
0
0
127
202
0
0
127
203
0
0
127
204
0
0
127
205
0
0
127
206
0
0
127
207
0
0
127
208
0
0
127
209
0
0
127
210
0
0
127
211
0
0
127
212
0
0
127
213
0
0
127
214
0
0
127
215
0
0
127
216
0
0
127
217
0
0
127
218
0
0
127
219
0
0
127
220
0
0
127
221
0
0
127
222
0
0
127
223
0
0
127
224
0
0
127
225
0
0
127
226
0
0
127
227
0
0
127
228
0
0
127
229
0
0
127
230
0
0
127
231
0
0
127
232
0
0
127
233
0
0
127
234
0
0
127
235
0
0
128
236
0
0
127
237
0
0
127
238
0
0
127
239
0
0
127
240
0
0
127
241
0
0
127
242
0
0
127
243
0
0
127
244
0
0
127
245
0
0
127
246
0
0
127
247
0
0
127
248
0
0
127
249
0
0
127
250
0
0
127
251
0
0
127
252
0
0
127
253
0
0
127
254
0
0
127
255
0
0
127
0
0
0
128
1
0
0
127
2
0
0
127
3
0
0
127
4
0
0
127
5
0
0
127
6
0
0
127
7
0
0
127
8
0
0
127
9
0
0
127
10
0
0
127
11
0
0
127
12
0
0
127
13
0
0
127
14
0
0
127
15
0
0
127
16
0
0
127
17
0
0
127
18
0
0
127
19
0
0
127
20
0
0
127
21
0
0
127
22
0
0
127
23
0
0
127
24
0
0
127
25
0
0
127
26
0
0
127
27
0
0
127
28
0
0
127
29
0
0
127
30
0
0
127
31
0
0
127
32
0
0
127
33
0
0
127
34
0
0
127
35
0
0
127
36
0
0
127
37
0
0
127
38
0
0
127
39
0
0
127
40
0
0
127
41
0
0
127
42
0
0
127
43
0
0
127
44
0
0
127
45
0
0
127
46
0
0
127
47
0
0
127
48
0
0
127
49
0
0
127
50
0
0
127
51
0
0
127
52
0
0
127
53
0
0
127
54
0
0
127
55
0
0
127
56
0
0
127
57
0
0
127
58
0
0
127
59
0
0
127
60
0
0
127
61
0
0
127
62
0
0
127
63
0
0
127
64
0
0
127
65
0
0
127
66
0
0
127
67
0
0
127
68
0
0
127
69
0
0
127
70
0
0
127
71
0
0
127
72
0
0
127
73
0
0
127
74
0
0
127
75
0
0
127
76
0
0
127
77
0
0
127
78
0
0
127
79
0
0
127
80
0
0
127
81
0
0
127
82
0
0
127
83
0
0
127
84
0
0
127
85
0
0
127
86
0
0
127
87
0
0
127
88
0
0
127
89
0
0
127
90
0
0
127
91
0
0
127
92
0
0
127
93
0
0
127
94
0
0
127
95
0
0
127
96
0
0
127
97
0
0
127
98
0
0
127
99
0
0
127
100
0
0
127
101
0
0
127
102
0
0
128
103
0
0
128
104
0
0
127
105
0
0
127
106
0
0
127
107
0
0
127
108
0
0
127
109
0
0
127
110
0
0
127
111
0
0
127
112
0
0
127
113
0
0
127
114
0
0
127
115
0
0
127
116
0
0
127
117
0
0
127
118
0
0
127
119
0
0
127
120
0
0
127
121
0
0
127
122
0
0
127
123
0
0
127
124
0
0
127
125
0
0
127
126
0
0
127
127
0
0
127
128
0
0
127
129
0
0
127
130
0
0
127
131
0
0
127
132
0
0
127
133
0
0
127
134
0
0
127
135
0
0
127
136
0
0
127
137
0
0
127
138
0
0
127
139
0
0
127
140
0
0
127
141
0
0
127
142
0
0
127
143
0
0
127
144
0
0
127
145
0
0
127
146
0
0
127
147
0
0
127
148
0
0
127
149
0
0
127
150
0
0
127
151
0
0
127
152
0
0
127
153
0
0
127
154
0
0
127
155
0
0
127
156
0
0
128
157
0
0
127
158
0
0
127
159
0
0
127
160
0
0
127
161
0
0
128
162
0
0
128
163
0
0
127
164
0
0
127
165
0
0
127
166
0
0
127
167
0
0
127
168
0
0
127
169
0
0
127
170
0
0
127
171
0
0
127
172
0
0
127
173
0
0
127
174
0
0
127
175
0
0
127
176
0
0
127
177
0
0
127
178
0
0
127
179
0
0
127
180
0
0
127
181
0
0
127
182
0
0
127
183
0
0
127
184
0
0
127
185
0
0
127
186
0
0
127
187
0
0
127
188
0
0
127
189
0
0
127
190
0
0
127
191
0
0
127
192
0
0
127
193
0
0
127
194
0
0
127
195
0
0
127
196
0
0
128
197
0
0
128
198
0
0
127
199
0
0
127
200
0
0
127
201
0
0
127
202
0
0
127
203
0
0
127
204
0
0
127
205
0
0
127
206
0
0
127
207
0
0
127
208
0
0
127
209
0
0
127
210
0
0
127
211
0
0
127
212
0
0
127
213
0
0
127
214
0
0
127
215
0
0
127
216
0
0
127
217
0
0
127
218
0
0
127
219
0
0
127
220
0
0
127
221
0
0
127
222
0
0
127
223
0
0
127
224
0
0
127
225
0
0
127
226
0
0
127
227
0
0
127
228
0
0
127
229
0
0
127
230
0
0
127
231
0
0
127
232
0
0
127
233
0
0
127
234
0
0
127
235
0
0
127
236
0
0
127
237
0
0
127
238
0
0
127
239
0
0
127
240
0
0
127
241
0
0
127
242
0
0
127
243
0
0
127
244
0
0
127
245
0
0
127
246
0
0
127
247
0
0
127
248
0
0
127
249
0
0
127
250
0
0
127
251
0
0
127
252
0
0
127
253
0
0
127
254
0
0
127
255
0
0
127
0
0
0
127
1
0
0
127
2
0
0
127
3
0
0
127
4
0
0
127
5
0
0
127
6
0
0
127
7
0
0
127
8
0
0
127
9
0
0
127
10
0
0
127
11
0
0
127
12
0
0
127
13
0
0
127
14
0
0
127
15
0
0
127
16
0
0
128
17
0
0
128
18
0
0
128
19
0
0
127
20
0
0
127
21
0
0
127
22
0
0
127
23
0
0
127
24
0
0
127
25
0
0
127
26
0
0
127
27
0
0
127
28
0
0
127
29
0
0
127
30
0
0
127
31
0
0
127
32
0
0
127
33
0
0
127
34
0
0
127
35
0
0
127
36
0
0
127
37
0
0
127
38
0
0
127
39
0
0
127
40
0
0
127
41
0
0
127
42
0
0
127
43
0
0
127
44
0
0
127
45
0
0
127
46
0
0
127
47
0
0
127
48
0
0
127
49
0
0
127
50
0
0
127
51
0
0
127
52
0
0
127
53
0
0
127
54
0
0
127
55
0
0
127
56
0
0
128
57
0
0
128
58
0
0
128
59
0
0
127
60
0
0
127
61
0
0
127
62
0
0
127
63
0
0
127
64
0
0
127
65
0
0
127
66
0
0
127
67
0
0
127
68
0
0
127
69
0
0
127
70
0
0
127
71
0
0
127
72
0
0
127
73
0
0
127
74
0
0
127
75
0
0
127
76
0
0
127
77
0
0
127
78
0
0
127
79
0
0
127
80
0
0
128
81
0
0
128
82
0
0
128
83
0
0
128
84
0
0
128
85
0
0
127
86
0
0
127
87
0
0
127
88
0
0
127
89
0
0
128
90
0
0
128
91
0
0
128
92
0
0
128
93
0
0
129
94
0
0
129
95
0
0
129
96
0
0
128
97
0
0
127
98
0
0
127
99
0
0
127
100
0
0
127
101
0
0
127
102
0
0
127
103
0
0
127
104
0
0
127
105
0
0
127
106
0
0
127
107
0
0
127
108
0
0
127
109
0
0
127
110
0
0
127
111
0
0
128
112
0
0
128
113
0
0
128
114
0
0
129
115
0
0
129
116
0
0
129
117
0
0
128
118
0
0
127
119
0
0
127
120
0
0
127
121
0
0
127
122
0
0
127
123
0
0
127
124
0
0
128
125
0
0
128
126
0
0
128
127
0
0
128
128
0
0
127
129
0
0
127
130
0
0
127
131
0
0
127
132
0
0
127
133
0
0
127
134
0
0
127
135
0
0
127
136
0
0
127
137
0
0
127
138
0
0
127
139
0
0
127
140
0
0
127
141
0
0
127
142
0
0
127
143
0
0
127
144
0
0
127
145
0
0
127
146
0
0
127
147
0
0
127
148
0
0
128
149
0
0
128
150
0
0
128
151
0
0
128
152
0
0
128
153
0
0
127
154
0
0
127
155
0
0
127
156
0
0
127
157
0
0
127
158
0
0
127
159
0
0
127
160
0
0
127
161
0
0
128
162
0
0
128
163
0
0
128
164
0
0
128
165
0
0
128
166
0
0
128
167
0
0
127
168
0
0
127
169
0
0
127
170
0
0
127
171
0
0
128
172
0
0
128
173
0
0
127
174
0
0
127
175
0
0
127
176
0
0
127
177
0
0
127
178
0
0
127
179
0
0
127
180
0
0
127
181
0
0
127
182
0
0
127
183
0
0
127
184
0
0
127
185
0
0
127
186
0
0
127
187
0
0
127
188
0
0
127
189
0
0
127
190
0
0
127
191
0
0
127
192
0
0
127
193
0
0
127
194
0
0
127
195
0
0
127
196
0
0
127
197
0
0
127
198
0
0
127
199
0
0
127
200
0
0
127
201
0
0
127
202
0
0
127
203
0
0
127
204
0
0
127
205
0
0
127
206
0
0
127
207
0
0
127
208
0
0
127
209
0
0
128
210
0
0
127
211
0
0
127
212
0
0
127
213
0
0
127
214
0
0
127
215
0
0
127
216
0
0
127
217
0
0
127
218
0
0
127
219
0
0
127
220
0
0
127
221
0
0
127
222
0
0
127
223
0
0
127
224
0
0
127
225
0
0
127
226
0
0
127
227
0
0
127
228
0
0
127
229
0
0
127
230
0
0
127
231
0
0
127
232
0
0
127
233
0
0
127
234
0
0
127
235
0
0
127
236
0
0
127
237
0
0
127
238
0
0
127
239
0
0
127
240
0
0
127
241
0
0
127
242
0
0
127
243
0
0
127
244
0
0
127
245
0
0
127
246
0
0
127
247
0
0
127
248
0
0
127
249
0
0
127
250
0
0
127
251
0
0
127
252
0
0
127
253
0
0
127
254
0
0
127
255
0
0
127
0
0
0
127
1
0
0
127
2
0
0
127
3
0
0
127
4
0
0
127
5
0
0
127
6
0
0
127
7
0
0
127
8
0
0
127
9
0
0
127
10
0
0
127
11
0
0
127
12
0
0
127
13
0
0
127
14
0
0
127
15
0
0
127
16
0
0
127
17
0
0
127
18
0
0
127
19
0
0
127
20
0
0
127
21
0
0
127
22
0
0
127
23
0
0
127
24
0
0
127
25
0
0
127
26
0
0
127
27
0
0
128
28
0
0
127
29
0
0
127
30
0
0
127
31
0
0
127
32
0
0
127
33
0
0
127
34
0
0
127
35
0
0
127
36
0
0
127
37
0
0
127
38
0
0
127
39
0
0
128
40
0
0
127
41
0
0
127
42
0
0
127
43
0
0
127
44
0
0
127
45
0
0
127
46
0
0
127
47
0
0
127
48
0
0
127
49
0
0
127
50
0
0
127
51
0
0
127
52
0
0
127
53
0
0
127
54
0
0
127
55
0
0
127
56
0
0
127
57
0
0
127
58
0
0
127
59
0
0
127
60
0
0
128
61
0
0
127
62
0
0
127
63
0
0
127
64
0
0
128
65
0
0
128
66
0
0
128
67
0
0
128
68
0
0
127
69
0
0
127
70
0
0
127
71
0
0
127
72
0
0
127
73
0
0
128
74
0
0
127
75
0
0
127
76
0
0
127
77
0
0
127
78
0
0
127
79
0
0
127
80
0
0
127
81
0
0
127
82
0
0
127
83
0
0
127
84
0
0
127
85
0
0
127
86
0
0
128
87
0
0
127
88
0
0
127
89
0
0
127
90
0
0
127
91
0
0
127
92
0
0
127
93
0
0
127
94
0
0
127
95
0
0
128
96
0
0
128
97
0
0
129
98
0
0
129
99
0
0
129
100
0
0
128
101
0
0
127
102
0
0
127
103
0
0
127
104
0
0
127
105
0
0
127
106
0
0
127
107
0
0
127
108
0
0
127
109
0
0
127
110
0
0
128
111
0
0
127
112
0
0
127
113
0
0
127
114
0
0
127
115
0
0
128
116
0
0
128
117
0
0
128
118
0
0
127
119
0
0
127
120
0
0
127
121
0
0
127
122
0
0
127
123
0
0
127
124
0
0
127
125
0
0
127
126
0
0
127
127
0
0
127
128
0
0
127
129
0
0
127
130
0
0
127
131
0
0
127
132
0
0
127
133
0
0
127
134
0
0
127
135
0
0
127
136
0
0
128
137
0
0
127
138
0
0
127
139
0
0
127
140
0
0
127
141
0
0
128
142
0
0
128
143
0
0
128
144
0
0
127
145
0
0
127
146
0
0
127
147
0
0
127
148
0
0
127
149
0
0
127
150
0
0
127
151
0
0
127
152
0
0
127
153
0
0
127
154
0
0
127
155
0
0
127
156
0
0
127
157
0
0
127
158
0
0
127
159
0
0
127
160
0
0
128
161
0
0
127
162
0
0
127
163
0
0
127
164
0
0
127
165
0
0
127
166
0
0
127
167
0
0
127
168
0
0
127
169
0
0
127
170
0
0
127
171
0
0
127
172
0
0
127
173
0
0
127
174
0
0
127
175
0
0
127
176
0
0
127
177
0
0
127
178
0
0
127
179
0
0
127
180
0
0
127
181
0
0
127
182
0
0
127
183
0
0
127
184
0
0
127
185
0
0
127
186
0
0
127
187
0
0
127
188
0
0
127
189
0
0
127
190
0
0
127
191
0
0
127
192
0
0
127
193
0
0
127
194
0
0
127
195
0
0
127
196
0
0
127
197
0
0
127
198
0
0
127
199
0
0
127
200
0
0
128
201
0
0
128
202
0
0
128
203
0
0
128
204
0
0
128
205
0
0
127
206
0
0
127
207
0
0
127
208
0
0
127
209
0
0
127
210
0
0
127
211
0
0
127
212
0
0
127
213
0
0
127
214
0
0
128
215
0
0
128
216
0
0
128
217
0
0
128
218
0
0
128
219
0
0
128
220
0
0
127
221
0
0
127
222
0
0
127
223
0
0
127
224
0
0
127
225
0
0
127
226
0
0
127
227
0
0
127
228
0
0
127
229
0
0
127
230
0
0
127
231
0
0
127
232
0
0
127
233
0
0
127
234
0
0
127
235
0
0
127
236
0
0
127
237
0
0
128
238
0
0
127
239
0
0
127
240
0
0
128
241
0
0
128
242
0
0
128
243
0
0
128
244
0
0
128
245
0
0
128
246
0
0
128
247
0
0
128
248
0
0
128
249
0
0
127
250
0
0
127
251
0
0
127
252
0
0
127
253
0
0
127
254
0
0
127
255
0
0
127
0
0
0
127
1
0
0
127
2
0
0
127
3
0
0
127
4
0
0
127
5
0
0
127
6
0
0
127
7
0
0
127
8
0
0
128
9
0
0
128
10
0
0
128
11
0
0
129
12
0
0
130
13
0
0
131
14
0
0
131
15
0
0
131
16
0
0
130
17
0
0
129
18
0
0
129
19
0
0
129
20
0
0
129
21
0
0
129
22
0
0
129
23
0
0
128
24
0
0
127
25
0
0
128
26
0
0
128
27
0
0
129
28
0
0
130
29
0
0
131
30
0
0
132
31
0
0
134
32
0
0
136
33
0
0
137
34
0
0
138
35
0
0
138
36
0
0
138
37
0
0
138
38
0
0
137
39
0
0
136
40
0
0
135
41
0
0
134
42
0
0
133
43
0
0
132
44
0
0
131
45
0
0
130
46
0
0
129
47
0
0
128
48
0
0
127
49
0
0
127
50
0
0
127
51
0
0
127
52
0
0
127
53
0
0
127
54
0
0
127
55
0
0
127
56
0
0
127
57
0
0
127
58
0
0
127
59
0
0
127
60
0
0
128
61
0
0
128
62
0
0
127
63
0
0
127
64
0
0
127
65
0
0
127
66
0
0
127
67
0
0
127
68
0
0
127
69
0
0
127
70
0
0
127
71
0
0
127
72
0
0
127
73
0
0
127
74
0
0
128
75
0
0
128
76
0
0
128
77
0
0
128
78
0
0
128
79
0
0
128
80
0
0
127
81
0
0
128
82
0
0
128
83
0
0
127
84
0
0
127
85
0
0
127
86
0
0
127
87
0
0
127
88
0
0
127
89
0
0
127
90
0
0
127
91
0
0
127
92
0
0
127
93
0
0
127
94
0
0
127
95
0
0
127
96
0
0
127
97
0
0
127
98
0
0
127
99
0
0
128
100
0
0
128
101
0
0
128
102
0
0
128
103
0
0
127
104
0
0
128
105
0
0
128
106
0
0
128
107
0
0
128
108
0
0
128
109
0
0
129
110
0
0
130
111
0
0
132
112
0
0
134
113
0
0
136
114
0
0
139
115
0
0
141
116
0
0
142
117
0
0
143
118
0
0
146
119
0
0
152
120
0
0
160
121
0
0
170
122
0
0
182
123
0
0
195
124
0
0
208
125
0
0
219
126
0
0
228
127
0
0
233
128
0
0
235
129
0
0
237
130
0
0
240
131
0
0
244
132
0
0
248
133
0
0
252
134
0
1
0
135
0
1
4
136
0
1
8
137
0
1
12
138
0
1
15
139
0
1
17
140
0
1
18
141
0
1
17
142
0
1
16
143
0
1
16
144
0
1
18
145
0
1
21
146
0
1
24
147
0
1
27
148
0
1
29
149
0
1
29
150
0
1
29
151
0
1
29
152
0
1
29
153
0
1
29
154
0
1
28
155
0
1
27
156
0
1
27
157
0
1
27
158
0
1
28
159
0
1
29
160
0
1
30
161
0
1
30
162
0
1
29
163
0
1
28
164
0
1
28
165
0
1
28
166
0
1
29
167
0
1
30
168
0
1
30
169
0
1
29
170
0
1
28
171
0
1
26
172
0
1
24
173
0
1
22
174
0
1
21
175
0
1
19
176
0
1
17
177
0
1
15
178
0
1
13
179
0
1
11
180
0
1
9
181
0
1
8
182
0
1
8
183
0
1
8
184
0
1
9
185
0
1
11
186
0
1
13
187
0
1
16
188
0
1
18
189
0
1
19
190
0
1
19
191
0
1
18
192
0
1
17
193
0
1
16
194
0
1
16
195
0
1
18
196
0
1
21
197
0
1
24
198
0
1
27
199
0
1
30
200
0
1
33
201
0
1
35
202
0
1
37
203
0
1
39
204
0
1
41
205
0
1
43
206
0
1
45
207
0
1
46
208
0
1
46
209
0
1
45
210
0
1
44
211
0
1
44
212
0
1
44
213
0
1
44
214
0
1
44
215
0
1
44
216
0
1
44
217
0
1
44
218
0
1
44
219
0
1
45
220
0
1
46
221
0
1
46
222
0
1
46
223
0
1
47
224
0
1
50
225
0
1
53
226
0
1
56
227
0
1
60
228
0
1
64
229
0
1
69
230
0
1
73
231
0
1
77
232
0
1
80
233
0
1
83
234
0
1
86
235
0
1
89
236
0
1
92
237
0
1
96
238
0
1
99
239
0
1
100
240
0
1
101
241
0
1
104
242
0
1
112
243
0
1
125
244
0
1
142
245
0
1
161
246
0
1
181
247
0
1
200
248
0
1
218
249
0
1
234
250
0
1
247
251
0
1
254
252
0
2
2
253
0
2
7
254
0
2
15
255
0
2
25
0
0
2
37
1
0
2
49
2
0
2
60
3
0
2
68
4
0
2
74
5
0
2
77
6
0
2
78
7
0
2
77
8
0
2
75
9
0
2
73
10
0
2
71
11
0
2
71
12
0
2
74
13
0
2
80
14
0
2
88
15
0
2
96
16
0
2
104
17
0
2
111
18
0
2
115
19
0
2
115
20
0
2
114
21
0
2
115
22
0
2
116
23
0
2
118
24
0
2
120
25
0
2
123
26
0
2
127
27
0
2
132
28
0
2
136
29
0
2
139
30
0
2
141
31
0
2
141
32
0
2
139
33
0
2
136
34
0
2
133
35
0
2
131
36
0
2
130
37
0
2
129
38
0
2
128
39
0
2
126
40
0
2
124
41
0
2
121
42
0
2
118
43
0
2
114
44
0
2
110
45
0
2
106
46
0
2
103
47
0
2
101
48
0
2
99
49
0
2
97
50
0
2
94
51
0
2
91
52
0
2
88
53
0
2
86
54
0
2
85
55
0
2
85
56
0
2
86
57
0
2
87
58
0
2
87
59
0
2
86
60
0
2
85
61
0
2
83
62
0
2
81
63
0
2
78
64
0
2
75
65
0
2
73
66
0
2
72
67
0
2
72
68
0
2
72
69
0
2
73
70
0
2
74
71
0
2
76
72
0
2
78
73
0
2
80
74
0
2
82
75
0
2
83
76
0
2
83
77
0
2
82
78
0
2
81
79
0
2
79
80
0
2
77
81
0
2
76
82
0
2
77
83
0
2
79
84
0
2
82
85
0
2
86
86
0
2
90
87
0
2
95
88
0
2
100
89
0
2
103
90
0
2
103
91
0
2
104
92
0
2
108
93
0
2
114
94
0
2
120
95
0
2
126
96
0
2
133
97
0
2
139
98
0
2
146
99
0
2
151
100
0
2
154
101
0
2
154
102
0
2
152
103
0
2
148
104
0
2
143
105
0
2
138
106
0
2
134
107
0
2
131
108
0
2
131
109
0
2
133
110
0
2
136
111
0
2
138
112
0
2
138
113
0
2
136
114
0
2
133
115
0
2
132
116
0
2
134
117
0
2
135
118
0
2
133
119
0
2
134
120
0
2
138
121
0
2
144
122
0
2
151
123
0
2
160
124
0
2
169
125
0
2
177
126
0
2
180
127
0
2
180
128
0
2
181
129
0
2
183
130
0
2
186
131
0
2
188
132
0
2
189
133
0
2
188
134
0
2
185
135
0
2
182
136
0
2
180
137
0
2
179
138
0
2
179
139
0
2
180
140
0
2
180
141
0
2
177
142
0
2
176
143
0
2
180
144
0
2
189
145
0
2
201
146
0
2
214
147
0
2
226
148
0
2
234
149
0
2
238
150
0
2
239
151
0
2
242
152
0
2
248
153
0
2
255
154
0
3
7
155
0
3
13
156
0
3
18
157
0
3
23
158
0
3
28
159
0
3
32
160
0
3
34
161
0
3
34
162
0
3
32
163
0
3
28
164
0
3
26
165
0
3
27
166
0
3
32
167
0
3
39
168
0
3
45
169
0
3
49
170
0
3
49
171
0
3
47
172
0
3
45
173
0
3
45
174
0
3
47
175
0
3
50
176
0
3
54
177
0
3
59
178
0
3
63
179
0
3
65
180
0
3
63
181
0
3
60
182
0
3
58
183
0
3
57
184
0
3
57
185
0
3
58
186
0
3
60
187
0
3
63
188
0
3
66
189
0
3
69
190
0
3
71
191
0
3
72
192
0
3
71
193
0
3
69
194
0
3
65
195
0
3
61
196
0
3
59
197
0
3
60
198
0
3
62
199
0
3
64
200
0
3
66
201
0
3
68
202
0
3
72
203
0
3
77
204
0
3
81
205
0
3
84
206
0
3
83
207
0
3
80
208
0
3
77
209
0
3
74
210
0
3
72
211
0
3
71
212
0
3
71
213
0
3
73
214
0
3
75
215
0
3
77
216
0
3
77
217
0
3
75
218
0
3
73
219
0
3
72
220
0
3
71
221
0
3
69
222
0
3
66
223
0
3
66
224
0
3
69
225
0
3
74
226
0
3
78
227
0
3
80
228
0
3
82
229
0
3
84
230
0
3
87
231
0
3
89
232
0
3
88
233
0
3
85
234
0
3
81
235
0
3
77
236
0
3
75
237
0
3
74
238
0
3
72
239
0
3
69
240
0
3
68
241
0
3
70
242
0
3
73
243
0
3
75
244
0
3
76
245
0
3
76
246
0
3
74
247
0
3
71
248
0
3
67
249
0
3
65
250
0
3
67
251
0
3
74
252
0
3
83
253
0
3
91
254
0
3
98
255
0
3
104
0
0
3
105
1
0
3
106
2
0
3
113
3
0
3
127
4
0
3
143
5
0
3
155
6
0
3
161
7
0
3
161
8
0
3
160
9
0
3
161
10
0
3
162
11
0
3
161
12
0
3
159
13
0
3
155
14
0
3
150
15
0
3
145
16
0
3
140
17
0
3
136
18
0
3
137
19
0
3
145
20
0
3
156
21
0
3
166
22
0
3
171
23
0
3
170
24
0
3
169
25
0
3
171
26
0
3
176
27
0
3
183
28
0
3
191
29
0
3
198
30
0
3
202
31
0
3
203
32
0
3
201
33
0
3
197
34
0
3
193
35
0
3
189
36
0
3
186
37
0
3
183
38
0
3
180
39
0
3
175
40
0
3
171
41
0
3
170
42
0
3
171
43
0
3
172
44
0
3
173
45
0
3
174
46
0
3
173
47
0
3
170
48
0
3
165
49
0
3
160
50
0
3
156
51
0
3
154
52
0
3
153
53
0
3
153
54
0
3
152
55
0
3
149
56
0
3
144
57
0
3
138
58
0
3
132
59
0
3
126
60
0
3
122
61
0
3
120
62
0
3
122
63
0
3
126
64
0
3
131
65
0
3
133
66
0
3
132
67
0
3
129
68
0
3
124
69
0
3
120
70
0
3
120
71
0
3
124
72
0
3
132
73
0
3
139
74
0
3
144
75
0
3
147
76
0
3
148
77
0
3
148
78
0
3
148
79
0
3
147
80
0
3
144
81
0
3
139
82
0
3
135
83
0
3
132
84
0
3
129
85
0
3
126
86
0
3
126
87
0
3
128
88
0
3
132
89
0
3
137
90
0
3
141
91
0
3
143
92
0
3
143
93
0
3
141
94
0
3
137
95
0
3
133
96
0
3
132
97
0
3
136
98
0
3
145
99
0
3
155
100
0
3
162
101
0
3
164
102
0
3
162
103
0
3
159
104
0
3
156
105
0
3
153
106
0
3
148
107
0
3
144
108
0
3
140
109
0
3
134
110
0
3
128
111
0
3
121
112
0
3
116
113
0
3
112
114
0
3
110
115
0
3
108
116
0
3
106
117
0
3
103
118
0
3
98
119
0
3
93
120
0
3
89
121
0
3
88
122
0
3
89
123
0
3
88
124
0
3
88
125
0
3
92
126
0
3
100
127
0
3
109
128
0
3
119
129
0
3
131
130
0
3
143
131
0
3
152
132
0
3
153
133
0
3
156
134
0
3
165
135
0
3
177
136
0
3
188
137
0
3
196
138
0
3
198
139
0
3
196
140
0
3
192
141
0
3
187
142
0
3
182
143
0
3
178
144
0
3
174
145
0
3
169
146
0
3
163
147
0
3
157
148
0
3
155
149
0
3
158
150
0
3
167
151
0
3
178
152
0
3
186
153
0
3
189
154
0
3
188
155
0
3
189
156
0
3
194
157
0
3
202
158
0
3
212
159
0
3
221
160
0
3
228
161
0
3
231
162
0
3
230
163
0
3
226
164
0
3
220
165
0
3
214
166
0
3
208
167
0
3
201
168
0
3
194
169
0
3
187
170
0
3
182
171
0
3
180
172
0
3
182
173
0
3
186
174
0
3
190
175
0
3
193
176
0
3
193
177
0
3
190
178
0
3
187
179
0
3
186
180
0
3
186
181
0
3
188
182
0
3
191
183
0
3
196
184
0
3
202
185
0
3
206
186
0
3
207
187
0
3
204
188
0
3
200
189
0
3
195
190
0
3
190
191
0
3
186
192
0
3
185
193
0
3
188
194
0
3
195
195
0
3
203
196
0
3
209
197
0
3
212
198
0
3
212
199
0
3
209
200
0
3
205
201
0
3
204
202
0
3
208
203
0
3
216
204
0
3
225
205
0
3
233
206
0
3
238
207
0
3
241
208
0
3
242
209
0
3
243
210
0
3
243
211
0
3
240
212
0
3
236
213
0
3
233
214
0
3
232
215
0
3
231
216
0
3
231
217
0
3
232
218
0
3
235
219
0
3
239
220
0
3
244
221
0
3
249
222
0
3
252
223
0
3
252
224
0
3
249
225
0
3
244
226
0
3
239
227
0
3
237
228
0
3
240
229
0
3
248
230
0
4
1
231
0
4
6
232
0
4
6
233
0
4
3
234
0
3
255
235
0
3
251
236
0
3
246
237
0
3
241
238
0
3
235
239
0
3
229
240
0
3
223
241
0
3
217
242
0
3
211
243
0
3
205
244
0
3
200
245
0
3
197
246
0
3
195
247
0
3
193
248
0
3
190
249
0
3
186
250
0
3
181
251
0
3
177
252
0
3
176
253
0
3
177
254
0
3
174
255
0
3
175
0
0
3
182
1
0
3
192
2
0
3
201
3
0
3
208
4
0
3
215
5
0
3
222
6
0
3
227
7
0
3
228
8
0
3
233
9
0
3
242
10
0
3
253
11
0
4
5
12
0
4
7
13
0
4
4
14
0
3
255
15
0
3
251
16
0
3
247
17
0
3
244
18
0
3
242
19
0
3
239
20
0
3
235
21
0
3
232
22
0
3
229
23
0
3
225
24
0
3
225
25
0
3
229
26
0
3
235
27
0
3
241
28
0
3
246
29
0
3
247
30
0
3
245
31
0
3
245
32
0
3
248
33
0
3
254
34
0
4
4
35
0
4
8
36
0
4
8
37
0
4
4
38
0
3
255
39
0
3
252
40
0
3
250
41
0
3
247
42
0
3
243
43
0
3
240
44
0
3
238
45
0
3
236
46
0
3
232
47
0
3
230
48
0
3
232
49
0
3
236
50
0
3
241
51
0
3
245
52
0
3
246
53
0
3
244
54
0
3
240
55
0
3
237
56
0
3
237
57
0
3
240
58
0
3
247
59
0
4
0
60
0
4
7
61
0
4
10
62
0
4
8
63
0
4
4
64
0
4
0
65
0
3
252
66
0
3
251
67
0
3
253
68
0
4
3
69
0
4
11
70
0
4
18
71
0
4
22
72
0
4
22
73
0
4
18
74
0
4
12
75
0
4
7
76
0
4
6
77
0
4
11
78
0
4
20
79
0
4
28
80
0
4
33
81
0
4
34
82
0
4
33
83
0
4
31
84
0
4
28
85
0
4
23
86
0
4
16
87
0
4
10
88
0
4
6
89
0
4
4
90
0
4
2
91
0
4
0
92
0
3
254
93
0
3
255
94
0
4
3
95
0
4
6
96
0
4
7
97
0
4
4
98
0
4
0
99
0
3
252
100
0
3
248
101
0
3
244
102
0
3
241
103
0
3
241
104
0
3
243
105
0
3
245
106
0
3
243
107
0
3
240
108
0
3
238
109
0
3
233
110
0
3
230
111
0
3
228
112
0
3
225
113
0
3
221
114
0
3
218
115
0
3
217
116
0
3
217
117
0
3
216
118
0
3
212
119
0
3
209
120
0
3
208
121
0
3
208
122
0
3
208
123
0
3
206
124
0
3
202
125
0
3
197
126
0
3
192
127
0
3
188
128
0
3
185
129
0
3
181
130
0
3
183
131
0
3
192
132
0
3
205
133
0
3
216
134
0
3
223
135
0
3
227
136
0
3
229
137
0
3
228
138
0
3
228
139
0
3
235
140
0
3
247
141
0
4
4
142
0
4
12
143
0
4
13
144
0
4
11
145
0
4
9
146
0
4
6
147
0
4
2
148
0
3
254
149
0
3
252
150
0
3
249
151
0
3
244
152
0
3
239
153
0
3
233
154
0
3
230
155
0
3
232
156
0
3
238
157
0
3
245
158
0
3
251
159
0
3
253
160
0
3
250
161
0
3
248
162
0
3
249
163
0
3
253
164
0
4
3
165
0
4
8
166
0
4
12
167
0
4
14
168
0
4
14
169
0
4
13
170
0
4
11
171
0
4
9
172
0
4
5
173
0
4
1
174
0
3
252
175
0
3
247
176
0
3
242
177
0
3
241
178
0
3
243
179
0
3
247
180
0
3
251
181
0
3
254
182
0
3
255
183
0
3
255
184
0
3
253
185
0
3
249
186
0
3
245
187
0
3
244
188
0
3
248
189
0
4
0
190
0
4
9
191
0
4
18
192
0
4
23
193
0
4
23
194
0
4
19
195
0
4
15
196
0
4
12
197
0
4
12
198
0
4
16
199
0
4
23
200
0
4
31
201
0
4
36
202
0
4
37
203
0
4
35
204
0
4
32
205
0
4
27
206
0
4
22
207
0
4
23
208
0
4
30
209
0
4
40
210
0
4
49
211
0
4
54
212
0
4
55
213
0
4
53
214
0
4
50
215
0
4
47
216
0
4
42
217
0
4
36
218
0
4
32
219
0
4
31
220
0
4
30
221
0
4
28
222
0
4
26
223
0
4
25
224
0
4
27
225
0
4
32
226
0
4
37
227
0
4
39
228
0
4
36
229
0
4
32
230
0
4
28
231
0
4
24
232
0
4
21
233
0
4
20
234
0
4
22
235
0
4
25
236
0
4
25
237
0
4
22
238
0
4
20
239
0
4
17
240
0
4
13
241
0
4
10
242
0
4
7
243
0
4
2
244
0
3
252
245
0
3
249
246
0
3
249
247
0
3
251
248
0
3
252
249
0
3
249
250
0
3
246
251
0
3
244
252
0
3
242
253
0
3
240
254
0
3
237
255
0
3
232
0
0
3
226
1
0
3
220
2
0
3
213
3
0
3
208
4
0
3
208
5
0
3
214
6
0
3
225
7
0
3
237
8
0
3
245
9
0
3
250
10
0
3
252
11
0
3
252
12
0
3
250
13
0
3
253
14
0
4
7
15
0
4
20
16
0
4
33
17
0
4
41
18
0
4
42
19
0
4
40
20
0
4
36
21
0
4
31
22
0
4
25
23
0
4
20
24
0
4
16
25
0
4
12
26
0
4
6
27
0
3
255
28
0
3
251
29
0
3
253
30
0
4
5
31
0
4
16
32
0
4
26
33
0
4
31
34
0
4
30
35
0
4
30
36
0
4
33
37
0
4
39
38
0
4
47
39
0
4
56
40
0
4
64
41
0
4
69
42
0
4
70
43
0
4
67
44
0
4
63
45
0
4
59
46
0
4
55
47
0
4
52
48
0
4
48
49
0
4
43
50
0
4
37
51
0
4
33
52
0
4
34
53
0
4
39
54
0
4
46
55
0
4
53
56
0
4
59
57
0
4
62
58
0
4
61
59
0
4
58
60
0
4
57
61
0
4
58
62
0
4
62
63
0
4
70
64
0
4
82
65
0
4
94
66
0
4
102
67
0
4
103
68
0
4
101
69
0
4
99
70
0
4
96
71
0
4
94
72
0
4
95
73
0
4
100
74
0
4
108
75
0
4
115
76
0
4
119
77
0
4
120
78
0
4
120
79
0
4
119
80
0
4
115
81
0
4
114
82
0
4
119
83
0
4
130
84
0
4
143
85
0
4
155
86
0
4
164
87
0
4
169
88
0
4
170
89
0
4
167
90
0
4
161
91
0
4
154
92
0
4
149
93
0
4
146
94
0
4
145
95
0
4
145
96
0
4
145
97
0
4
145
98
0
4
145
99
0
4
146
100
0
4
149
101
0
4
152
102
0
4
153
103
0
4
150
104
0
4
146
105
0
4
144
106
0
4
144
107
0
4
146
108
0
4
150
109
0
4
154
110
0
4
155
111
0
4
151
112
0
4
147
113
0
4
143
114
0
4
137
115
0
4
130
116
0
4
122
117
0
4
115
118
0
4
109
119
0
4
106
120
0
4
106
121
0
4
106
122
0
4
103
123
0
4
100
124
0
4
97
125
0
4
95
126
0
4
93
127
0
4
91
128
0
4
88
129
0
4
83
130
0
4
78
131
0
4
75
132
0
4
71
133
0
4
66
134
0
4
66
135
0
4
74
136
0
4
88
137
0
4
102
138
0
4
113
139
0
4
119
140
0
4
121
141
0
4
118
142
0
4
117
143
0
4
122
144
0
4
133
145
0
4
146
146
0
4
157
147
0
4
162
148
0
4
161
149
0
4
156
150
0
4
150
151
0
4
143
152
0
4
135
153
0
4
126
154
0
4
119
155
0
4
113
156
0
4
109
157
0
4
107
158
0
4
108
159
0
4
114
160
0
4
125
161
0
4
139
162
0
4
150
163
0
4
154
164
0
4
152
165
0
4
152
166
0
4
156
167
0
4
163
168
0
4
173
169
0
4
184
170
0
4
193
171
0
4
198
172
0
4
197
173
0
4
192
174
0
4
187
175
0
4
184
176
0
4
182
177
0
4
180
178
0
4
176
179
0
4
170
180
0
4
164
181
0
4
160
182
0
4
159
183
0
4
162
184
0
4
168
185
0
4
176
186
0
4
183
187
0
4
185
188
0
4
182
189
0
4
180
190
0
4
179
191
0
4
178
192
0
4
177
193
0
4
178
194
0
4
181
195
0
4
185
196
0
4
187
197
0
4
186
198
0
4
181
199
0
4
174
200
0
4
167
201
0
4
160
202
0
4
155
203
0
4
155
204
0
4
160
205
0
4
168
206
0
4
176
207
0
4
181
208
0
4
182
209
0
4
179
210
0
4
175
211
0
4
173
212
0
4
177
213
0
4
186
214
0
4
197
215
0
4
208
216
0
4
216
217
0
4
220
218
0
4
219
219
0
4
215
220
0
4
210
221
0
4
204
222
0
4
197
223
0
4
190
224
0
4
184
225
0
4
180
226
0
4
179
227
0
4
180
228
0
4
181
229
0
4
181
230
0
4
181
231
0
4
182
232
0
4
184
233
0
4
183
234
0
4
179
235
0
4
176
236
0
4
177
237
0
4
181
238
0
4
186
239
0
4
189
240
0
4
189
241
0
4
185
242
0
4
178
243
0
4
170
244
0
4
161
245
0
4
152
246
0
4
144
247
0
4
137
248
0
4
130
249
0
4
126
250
0
4
125
251
0
4
125
252
0
4
123
253
0
4
118
254
0
4
113
255
0
4
109
0
0
4
106
1
0
4
104
2
0
4
103
3
0
4
103
4
0
4
102
5
0
4
98
6
0
4
94
7
0
4
89
8
0
4
86
9
0
4
90
10
0
4
100
11
0
4
111
12
0
4
120
13
0
4
126
14
0
4
130
15
0
4
128
16
0
4
126
17
0
4
132
18
0
4
144
19
0
4
158
20
0
4
170
21
0
4
177
22
0
4
177
23
0
4
174
24
0
4
171
25
0
4
168
26
0
4
165
27
0
4
161
28
0
4
156
29
0
4
149
30
0
4
141
31
0
4
134
32
0
4
131
33
0
4
135
34
0
4
144
35
0
4
155
36
0
4
164
37
0
4
167
38
0
4
165
39
0
4
164
40
0
4
167
41
0
4
176
42
0
4
189
43
0
4
203
44
0
4
214
45
0
4
219
46
0
4
218
47
0
4
215
48
0
4
210
49
0
4
205
50
0
4
202
51
0
4
200
52
0
4
197
53
0
4
192
54
0
4
185
55
0
4
179
56
0
4
177
57
0
4
180
58
0
4
189
59
0
4
201
60
0
4
211
61
0
4
217
62
0
4
216
63
0
4
216
64
0
4
218
65
0
4
221
66
0
4
224
67
0
4
228
68
0
4
233
69
0
4
237
70
0
4
237
71
0
4
232
72
0
4
226
73
0
4
218
74
0
4
210
75
0
4
202
76
0
4
195
77
0
4
191
78
0
4
192
79
0
4
196
80
0
4
202
81
0
4
208
82
0
4
213
83
0
4
215
84
0
4
212
85
0
4
210
86
0
4
213
87
0
4
222
88
0
4
235
89
0
4
249
90
0
5
4
91
0
5
11
92
0
5
12
93
0
5
8
94
0
5
3
95
0
4
254
96
0
4
249
97
0
4
244
98
0
4
239
99
0
4
235
100
0
4
232
101
0
4
231
102
0
4
232
103
0
4
234
104
0
4
237
105
0
4
241
106
0
4
245
107
0
4
246
108
0
4
242
109
0
4
239
110
0
4
241
111
0
4
248
112
0
5
2
113
0
5
11
114
0
5
15
115
0
5
12
116
0
5
7
117
0
5
2
118
0
4
253
119
0
4
248
120
0
4
243
121
0
4
237
122
0
4
231
123
0
4
227
124
0
4
226
125
0
4
225
126
0
4
221
127
0
4
215
128
0
4
209
129
0
4
205
130
0
4
202
131
0
4
199
132
0
4
196
133
0
4
192
134
0
4
186
135
0
4
180
136
0
4
176
137
0
4
171
138
0
4
167
139
0
4
169
140
0
4
176
141
0
4
185
142
0
4
194
143
0
4
201
144
0
4
206
145
0
4
206
146
0
4
205
147
0
4
210
148
0
4
220
149
0
4
232
150
0
4
241
151
0
4
245
152
0
4
244
153
0
4
239
154
0
4
232
155
0
4
226
156
0
4
220
157
0
4
215
158
0
4
208
159
0
4
200
160
0
4
193
161
0
4
186
162
0
4
185
163
0
4
191
164
0
4
203
165
0
4
216
166
0
4
225
167
0
4
228
168
0
4
225
169
0
4
223
170
0
4
226
171
0
4
235
172
0
4
247
173
0
5
4
174
0
5
14
175
0
5
19
176
0
5
18
177
0
5
13
178
0
5
6
179
0
4
254
180
0
4
248
181
0
4
243
182
0
4
237
183
0
4
230
184
0
4
222
185
0
4
216
186
0
4
213
187
0
4
215
188
0
4
222
189
0
4
232
190
0
4
242
191
0
4
247
192
0
4
246
193
0
4
246
194
0
4
248
195
0
4
250
196
0
4
251
197
0
4
252
198
0
4
255
199
0
5
1
200
0
4
255
201
0
4
250
202
0
4
243
203
0
4
235
204
0
4
228
205
0
4
220
206
0
4
213
207
0
4
210
208
0
4
212
209
0
4
217
210
0
4
223
211
0
4
229
212
0
4
233
213
0
4
234
214
0
4
230
215
0
4
228
216
0
4
232
217
0
4
241
218
0
4
255
219
0
5
14
220
0
5
27
221
0
5
36
222
0
5
38
223
0
5
35
224
0
5
31
225
0
5
28
226
0
5
24
227
0
5
20
228
0
5
15
229
0
5
11
230
0
5
8
231
0
5
6
232
0
5
6
233
0
5
8
234
0
5
11
235
0
5
15
236
0
5
19
237
0
5
20
238
0
5
16
239
0
5
13
240
0
5
14
241
0
5
20
242
0
5
30
243
0
5
41
244
0
5
48
245
0
5
48
246
0
5
44
247
0
5
39
248
0
5
33
249
0
5
27
250
0
5
22
251
0
5
15
252
0
5
9
253
0
5
6
254
0
5
5
255
0
5
2
0
0
4
251
1
0
4
245
2
0
4
241
3
0
4
238
4
0
4
235
5
0
4
231
6
0
4
227
7
0
4
225
8
0
4
225
9
0
4
226
10
0
4
225
11
0
4
222
12
0
4
220
13
0
4
222
14
0
4
228
15
0
4
232
16
0
4
231
17
0
4
228
18
0
4
225
19
0
4
224
20
0
4
225
21
0
4
230
22
0
4
237
23
0
4
244
24
0
4
248
25
0
4
249
26
0
4
246
27
0
4
240
28
0
4
233
29
0
4
227
30
0
4
222
31
0
4
218
32
0
4
214
33
0
4
210
34
0
4
208
35
0
4
210
36
0
4
217
37
0
4
229
38
0
4
241
39
0
4
248
40
0
4
249
41
0
4
247
42
0
4
246
43
0
4
250
44
0
5
2
45
0
5
12
46
0
5
23
47
0
5
33
48
0
5
40
49
0
5
42
50
0
5
38
51
0
5
33
52
0
5
27
53
0
5
19
54
0
5
10
55
0
5
1
56
0
4
248
57
0
4
241
58
0
4
234
59
0
4
228
60
0
4
224
61
0
4
225
62
0
4
230
63
0
4
237
64
0
4
242
65
0
4
241
66
0
4
238
67
0
4
236
68
0
4
236
69
0
4
236
70
0
4
237
71
0
4
239
72
0
4
240
73
0
4
238
74
0
4
233
75
0
4
226
76
0
4
218
77
0
4
210
78
0
4
202
79
0
4
194
80
0
4
188
81
0
4
184
82
0
4
182
83
0
4
182
84
0
4
185
85
0
4
188
86
0
4
189
87
0
4
185
88
0
4
182
89
0
4
182
90
0
4
186
91
0
4
195
92
0
4
208
93
0
4
224
94
0
4
238
95
0
4
246
96
0
4
246
97
0
4
245
98
0
4
246
99
0
4
248
100
0
4
250
101
0
4
251
102
0
4
252
103
0
4
252
104
0
4
252
105
0
4
251
106
0
4
250
107
0
4
249
108
0
4
250
109
0
4
253
110
0
4
255
111
0
4
253
112
0
4
251
113
0
4
255
114
0
5
9
115
0
5
21
116
0
5
32
117
0
5
40
118
0
5
45
119
0
5
46
120
0
5
42
121
0
5
39
122
0
5
40
123
0
5
43
124
0
5
44
125
0
5
40
126
0
5
37
127
0
5
35
128
0
5
30
129
0
5
23
130
0
5
16
131
0
5
9
132
0
5
3
133
0
4
254
134
0
4
253
135
0
5
0
136
0
5
3
137
0
5
4
138
0
5
1
139
0
4
251
140
0
4
247
141
0
4
246
142
0
4
246
143
0
4
244
144
0
4
238
145
0
4
231
146
0
4
224
147
0
4
219
148
0
4
219
149
0
4
223
150
0
4
228
151
0
4
231
152
0
4
230
153
0
4
227
154
0
4
224
155
0
4
220
156
0
4
214
157
0
4
208
158
0
4
203
159
0
4
197
160
0
4
190
161
0
4
183
162
0
4
180
163
0
4
183
164
0
4
191
165
0
4
201
166
0
4
210
167
0
4
215
168
0
4
215
169
0
4
211
170
0
4
209
171
0
4
210
172
0
4
214
173
0
4
221
174
0
4
229
175
0
4
237
176
0
4
244
177
0
4
247
178
0
4
246
179
0
4
242
180
0
4
235
181
0
4
227
182
0
4
219
183
0
4
214
184
0
4
212
185
0
4
210
186
0
4
205
187
0
4
198
188
0
4
190
189
0
4
184
190
0
4
183
191
0
4
184
192
0
4
184
193
0
4
180
194
0
4
175
195
0
4
170
196
0
4
166
197
0
4
164
198
0
4
162
199
0
4
159
200
0
4
155
201
0
4
149
202
0
4
141
203
0
4
133
204
0
4
127
205
0
4
122
206
0
4
117
207
0
4
110
208
0
4
103
209
0
4
96
210
0
4
91
211
0
4
88
212
0
4
87
213
0
4
86
214
0
4
83
215
0
4
77
216
0
4
72
217
0
4
69
218
0
4
69
219
0
4
73
220
0
4
81
221
0
4
93
222
0
4
105
223
0
4
114
224
0
4
120
225
0
4
121
226
0
4
118
227
0
4
117
228
0
4
120
229
0
4
129
230
0
4
139
231
0
4
148
232
0
4
154
233
0
4
157
234
0
4
159
235
0
4
159
236
0
4
157
237
0
4
153
238
0
4
146
239
0
4
139
240
0
4
135
241
0
4
136
242
0
4
141
243
0
4
149
244
0
4
157
245
0
4
165
246
0
4
173
247
0
4
181
248
0
4
186
249
0
4
184
250
0
4
184
251
0
4
189
252
0
4
196
253
0
4
200
254
0
4
200
255
0
4
196
0
0
4
191
1
0
4
187
2
0
4
183
3
0
4
176
4
0
4
170
5
0
4
165
6
0
4
159
7
0
4
156
8
0
4
156
9
0
4
154
10
0
4
149
11
0
4
144
12
0
4
141
13
0
4
142
14
0
4
142
15
0
4
139
16
0
4
133
17
0
4
126
18
0
4
119
19
0
4
112
20
0
4
107
21
0
4
105
22
0
4
105
23
0
4
105
24
0
4
104
25
0
4
101
26
0
4
98
27
0
4
95
28
0
4
91
29
0
4
85
30
0
4
79
31
0
4
72
32
0
4
65
33
0
4
58
34
0
4
55
35
0
4
57
36
0
4
63
37
0
4
70
38
0
4
75
39
0
4
78
40
0
4
78
41
0
4
74
42
0
4
72
43
0
4
73
44
0
4
76
45
0
4
79
46
0
4
83
47
0
4
88
48
0
4
93
49
0
4
97
50
0
4
97
51
0
4
94
52
0
4
88
53
0
4
82
54
0
4
76
55
0
4
70
56
0
4
68
57
0
4
70
58
0
4
73
59
0
4
73
60
0
4
69
61
0
4
64
62
0
4
58
63
0
4
52
64
0
4
45
65
0
4
39
66
0
4
34
67
0
4
28
68
0
4
21
69
0
4
14
70
0
4
8
71
0
4
2
72
0
3
251
73
0
3
245
74
0
3
238
75
0
3
232
76
0
3
225
77
0
3
219
78
0
3
215
79
0
3
211
80
0
3
206
81
0
3
200
82
0
3
196
83
0
3
195
84
0
3
196
85
0
3
196
86
0
3
192
87
0
3
190
88
0
3
191
89
0
3
194
90
0
3
198
91
0
3
203
92
0
3
210
93
0
3
219
94
0
3
228
95
0
3
235
96
0
3
238
97
0
3
238
98
0
3
236
99
0
3
233
100
0
3
230
101
0
3
232
102
0
3
241
103
0
3
254
104
0
4
10
105
0
4
19
106
0
4
26
107
0
4
31
108
0
4
34
109
0
4
34
110
0
4
30
111
0
4
28
112
0
4
30
113
0
4
36
114
0
4
45
115
0
4
54
116
0
4
62
117
0
4
69
118
0
4
77
119
0
4
86
120
0
4
94
121
0
4
96
122
0
4
95
123
0
4
96
124
0
4
98
125
0
4
99
126
0
4
99
127
0
4
100
128
0
4
104
129
0
4
110
130
0
4
116
131
0
4
118
132
0
4
116
133
0
4
113
134
0
4
107
135
0
4
104
136
0
4
104
137
0
4
105
138
0
4
103
139
0
4
101
140
0
4
100
141
0
4
102
142
0
4
104
143
0
4
101
144
0
4
100
145
0
4
102
146
0
4
104
147
0
4
103
148
0
4
100
149
0
4
96
150
0
4
93
151
0
4
90
152
0
4
87
153
0
4
84
154
0
4
80
155
0
4
75
156
0
4
68
157
0
4
61
158
0
4
53
159
0
4
45
160
0
4
38
161
0
4
36
162
0
4
40
163
0
4
49
164
0
4
59
165
0
4
66
166
0
4
69
167
0
4
67
168
0
4
63
169
0
4
59
170
0
4
59
171
0
4
63
172
0
4
69
173
0
4
74
174
0
4
76
175
0
4
76
176
0
4
75
177
0
4
75
178
0
4
74
179
0
4
71
180
0
4
65
181
0
4
58
182
0
4
51
183
0
4
45
184
0
4
41
185
0
4
40
186
0
4
41
187
0
4
44
188
0
4
45
189
0
4
43
190
0
4
39
191
0
4
37
192
0
4
37
193
0
4
37
194
0
4
36
195
0
4
33
196
0
4
29
197
0
4
23
198
0
4
18
199
0
4
15
200
0
4
13
201
0
4
10
202
0
4
5
203
0
3
255
204
0
3
250
205
0
3
244
206
0
3
237
207
0
3
230
208
0
3
224
209
0
3
220
210
0
3
219
211
0
3
219
212
0
3
218
213
0
3
215
214
0
3
211
215
0
3
209
216
0
3
212
217
0
3
220
218
0
3
232
219
0
3
244
220
0
3
254
221
0
4
5
222
0
4
7
223
0
4
5
224
0
4
0
225
0
3
251
226
0
3
247
227
0
3
243
228
0
3
239
229
0
3
236
230
0
3
235
231
0
3
237
232
0
3
242
233
0
3
249
234
0
4
3
235
0
4
12
236
0
4
20
237
0
4
24
238
0
4
22
239
0
4
23
240
0
4
29
241
0
4
40
242
0
4
53
243
0
4
65
244
0
4
74
245
0
4
81
246
0
4
87
247
0
4
91
248
0
4
92
249
0
4
89
250
0
4
86
251
0
4
84
252
0
4
82
253
0
4
78
254
0
4
73
255
0
4
70
0
0
4
72
1
0
4
79
2
0
4
88
3
0
4
94
4
0
4
95
5
0
4
93
6
0
4
92
7
0
4
92
8
0
4
91
9
0
4
87
10
0
4
83
11
0
4
77
12
0
4
74
13
0
4
74
14
0
4
73
15
0
4
70
16
0
4
69
17
0
4
69
18
0
4
68
19
0
4
67
20
0
4
66
21
0
4
64
22
0
4
59
23
0
4
53
24
0
4
46
25
0
4
39
26
0
4
33
27
0
4
27
28
0
4
20
29
0
4
13
30
0
4
6
31
0
4
1
32
0
3
251
33
0
3
249
34
0
3
253
35
0
4
8
36
0
4
19
37
0
4
27
38
0
4
28
39
0
4
25
40
0
4
20
41
0
4
18
42
0
4
20
43
0
4
26
44
0
4
34
45
0
4
40
46
0
4
43
47
0
4
42
48
0
4
37
49
0
4
31
50
0
4
24
51
0
4
17
52
0
4
9
53
0
4
1
54
0
3
249
55
0
3
243
56
0
3
238
57
0
3
234
58
0
3
232
59
0
3
233
60
0
3
236
61
0
3
239
62
0
3
239
63
0
3
237
64
0
3
238
65
0
3
242
66
0
3
247
67
0
3
253
68
0
4
2
69
0
4
3
70
0
4
1
71
0
4
1
72
0
4
5
73
0
4
10
74
0
4
14
75
0
4
15
76
0
4
13
77
0
4
9
78
0
4
5
79
0
4
3
80
0
4
0
81
0
3
250
82
0
3
247
83
0
3
246
84
0
3
248
85
0
3
250
86
0
3
250
87
0
3
248
88
0
3
251
89
0
4
4
90
0
4
17
91
0
4
32
92
0
4
48
93
0
4
61
94
0
4
68
95
0
4
68
96
0
4
68
97
0
4
69
98
0
4
70
99
0
4
71
100
0
4
72
101
0
4
73
102
0
4
73
103
0
4
71
104
0
4
67
105
0
4
65
106
0
4
68
107
0
4
76
108
0
4
86
109
0
4
93
110
0
4
92
111
0
4
92
112
0
4
96
113
0
4
105
114
0
4
117
115
0
4
133
116
0
4
150
117
0
4
165
118
0
4
176
119
0
4
180
120
0
4
178
121
0
4
176
122
0
4
176
123
0
4
177
124
0
4
177
125
0
4
175
126
0
4
172
127
0
4
169
128
0
4
169
129
0
4
173
130
0
4
178
131
0
4
182
132
0
4
184
133
0
4
186
134
0
4
188
135
0
4
189
136
0
4
185
137
0
4
181
138
0
4
177
139
0
4
171
140
0
4
165
141
0
4
159
142
0
4
152
143
0
4
147
144
0
4
142
145
0
4
137
146
0
4
132
147
0
4
127
148
0
4
122
149
0
4
116
150
0
4
109
151
0
4
103
152
0
4
98
153
0
4
93
154
0
4
87
155
0
4
80
156
0
4
73
157
0
4
65
158
0
4
58
159
0
4
51
160
0
4
45
161
0
4
44
162
0
4
49
163
0
4
57
164
0
4
65
165
0
4
69
166
0
4
68
167
0
4
64
168
0
4
61
169
0
4
60
170
0
4
63
171
0
4
69
172
0
4
76
173
0
4
81
174
0
4
83
175
0
4
81
176
0
4
76
177
0
4
70
178
0
4
64
179
0
4
58
180
0
4
52
181
0
4
46
182
0
4
41
183
0
4
36
184
0
4
29
185
0
4
22
186
0
4
15
187
0
4
11
188
0
4
10
189
0
4
9
190
0
4
4
191
0
4
0
192
0
3
253
193
0
3
252
194
0
3
252
195
0
3
255
196
0
4
3
197
0
4
4
198
0
4
1
199
0
3
255
200
0
3
255
201
0
4
1
202
0
4
3
203
0
4
7
204
0
4
10
205
0
4
10
206
0
4
8
207
0
4
6
208
0
4
3
209
0
3
254
210
0
3
250
211
0
3
247
212
0
3
245
213
0
3
243
214
0
3
239
215
0
3
235
216
0
3
235
217
0
3
240
218
0
3
251
219
0
4
10
220
0
4
26
221
0
4
41
222
0
4
52
223
0
4
55
224
0
4
55
225
0
4
56
226
0
4
59
227
0
4
64
228
0
4
71
229
0
4
79
230
0
4
86
231
0
4
90
232
0
4
90
233
0
4
88
234
0
4
86
235
0
4
87
236
0
4
91
237
0
4
94
238
0
4
92
239
0
4
93
240
0
4
98
241
0
4
105
242
0
4
114
243
0
4
127
244
0
4
144
245
0
4
164
246
0
4
181
247
0
4
190
248
0
4
191
249
0
4
192
250
0
4
194
251
0
4
196
252
0
4
198
253
0
4
201
254
0
4
204
255
0
4
208
0
0
4
213
1
0
4
218
2
0
4
222
3
0
4
223
4
0
4
223
5
0
4
225
6
0
4
230
7
0
4
234
8
0
4
234
9
0
4
231
10
0
4
226
11
0
4
220
12
0
4
214
13
0
4
211
14
0
4
213
15
0
4
218
16
0
4
222
17
0
4
223
18
0
4
220
19
0
4
214
20
0
4
209
21
0
4
205
22
0
4
201
23
0
4
195
24
0
4
188
25
0
4
180
26
0
4
173
27
0
4
166
28
0
4
159
29
0
4
152
30
0
4
145
31
0
4
138
32
0
4
135
33
0
4
137
34
0
4
142
35
0
4
146
36
0
4
147
37
0
4
143
38
0
4
138
39
0
4
135
40
0
4
135
41
0
4
138
42
0
4
142
43
0
4
145
44
0
4
146
45
0
4
145
46
0
4
143
47
0
4
139
48
0
4
132
49
0
4
125
50
0
4
119
51
0
4
114
52
0
4
110
53
0
4
107
54
0
4
106
55
0
4
104
56
0
4
100
57
0
4
94
58
0
4
88
59
0
4
83
60
0
4
78
61
0
4
73
62
0
4
70
63
0
4
69
64
0
4
67
65
0
4
63
66
0
4
59
67
0
4
56
68
0
4
54
69
0
4
52
70
0
4
47
71
0
4
41
72
0
4
36
73
0
4
33
74
0
4
34
75
0
4
38
76
0
4
42
77
0
4
42
78
0
4
38
79
0
4
32
80
0
4
25
81
0
4
17
82
0
4
10
83
0
4
5
84
0
4
1
85
0
3
252
86
0
3
248
87
0
3
245
88
0
3
244
89
0
3
247
90
0
3
252
91
0
4
3
92
0
4
10
93
0
4
17
94
0
4
22
95
0
4
24
96
0
4
21
97
0
4
17
98
0
4
16
99
0
4
20
100
0
4
28
101
0
4
39
102
0
4
49
103
0
4
55
104
0
4
57
105
0
4
57
106
0
4
57
107
0
4
56
108
0
4
52
109
0
4
49
110
0
4
49
111
0
4
50
112
0
4
49
113
0
4
47
114
0
4
47
115
0
4
54
116
0
4
67
117
0
4
83
118
0
4
96
119
0
4
103
120
0
4
104
121
0
4
101
122
0
4
96
123
0
4
93
124
0
4
94
125
0
4
99
126
0
4
107
127
0
4
116
128
0
4
125
129
0
4
133
130
0
4
137
131
0
4
137
132
0
4
134
133
0
4
130
134
0
4
126
135
0
4
124
136
0
4
121
137
0
4
117
138
0
4
113
139
0
4
108
140
0
4
102
141
0
4
97
142
0
4
96
143
0
4
98
144
0
4
102
145
0
4
106
146
0
4
107
147
0
4
104
148
0
4
102
149
0
4
102
150
0
4
101
151
0
4
97
152
0
4
91
153
0
4
85
154
0
4
80
155
0
4
74
156
0
4
68
157
0
4
65
158
0
4
62
159
0
4
58
160
0
4
58
161
0
4
62
162
0
4
68
163
0
4
72
164
0
4
73
165
0
4
69
166
0
4
65
167
0
4
62
168
0
4
63
169
0
4
67
170
0
4
73
171
0
4
78
172
0
4
79
173
0
4
76
174
0
4
70
175
0
4
63
176
0
4
56
177
0
4
48
178
0
4
41
179
0
4
35
180
0
4
30
181
0
4
26
182
0
4
23
183
0
4
20
184
0
4
17
185
0
4
13
186
0
4
9
187
0
4
4
188
0
3
254
189
0
3
250
190
0
3
249
191
0
3
250
192
0
3
251
193
0
3
252
194
0
3
252
195
0
3
251
196
0
3
248
197
0
3
243
198
0
3
238
199
0
3
233
200
0
3
227
201
0
3
223
202
0
3
222
203
0
3
224
204
0
3
226
205
0
3
226
206
0
3
223
207
0
3
219
208
0
3
216
209
0
3
214
210
0
3
210
211
0
3
206
212
0
3
203
213
0
3
202
214
0
3
202
215
0
3
203
216
0
3
206
217
0
3
210
218
0
3
215
219
0
3
222
220
0
3
229
221
0
3
235
222
0
3
238
223
0
3
238
224
0
3
235
225
0
3
230
226
0
3
227
227
0
3
229
228
0
3
237
229
0
3
249
230
0
4
5
231
0
4
12
232
0
4
15
233
0
4
16
234
0
4
17
235
0
4
18
236
0
4
15
237
0
4
13
238
0
4
15
239
0
4
19
240
0
4
22
241
0
4
23
242
0
4
25
243
0
4
31
244
0
4
42
245
0
4
55
246
0
4
66
247
0
4
70
248
0
4
68
249
0
4
64
250
0
4
59
251
0
4
53
252
0
4
49
253
0
4
48
254
0
4
51
255
0
4
58
0
0
4
67
1
0
4
75
2
0
4
79
3
0
4
79
4
0
4
78
5
0
4
77
6
0
4
76
7
0
4
73
8
0
4
67
9
0
4
61
10
0
4
57
11
0
4
56
12
0
4
54
13
0
4
50
14
0
4
49
15
0
4
50
16
0
4
53
17
0
4
55
18
0
4
56
19
0
4
55
20
0
4
52
21
0
4
46
22
0
4
40
23
0
4
34
24
0
4
28
25
0
4
23
26
0
4
19
27
0
4
15
28
0
4
9
29
0
4
3
30
0
3
253
31
0
3
248
32
0
3
247
33
0
3
250
34
0
3
254
35
0
4
2
36
0
4
2
37
0
3
255
38
0
3
252
39
0
3
250
40
0
3
252
41
0
4
2
42
0
4
7
43
0
4
11
44
0
4
12
45
0
4
10
46
0
4
5
47
0
3
255
48
0
3
251
49
0
3
249
50
0
3
246
51
0
3
242
52
0
3
236
53
0
3
231
54
0
3
226
55
0
3
221
56
0
3
215
57
0
3
209
58
0
3
203
59
0
3
197
60
0
3
191
61
0
3
185
62
0
3
181
63
0
3
179
64
0
3
178
65
0
3
177
66
0
3
176
67
0
3
175
68
0
3
172
69
0
3
168
70
0
3
164
71
0
3
160
72
0
3
156
73
0
3
153
74
0
3
152
75
0
3
152
76
0
3
151
77
0
3
148
78
0
3
144
79
0
3
139
80
0
3
134
81
0
3
130
82
0
3
126
83
0
3
122
84
0
3
118
85
0
3
116
86
0
3
116
87
0
3
118
88
0
3
122
89
0
3
128
90
0
3
135
91
0
3
143
92
0
3
151
93
0
3
156
94
0
3
157
95
0
3
154
96
0
3
149
97
0
3
144
98
0
3
141
99
0
3
141
100
0
3
145
101
0
3
151
102
0
3
157
103
0
3
161
104
0
3
165
105
0
3
170
106
0
3
176
107
0
3
182
108
0
3
184
109
0
3
183
110
0
3
183
111
0
3
185
112
0
3
189
113
0
3
194
114
0
3
202
115
0
3
213
116
0
3
226
117
0
3
239
118
0
3
248
119
0
3
250
120
0
3
249
121
0
3
247
122
0
3
243
123
0
3
238
124
0
3
232
125
0
3
228
126
0
3
229
127
0
3
235
128
0
3
245
129
0
3
255
130
0
4
6
131
0
4
8
132
0
4
8
133
0
4
6
134
0
4
3
135
0
3
254
136
0
3
250
137
0
3
246
138
0
3
242
139
0
3
240
140
0
3
238
141
0
3
234
142
0
3
230
143
0
3
227
144
0
3
224
145
0
3
221
146
0
3
219
147
0
3
217
148
0
3
214
149
0
3
209
150
0
3
204
151
0
3
200
152
0
3
197
153
0
3
194
154
0
3
191
155
0
3
186
156
0
3
181
157
0
3
178
158
0
3
176
159
0
3
172
160
0
3
169
161
0
3
170
162
0
3
174
163
0
3
179
164
0
3
183
165
0
3
184
166
0
3
181
167
0
3
179
168
0
3
180
169
0
3
185
170
0
3
191
171
0
3
196
172
0
3
197
173
0
3
195
174
0
3
191
175
0
3
186
176
0
3
182
177
0
3
179
178
0
3
176
179
0
3
171
180
0
3
168
181
0
3
166
182
0
3
163
183
0
3
159
184
0
3
156
185
0
3
153
186
0
3
149
187
0
3
144
188
0
3
139
189
0
3
134
190
0
3
128
191
0
3
123
192
0
3
121
193
0
3
122
194
0
3
123
195
0
3
122
196
0
3
119
197
0
3
115
198
0
3
110
199
0
3
105
200
0
3
101
201
0
3
100
202
0
3
99
203
0
3
96
204
0
3
92
205
0
3
88
206
0
3
83
207
0
3
79
208
0
3
76
209
0
3
74
210
0
3
74
211
0
3
75
212
0
3
75
213
0
3
73
214
0
3
72
215
0
3
73
216
0
3
75
217
0
3
78
218
0
3
83
219
0
3
92
220
0
3
103
221
0
3
112
222
0
3
118
223
0
3
120
224
0
3
119
225
0
3
117
226
0
3
114
227
0
3
114
228
0
3
118
229
0
3
125
230
0
3
131
231
0
3
134
232
0
3
137
233
0
3
141
234
0
3
147
235
0
3
152
236
0
3
155
237
0
3
155
238
0
3
152
239
0
3
149
240
0
3
149
241
0
3
154
242
0
3
162
243
0
3
171
244
0
3
181
245
0
3
191
246
0
3
202
247
0
3
210
248
0
3
211
249
0
3
211
250
0
3
211
251
0
3
208
252
0
3
205
253
0
3
201
254
0
3
199
255
0
3
202
0
0
3
208
1
0
3
213
2
0
3
213
3
0
3
210
4
0
3
208
5
0
3
208
6
0
3
210
7
0
3
210
8
0
3
206
9
0
3
200
10
0
3
196
11
0
3
195
12
0
3
195
13
0
3
192
14
0
3
189
15
0
3
186
16
0
3
182
17
0
3
176
18
0
3
171
19
0
3
168
20
0
3
168
21
0
3
168
22
0
3
166
23
0
3
162
24
0
3
158
25
0
3
154
26
0
3
149
27
0
3
143
28
0
3
138
29
0
3
133
30
0
3
127
31
0
3
122
32
0
3
119
33
0
3
119
34
0
3
123
35
0
3
129
36
0
3
134
37
0
3
137
38
0
3
136
39
0
3
134
40
0
3
135
41
0
3
138
42
0
3
141
43
0
3
142
44
0
3
141
45
0
3
138
46
0
3
135
47
0
3
131
48
0
3
126
49
0
3
122
50
0
3
118
51
0
3
115
52
0
3
115
53
0
3
117
54
0
3
117
55
0
3
115
56
0
3
113
57
0
3
111
58
0
3
107
59
0
3
102
60
0
3
97
61
0
3
94
62
0
3
94
63
0
3
92
64
0
3
90
65
0
3
90
66
0
3
90
67
0
3
87
68
0
3
84
69
0
3
80
70
0
3
76
71
0
3
72
72
0
3
68
73
0
3
66
74
0
3
65
75
0
3
62
76
0
3
58
77
0
3
55
78
0
3
51
79
0
3
46
80
0
3
41
81
0
3
37
82
0
3
34
83
0
3
32
84
0
3
31
85
0
3
28
86
0
3
25
87
0
3
22
88
0
3
19
89
0
3
18
90
0
3
19
91
0
3
25
92
0
3
34
93
0
3
43
94
0
3
49
95
0
3
52
96
0
3
54
97
0
3
55
98
0
3
52
99
0
3
52
100
0
3
56
101
0
3
62
102
0
3
67
103
0
3
70
104
0
3
74
105
0
3
80
106
0
3
87
107
0
3
93
108
0
3
98
109
0
3
102
110
0
3
104
111
0
3
102
112
0
3
101
113
0
3
105
114
0
3
113
115
0
3
123
116
0
3
133
117
0
3
143
118
0
3
154
119
0
3
164
120
0
3
169
121
0
3
170
122
0
3
171
123
0
3
169
124
0
3
166
125
0
3
163
126
0
3
159
127
0
3
159
128
0
3
163
129
0
3
167
130
0
3
167
131
0
3
163
132
0
3
160
133
0
3
160
134
0
3
161
135
0
3
159
136
0
3
156
137
0
3
153
138
0
3
149
139
0
3
147
140
0
3
147
141
0
3
144
142
0
3
140
143
0
3
135
144
0
3
131
145
0
3
129
146
0
3
128
147
0
3
124
148
0
3
123
149
0
3
124
150
0
3
123
151
0
3
120
152
0
3
117
153
0
3
114
154
0
3
109
155
0
3
104
156
0
3
100
157
0
3
97
158
0
3
95
159
0
3
93
160
0
3
89
161
0
3
85
162
0
3
82
163
0
3
81
164
0
3
82
165
0
3
84
166
0
3
87
167
0
3
88
168
0
3
86
169
0
3
85
170
0
3
85
171
0
3
84
172
0
3
80
173
0
3
75
174
0
3
71
175
0
3
67
176
0
3
62
177
0
3
58
178
0
3
55
179
0
3
50
180
0
3
49
181
0
3
53
182
0
3
60
183
0
3
64
184
0
3
63
185
0
3
61
186
0
3
58
187
0
3
54
188
0
3
49
189
0
3
46
190
0
3
47
191
0
3
49
192
0
3
48
193
0
3
47
194
0
3
47
195
0
3
45
196
0
3
41
197
0
3
37
198
0
3
32
199
0
3
27
200
0
3
23
201
0
3
20
202
0
3
17
203
0
3
13
204
0
3
10
205
0
3
9
206
0
3
9
207
0
3
9
208
0
3
8
209
0
3
5
210
0
3
2
211
0
3
2
212
0
3
4
213
0
3
7
214
0
3
7
215
0
3
4
216
0
3
0
217
0
2
252
218
0
2
250
219
0
2
252
220
0
3
1
221
0
3
7
222
0
3
12
223
0
3
16
224
0
3
19
225
0
3
22
226
0
3
24
227
0
3
22
228
0
3
20
229
0
3
19
230
0
3
18
231
0
3
18
232
0
3
20
233
0
3
24
234
0
3
29
235
0
3
34
236
0
3
38
237
0
3
43
238
0
3
50
239
0
3
57
240
0
3
58
241
0
3
60
242
0
3
66
243
0
3
74
244
0
3
81
245
0
3
88
246
0
3
96
247
0
3
107
248
0
3
118
249
0
3
124
250
0
3
125
251
0
3
126
252
0
3
125
253
0
3
122
254
0
3
118
255
0
3
114
0
0
3
112
1
0
3
112
2
0
3
111
3
0
3
110
4
0
3
109
5
0
3
110
6
0
3
113
7
0
3
116
8
0
3
115
9
0
3
114
10
0
3
115
11
0
3
115
12
0
3
112
13
0
3
109
14
0
3
106
15
0
3
102
16
0
3
99
17
0
3
100
18
0
3
105
19
0
3
110
20
0
3
111
21
0
3
112
22
0
3
115
23
0
3
118
24
0
3
118
25
0
3
116
26
0
3
114
27
0
3
112
28
0
3
108
29
0
3
103
30
0
3
98
31
0
3
94
32
0
3
91
33
0
3
88
34
0
3
87
35
0
3
86
36
0
3
83
37
0
3
81
38
0
3
84
39
0
3
90
40
0
3
96
41
0
3
99
42
0
3
99
43
0
3
96
44
0
3
92
45
0
3
87
46
0
3
83
47
0
3
81
48
0
3
80
49
0
3
76
50
0
3
74
51
0
3
73
52
0
3
70
53
0
3
71
54
0
3
77
55
0
3
85
56
0
3
92
57
0
3
96
58
0
3
98
59
0
3
99
60
0
3
98
61
0
3
95
62
0
3
95
63
0
3
97
64
0
3
100
65
0
3
102
66
0
3
101
67
0
3
98
68
0
3
94
69
0
3
90
70
0
3
88
71
0
3
87
72
0
3
87
73
0
3
85
74
0
3
81
75
0
3
77
76
0
3
74
77
0
3
73
78
0
3
75
79
0
3
81
80
0
3
88
81
0
3
92
82
0
3
92
83
0
3
93
84
0
3
96
85
0
3
100
86
0
3
104
87
0
3
107
88
0
3
108
89
0
3
106
90
0
3
104
91
0
3
105
92
0
3
107
93
0
3
108
94
0
3
107
95
0
3
105
96
0
3
103
97
0
3
102
98
0
3
102
99
0
3
102
100
0
3
102
101
0
3
103
102
0
3
105
103
0
3
105
104
0
3
103
105
0
3
104
106
0
3
108
107
0
3
114
108
0
3
120
109
0
3
127
110
0
3
136
111
0
3
144
112
0
3
149
113
0
3
149
114
0
3
147
115
0
3
146
116
0
3
147
117
0
3
149
118
0
3
151
119
0
3
154
120
0
3
157
121
0
3
159
122
0
3
160
123
0
3
160
124
0
3
158
125
0
3
155
126
0
3
150
127
0
3
144
128
0
3
139
129
0
3
135
130
0
3
131
131
0
3
126
132
0
3
123
133
0
3
122
134
0
3
123
135
0
3
126
136
0
3
129
137
0
3
129
138
0
3
127
139
0
3
125
140
0
3
125
141
0
3
126
142
0
3
126
143
0
3
124
144
0
3
123
145
0
3
125
146
0
3
129
147
0
3
134
148
0
3
140
149
0
3
145
150
0
3
146
151
0
3
146
152
0
3
149
153
0
3
153
154
0
3
156
155
0
3
155
156
0
3
152
157
0
3
148
158
0
3
143
159
0
3
137
160
0
3
131
161
0
3
124
162
0
3
120
163
0
3
119
164
0
3
121
165
0
3
124
166
0
3
124
167
0
3
124
168
0
3
128
169
0
3
134
170
0
3
141
171
0
3
147
172
0
3
151
173
0
3
153
174
0
3
152
175
0
3
149
176
0
3
147
177
0
3
146
178
0
3
144
179
0
3
140
180
0
3
137
181
0
3
132
182
0
3
130
183
0
3
133
184
0
3
140
185
0
3
147
186
0
3
153
187
0
3
158
188
0
3
164
189
0
3
168
190
0
3
168
191
0
3
167
192
0
3
169
193
0
3
174
194
0
3
178
195
0
3
180
196
0
3
180
197
0
3
179
198
0
3
179
199
0
3
181
200
0
3
184
201
0
3
186
202
0
3
185
203
0
3
182
204
0
3
179
205
0
3
178
206
0
3
178
207
0
3
181
208
0
3
188
209
0
3
197
210
0
3
204
211
0
3
204
212
0
3
204
213
0
3
207
214
0
3
211
215
0
3
213
216
0
3
214
217
0
3
214
218
0
3
212
219
0
3
208
220
0
3
205
221
0
3
203
222
0
3
200
223
0
3
195
224
0
3
190
225
0
3
184
226
0
3
179
227
0
3
176
228
0
3
175
229
0
3
176
230
0
3
179
231
0
3
183
232
0
3
187
233
0
3
188
234
0
3
186
235
0
3
186
236
0
3
188
237
0
3
191
238
0
3
196
239
0
3
203
240
0
3
210
241
0
3
214
242
0
3
214
243
0
3
211
244
0
3
207
245
0
3
203
246
0
3
197
247
0
3
193
248
0
3
192
249
0
3
192
250
0
3
190
251
0
3
186
252
0
3
182
253
0
3
181
254
0
3
182
255
0
3
182
0
0
3
180
1
0
3
177
2
0
3
175
3
0
3
174
4
0
3
173
5
0
3
169
6
0
3
166
7
0
3
164
8
0
3
163
9
0
3
162
10
0
3
160
11
0
3
158
12
0
3
155
13
0
3
150
14
0
3
146
15
0
3
145
16
0
3
145
17
0
3
142
18
0
3
143
19
0
3
148
20
0
3
154
21
0
3
159
22
0
3
162
23
0
3
164
24
0
3
166
25
0
3
165
26
0
3
164
27
0
3
166
28
0
3
170
29
0
3
171
30
0
3
169
31
0
3
167
32
0
3
164
33
0
3
160
34
0
3
156
35
0
3
151
36
0
3
146
37
0
3
143
38
0
3
144
39
0
3
147
40
0
3
148
41
0
3
146
42
0
3
146
43
0
3
148
44
0
3
152
45
0
3
157
46
0
3
162
47
0
3
166
48
0
3
167
49
0
3
165
50
0
3
163
51
0
3
162
52
0
3
159
53
0
3
154
54
0
3
149
55
0
3
143
56
0
3
139
57
0
3
138
58
0
3
139
59
0
3
142
60
0
3
146
61
0
3
152
62
0
3
160
63
0
3
168
64
0
3
171
65
0
3
171
66
0
3
173
67
0
3
177
68
0
3
181
69
0
3
184
70
0
3
186
71
0
3
189
72
0
3
195
73
0
3
202
74
0
3
207
75
0
3
208
76
0
3
205
77
0
3
202
78
0
3
200
79
0
3
201
80
0
3
205
81
0
3
211
82
0
3
218
83
0
3
224
84
0
3
226
85
0
3
224
86
0
3
221
87
0
3
220
88
0
3
220
89
0
3
219
90
0
3
215
91
0
3
210
92
0
3
204
93
0
3
198
94
0
3
193
95
0
3
187
96
0
3
181
97
0
3
175
98
0
3
171
99
0
3
169
100
0
3
166
101
0
3
162
102
0
3
162
103
0
3
165
104
0
3
169
105
0
3
172
106
0
3
173
107
0
3
171
108
0
3
167
109
0
3
162
110
0
3
159
111
0
3
158
112
0
3
160
113
0
3
161
114
0
3
160
115
0
3
156
116
0
3
151
117
0
3
147
118
0
3
145
119
0
3
145
120
0
3
145
121
0
3
142
122
0
3
137
123
0
3
131
124
0
3
125
125
0
3
119
126
0
3
114
127
0
3
111
128
0
3
111
129
0
3
115
130
0
3
120
131
0
3
124
132
0
3
126
133
0
3
126
134
0
3
126
135
0
3
127
136
0
3
128
137
0
3
126
138
0
3
123
139
0
3
120
140
0
3
118
141
0
3
115
142
0
3
113
143
0
3
112
144
0
3
112
145
0
3
112
146
0
3
110
147
0
3
107
148
0
3
102
149
0
3
100
150
0
3
102
151
0
3
106
152
0
3
109
153
0
3
109
154
0
3
107
155
0
3
105
156
0
3
103
157
0
3
99
158
0
3
97
159
0
3
99
160
0
3
102
161
0
3
103
162
0
3
102
163
0
3
101
164
0
3
100
165
0
3
96
166
0
3
91
167
0
3
86
168
0
3
80
169
0
3
74
170
0
3
70
171
0
3
66
172
0
3
62
173
0
3
58
174
0
3
58
175
0
3
61
176
0
3
66
177
0
3
70
178
0
3
71
179
0
3
70
180
0
3
67
181
0
3
63
182
0
3
59
183
0
3
58
184
0
3
59
185
0
3
60
186
0
3
58
187
0
3
54
188
0
3
49
189
0
3
48
190
0
3
52
191
0
3
59
192
0
3
67
193
0
3
74
194
0
3
79
195
0
3
81
196
0
3
80
197
0
3
80
198
0
3
84
199
0
3
93
200
0
3
103
201
0
3
111
202
0
3
117
203
0
3
121
204
0
3
123
205
0
3
122
206
0
3
119
207
0
3
118
208
0
3
119
209
0
3
121
210
0
3
124
211
0
3
127
212
0
3
130
213
0
3
130
214
0
3
127
215
0
3
123
216
0
3
119
217
0
3
115
218
0
3
111
219
0
3
106
220
0
3
100
221
0
3
94
222
0
3
89
223
0
3
86
224
0
3
84
225
0
3
83
226
0
3
81
227
0
3
78
228
0
3
73
229
0
3
68
230
0
3
63
231
0
3
59
232
0
3
55
233
0
3
53
234
0
3
52
235
0
3
52
236
0
3
52
237
0
3
51
238
0
3
49
239
0
3
45
240
0
3
40
241
0
3
35
242
0
3
31
243
0
3
26
244
0
3
22
245
0
3
19
246
0
3
17
247
0
3
15
248
0
3
13
249
0
3
12
250
0
3
14
251
0
3
19
252
0
3
25
253
0
3
28
254
0
3
26
255
0
3
23
0
0
3
18
1
0
3
13
2
0
3
8
3
0
3
5
4
0
3
6
5
0
3
9
6
0
3
12
7
0
3
15
8
0
3
18
9
0
3
23
10
0
3
30
11
0
3
38
12
0
3
44
13
0
3
47
14
0
3
47
15
0
3
44
16
0
3
43
17
0
3
44
18
0
3
47
19
0
3
51
20
0
3
54
21
0
3
56
22
0
3
56
23
0
3
54
24
0
3
53
25
0
3
54
26
0
3
58
27
0
3
61
28
0
3
62
29
0
3
60
30
0
3
58
31
0
3
56
32
0
3
53
33
0
3
52
34
0
3
55
35
0
3
61
36
0
3
65
37
0
3
64
38
0
3
62
39
0
3
59
40
0
3
55
41
0
3
50
42
0
3
46
43
0
3
45
44
0
3
44
45
0
3
40
46
0
3
37
47
0
3
34
48
0
3
31
49
0
3
31
50
0
3
34
51
0
3
38
52
0
3
40
53
0
3
40
54
0
3
38
55
0
3
35
56
0
3
31
57
0
3
29
58
0
3
30
59
0
3
32
60
0
3
32
61
0
3
30
62
0
3
26
63
0
3
22
64
0
3
20
65
0
3
21
66
0
3
25
67
0
3
31
68
0
3
37
69
0
3
42
70
0
3
44
71
0
3
43
72
0
3
44
73
0
3
50
74
0
3
60
75
0
3
72
76
0
3
81
77
0
3
85
78
0
3
84
79
0
3
81
80
0
3
78
81
0
3
76
82
0
3
75
83
0
3
75
84
0
3
75
85
0
3
74
86
0
3
71
87
0
3
67
88
0
3
63
89
0
3
60
90
0
3
59
91
0
3
59
92
0
3
58
93
0
3
54
94
0
3
51
95
0
3
49
96
0
3
48
97
0
3
47
98
0
3
47
99
0
3
48
100
0
3
49
101
0
3
48
102
0
3
46
103
0
3
47
104
0
3
49
105
0
3
49
106
0
3
47
107
0
3
45
108
0
3
41
109
0
3
37
110
0
3
34
111
0
3
31
112
0
3
27
113
0
3
22
114
0
3
18
115
0
3
17
116
0
3
19
117
0
3
21
118
0
3
20
119
0
3
19
120
0
3
20
121
0
3
21
122
0
3
20
123
0
3
18
124
0
3
17
125
0
3
18
126
0
3
22
127
0
3
27
128
0
3
30
129
0
3
30
130
0
3
27
131
0
3
23
132
0
3
20
133
0
3
18
134
0
3
14
135
0
3
12
136
0
3
15
137
0
3
22
138
0
3
31
139
0
3
39
140
0
3
47
141
0
3
55
142
0
3
64
143
0
3
72
144
0
3
77
145
0
3
76
146
0
3
75
147
0
3
74
148
0
3
74
149
0
3
74
150
0
3
75
151
0
3
77
152
0
3
81
153
0
3
86
154
0
3
89
155
0
3
88
156
0
3
84
157
0
3
81
158
0
3
80
159
0
3
80
160
0
3
79
161
0
3
77
162
0
3
74
163
0
3
70
164
0
3
67
165
0
3
63
166
0
3
60
167
0
3
59
168
0
3
59
169
0
3
57
170
0
3
54
171
0
3
51
172
0
3
47
173
0
3
42
174
0
3
39
175
0
3
39
176
0
3
40
177
0
3
39
178
0
3
36
179
0
3
33
180
0
3
28
181
0
3
24
182
0
3
21
183
0
3
18
184
0
3
13
185
0
3
8
186
0
3
3
187
0
2
254
188
0
2
250
189
0
2
246
190
0
2
244
191
0
2
243
192
0
2
242
193
0
2
241
194
0
2
239
195
0
2
236
196
0
2
234
197
0
2
234
198
0
2
236
199
0
2
238
200
0
2
238
201
0
2
237
202
0
2
238
203
0
2
241
204
0
2
245
205
0
2
250
206
0
2
255
207
0
3
2
208
0
3
1
209
0
3
0
210
0
3
2
211
0
3
4
212
0
3
4
213
0
3
2
214
0
2
254
215
0
2
252
216
0
2
251
217
0
2
251
218
0
2
250
219
0
2
249
220
0
2
249
221
0
2
250
222
0
2
251
223
0
2
249
224
0
2
249
225
0
2
252
226
0
3
2
227
0
3
8
228
0
3
13
229
0
3
17
230
0
3
19
231
0
3
17
232
0
3
16
233
0
3
17
234
0
3
20
235
0
3
22
236
0
3
21
237
0
3
19
238
0
3
18
239
0
3
17
240
0
3
15
241
0
3
12
242
0
3
10
243
0
3
10
244
0
3
12
245
0
3
14
246
0
3
16
247
0
3
16
248
0
3
15
249
0
3
11
250
0
3
7
251
0
3
5
252
0
3
4
253
0
3
2
254
0
2
254
255
0
2
250
0
0
2
247
1
0
2
247
2
0
2
250
3
0
3
0
4
0
3
6
5
0
3
12
6
0
3
16
7
0
3
17
8
0
3
15
9
0
3
12
10
0
3
10
11
0
3
10
12
0
3
13
13
0
3
20
14
0
3
29
15
0
3
38
16
0
3
45
17
0
3
49
18
0
3
52
19
0
3
55
20
0
3
58
21
0
3
59
22
0
3
57
23
0
3
54
24
0
3
52
25
0
3
51
26
0
3
51
27
0
3
53
28
0
3
58
29
0
3
64
30
0
3
69
31
0
3
70
32
0
3
68
33
0
3
64
34
0
3
60
35
0
3
57
36
0
3
54
37
0
3
50
38
0
3
46
39
0
3
42
40
0
3
39
41
0
3
35
42
0
3
31
43
0
3
29
44
0
3
27
45
0
3
24
46
0
3
20
47
0
3
16
48
0
3
12
49
0
3
8
50
0
3
7
51
0
3
10
52
0
3
14
53
0
3
15
54
0
3
13
55
0
3
11
56
0
3
7
57
0
3
2
58
0
2
253
59
0
2
249
60
0
2
245
61
0
2
240
62
0
2
236
63
0
2
232
64
0
2
228
65
0
2
225
66
0
2
223
67
0
2
222
68
0
2
223
69
0
2
225
70
0
2
227
71
0
2
228
72
0
2
226
73
0
2
223
74
0
2
220
75
0
2
217
76
0
2
214
77
0
2
212
78
0
2
211
79
0
2
210
80
0
2
208
81
0
2
205
82
0
2
201
83
0
2
198
84
0
2
195
85
0
2
191
86
0
2
187
87
0
2
184
88
0
2
181
89
0
2
179
90
0
2
178
91
0
2
180
92
0
2
183
93
0
2
187
94
0
2
189
95
0
2
189
96
0
2
189
97
0
2
187
98
0
2
184
99
0
2
183
100
0
2
187
101
0
2
194
102
0
2
201
103
0
2
205
104
0
2
206
105
0
2
204
106
0
2
200
107
0
2
196
108
0
2
193
109
0
2
191
110
0
2
188
111
0
2
185
112
0
2
183
113
0
2
182
114
0
2
179
115
0
2
176
116
0
2
174
117
0
2
174
118
0
2
176
119
0
2
180
120
0
2
184
121
0
2
186
122
0
2
186
123
0
2
185
124
0
2
183
125
0
2
181
126
0
2
178
127
0
2
174
128
0
2
169
129
0
2
164
130
0
2
160
131
0
2
155
132
0
2
153
133
0
2
155
134
0
2
162
135
0
2
172
136
0
2
182
137
0
2
191
138
0
2
197
139
0
2
199
140
0
2
198
141
0
2
196
142
0
2
195
143
0
2
195
144
0
2
196
145
0
2
198
146
0
2
202
147
0
2
207
148
0
2
212
149
0
2
216
150
0
2
220
151
0
2
224
152
0
2
229
153
0
2
234
154
0
2
239
155
0
2
242
156
0
2
242
157
0
2
240
158
0
2
239
159
0
2
240
160
0
2
243
161
0
2
248
162
0
2
253
163
0
3
2
164
0
3
3
165
0
3
1
166
0
2
254
167
0
2
252
168
0
2
252
169
0
2
253
170
0
2
254
171
0
2
254
172
0
2
254
173
0
2
254
174
0
2
252
175
0
2
250
176
0
2
251
177
0
2
252
178
0
2
253
179
0
2
252
180
0
2
250
181
0
2
246
182
0
2
243
183
0
2
242
184
0
2
243
185
0
2
244
186
0
2
242
187
0
2
241
188
0
2
240
189
0
2
237
190
0
2
235
191
0
2
234
192
0
2
233
193
0
2
230
194
0
2
227
195
0
2
224
196
0
2
222
197
0
2
219
198
0
2
216
199
0
2
217
200
0
2
221
201
0
2
225
202
0
2
227
203
0
2
226
204
0
2
223
205
0
2
220
206
0
2
216
207
0
2
212
208
0
2
208
209
0
2
204
210
0
2
200
211
0
2
197
212
0
2
194
213
0
2
190
214
0
2
187
215
0
2
187
216
0
2
189
217
0
2
190
218
0
2
189
219
0
2
187
220
0
2
183
221
0
2
179
222
0
2
176
223
0
2
176
224
0
2
179
225
0
2
183
226
0
2
185
227
0
2
184
228
0
2
181
229
0
2
178
230
0
2
175
231
0
2
171
232
0
2
168
233
0
2
166
234
0
2
164
235
0
2
161
236
0
2
157
237
0
2
154
238
0
2
150
239
0
2
146
240
0
2
145
241
0
2
146
242
0
2
148
243
0
2
150
244
0
2
150
245
0
2
149
246
0
2
146
247
0
2
142
248
0
2
140
249
0
2
140
250
0
2
142
251
0
2
144
252
0
2
145
253
0
2
145
254
0
2
145
255
0
2
147
0
0
2
150
1
0
2
153
2
0
2
155
3
0
2
155
4
0
2
154
5
0
2
151
6
0
2
148
7
0
2
146
8
0
2
147
9
0
2
151
10
0
2
158
11
0
2
167
12
0
2
175
13
0
2
181
14
0
2
185
15
0
2
187
16
0
2
187
17
0
2
186
18
0
2
184
19
0
2
181
20
0
2
177
21
0
2
175
22
0
2
175
23
0
2
178
24
0
2
183
25
0
2
189
26
0
2
195
27
0
2
201
28
0
2
207
29
0
2
212
30
0
2
216
31
0
2
219
32
0
2
222
33
0
2
224
34
0
2
225
35
0
2
223
36
0
2
221
37
0
2
221
38
0
2
224
39
0
2
228
40
0
2
232
41
0
2
234
42
0
2
235
43
0
2
237
44
0
2
241
45
0
2
247
46
0
2
253
47
0
3
3
48
0
3
7
49
0
3
11
50
0
3
14
51
0
3
14
52
0
3
13
53
0
3
14
54
0
3
16
55
0
3
17
56
0
3
16
57
0
3
14
58
0
3
11
59
0
3
8
60
0
3
4
61
0
3
0
62
0
2
252
63
0
2
250
64
0
2
249
65
0
2
248
66
0
2
245
67
0
2
244
68
0
2
244
69
0
2
246
70
0
2
249
71
0
2
251
72
0
2
252
73
0
2
252
74
0
2
250
75
0
2
247
76
0
2
245
77
0
2
243
78
0
2
241
79
0
2
238
80
0
2
234
81
0
2
229
82
0
2
225
83
0
2
222
84
0
2
220
85
0
2
220
86
0
2
222
87
0
2
225
88
0
2
227
89
0
2
227
90
0
2
225
91
0
2
223
92
0
2
222
93
0
2
222
94
0
2
222
95
0
2
221
96
0
2
218
97
0
2
214
98
0
2
209
99
0
2
206
100
0
2
204
101
0
2
202
102
0
2
198
103
0
2
195
104
0
2
193
105
0
2
190
106
0
2
187
107
0
2
185
108
0
2
183
109
0
2
179
110
0
2
174
111
0
2
170
112
0
2
168
113
0
2
166
114
0
2
163
115
0
2
161
116
0
2
160
117
0
2
160
118
0
2
159
119
0
2
156
120
0
2
152
121
0
2
149
122
0
2
146
123
0
2
143
124
0
2
140
125
0
2
137
126
0
2
134
127
0
2
131
128
0
2
127
129
0
2
123
130
0
2
119
131
0
2
116
132
0
2
116
133
0
2
118
134
0
2
120
135
0
2
121
136
0
2
120
137
0
2
117
138
0
2
114
139
0
2
111
140
0
2
108
141
0
2
107
142
0
2
108
143
0
2
110
144
0
2
112
145
0
2
113
146
0
2
112
147
0
2
111
148
0
2
111
149
0
2
112
150
0
2
114
151
0
2
116
152
0
2
116
153
0
2
114
154
0
2
113
155
0
2
114
156
0
2
116
157
0
2
117
158
0
2
117
159
0
2
116
160
0
2
115
161
0
2
115
162
0
2
116
163
0
2
118
164
0
2
121
165
0
2
126
166
0
2
132
167
0
2
135
168
0
2
135
169
0
2
134
170
0
2
135
171
0
2
137
172
0
2
139
173
0
2
140
174
0
2
139
175
0
2
137
176
0
2
136
177
0
2
136
178
0
2
136
179
0
2
136
180
0
2
137
181
0
2
139
182
0
2
140
183
0
2
139
184
0
2
136
185
0
2
134
186
0
2
132
187
0
2
130
188
0
2
128
189
0
2
126
190
0
2
125
191
0
2
123
192
0
2
120
193
0
2
116
194
0
2
112
195
0
2
108
196
0
2
104
197
0
2
100
198
0
2
98
199
0
2
98
200
0
2
101
201
0
2
105
202
0
2
109
203
0
2
112
204
0
2
113
205
0
2
113
206
0
2
111
207
0
2
109
208
0
2
107
209
0
2
106
210
0
2
105
211
0
2
103
212
0
2
101
213
0
2
100
214
0
2
99
215
0
2
98
216
0
2
98
217
0
2
99
218
0
2
103
219
0
2
108
220
0
2
112
221
0
2
113
222
0
2
112
223
0
2
111
224
0
2
110
225
0
2
109
226
0
2
108
227
0
2
107
228
0
2
106
229
0
2
104
230
0
2
101
231
0
2
98
232
0
2
95
233
0
2
92
234
0
2
89
235
0
2
86
236
0
2
84
237
0
2
81
238
0
2
79
239
0
2
78
240
0
2
79
241
0
2
80
242
0
2
80
243
0
2
80
244
0
2
79
245
0
2
77
246
0
2
74
247
0
2
72
248
0
2
71
249
0
2
70
250
0
2
67
251
0
2
65
252
0
2
64
253
0
2
63
254
0
2
62
255
0
2
60
0
0
2
57
1
0
2
55
2
0
2
54
3
0
2
54
4
0
2
54
5
0
2
53
6
0
2
51
7
0
2
48
8
0
2
45
9
0
2
42
10
0
2
40
11
0
2
38
12
0
2
36
13
0
2
34
14
0
2
31
15
0
2
27
16
0
2
23
17
0
2
20
18
0
2
17
19
0
2
14
20
0
2
11
21
0
2
8
22
0
2
5
23
0
2
1
24
0
1
254
25
0
1
255
26
0
2
2
27
0
2
5
28
0
2
8
29
0
2
9
30
0
2
7
31
0
2
4
32
0
2
0
33
0
1
252
34
0
1
250
35
0
1
249
36
0
1
249
37
0
1
248
38
0
1
247
39
0
1
248
40
0
1
252
41
0
2
1
42
0
2
6
43
0
2
11
44
0
2
14
45
0
2
15
46
0
2
14
47
0
2
13
48
0
2
13
49
0
2
13
50
0
2
12
51
0
2
9
52
0
2
6
53
0
2
3
54
0
2
0
55
0
1
254
56
0
1
255
57
0
2
2
58
0
2
4
59
0
2
6
60
0
2
7
61
0
2
6
62
0
2
4
63
0
2
4
64
0
2
6
65
0
2
9
66
0
2
12
67
0
2
13
68
0
2
13
69
0
2
11
70
0
2
8
71
0
2
5
72
0
2
2
73
0
1
255
74
0
1
253
75
0
1
251
76
0
1
250
77
0
1
250
78
0
1
251
79
0
1
252
80
0
1
254
81
0
2
1
82
0
2
4
83
0
2
6
84
0
2
6
85
0
2
4
86
0
2
2
87
0
2
0
88
0
1
254
89
0
1
252
90
0
1
249
91
0
1
246
92
0
1
244
93
0
1
241
94
0
1
240
95
0
1
241
96
0
1
243
97
0
1
244
98
0
1
243
99
0
1
241
100
0
1
239
101
0
1
238
102
0
1
237
103
0
1
235
104
0
1
233
105
0
1
231
106
0
1
230
107
0
1
230
108
0
1
229
109
0
1
227
110
0
1
225
111
0
1
222
112
0
1
220
113
0
1
218
114
0
1
215
115
0
1
213
116
0
1
212
117
0
1
212
118
0
1
211
119
0
1
209
120
0
1
208
121
0
1
206
122
0
1
203
123
0
1
200
124
0
1
197
125
0
1
194
126
0
1
192
127
0
1
193
128
0
1
195
129
0
1
198
130
0
1
199
131
0
1
198
132
0
1
196
133
0
1
194
134
0
1
192
135
0
1
190
136
0
1
189
137
0
1
188
138
0
1
187
139
0
1
186
140
0
1
185
141
0
1
184
142
0
1
183
143
0
1
182
144
0
1
181
145
0
1
180
146
0
1
179
147
0
1
177
148
0
1
175
149
0
1
173
150
0
1
171
151
0
1
168
152
0
1
165
153
0
1
163
154
0
1
162
155
0
1
161
156
0
1
159
157
0
1
158
158
0
1
158
159
0
1
158
160
0
1
157
161
0
1
155
162
0
1
152
163
0
1
149
164
0
1
146
165
0
1
143
166
0
1
141
167
0
1
140
168
0
1
141
169
0
1
141
170
0
1
140
171
0
1
140
172
0
1
141
173
0
1
143
174
0
1
145
175
0
1
146
176
0
1
146
177
0
1
145
178
0
1
143
179
0
1
141
180
0
1
139
181
0
1
137
182
0
1
134
183
0
1
132
184
0
1
132
185
0
1
132
186
0
1
131
187
0
1
130
188
0
1
130
189
0
1
131
190
0
1
133
191
0
1
134
192
0
1
136
193
0
1
138
194
0
1
139
195
0
1
138
196
0
1
137
197
0
1
137
198
0
1
137
199
0
1
136
200
0
1
134
201
0
1
131
202
0
1
129
203
0
1
128
204
0
1
128
205
0
1
128
206
0
1
128
207
0
1
129
208
0
1
130
209
0
1
130
210
0
1
128
211
0
1
127
212
0
1
128
213
0
1
128
214
0
1
128
215
0
1
128
216
0
1
128
217
0
1
127
218
0
1
126
219
0
1
125
220
0
1
124
221
0
1
123
222
0
1
122
223
0
1
122
224
0
1
122
225
0
1
123
226
0
1
123
227
0
1
122
228
0
1
121
229
0
1
120
230
0
1
119
231
0
1
118
232
0
1
116
233
0
1
114
234
0
1
113
235
0
1
113
236
0
1
113
237
0
1
113
238
0
1
113
239
0
1
114
240
0
1
114
241
0
1
114
242
0
1
114
243
0
1
113
244
0
1
112
245
0
1
111
246
0
1
109
247
0
1
107
248
0
1
106
249
0
1
105
250
0
1
104
251
0
1
104
252
0
1
105
253
0
1
106
254
0
1
106
255
0
1
105
0
0
1
104
1
0
1
103
2
0
1
103
3
0
1
104
4
0
1
106
5
0
1
107
6
0
1
107
7
0
1
106
8
0
1
104
9
0
1
102
10
0
1
100
11
0
1
98
12
0
1
97
13
0
1
96
14
0
1
95
15
0
1
95
16
0
1
95
17
0
1
96
18
0
1
98
19
0
1
100
20
0
1
102
21
0
1
103
22
0
1
103
23
0
1
102
24
0
1
101
25
0
1
101
26
0
1
102
27
0
1
103
28
0
1
103
29
0
1
103
30
0
1
103
31
0
1
103
32
0
1
103
33
0
1
103
34
0
1
102
35
0
1
101
36
0
1
100
37
0
1
99
38
0
1
98
39
0
1
97
40
0
1
96
41
0
1
94
42
0
1
93
43
0
1
93
44
0
1
95
45
0
1
97
46
0
1
97
47
0
1
96
48
0
1
95
49
0
1
93
50
0
1
92
51
0
1
91
52
0
1
90
53
0
1
90
54
0
1
89
55
0
1
88
56
0
1
86
57
0
1
85
58
0
1
84
59
0
1
84
60
0
1
85
61
0
1
87
62
0
1
88
63
0
1
88
64
0
1
87
65
0
1
85
66
0
1
84
67
0
1
84
68
0
1
85
69
0
1
87
70
0
1
90
71
0
1
93
72
0
1
95
73
0
1
96
74
0
1
97
75
0
1
98
76
0
1
100
77
0
1
102
78
0
1
102
79
0
1
101
80
0
1
101
81
0
1
102
82
0
1
104
83
0
1
107
84
0
1
111
85
0
1
115
86
0
1
118
87
0
1
120
88
0
1
121
89
0
1
121
90
0
1
121
91
0
1
121
92
0
1
121
93
0
1
120
94
0
1
119
95
0
1
118
96
0
1
117
97
0
1
117
98
0
1
117
99
0
1
118
100
0
1
120
101
0
1
123
102
0
1
126
103
0
1
129
104
0
1
130
105
0
1
129
106
0
1
128
107
0
1
126
108
0
1
125
109
0
1
124
110
0
1
124
111
0
1
125
112
0
1
126
113
0
1
127
114
0
1
129
115
0
1
131
116
0
1
133
117
0
1
134
118
0
1
134
119
0
1
133
120
0
1
131
121
0
1
129
122
0
1
127
123
0
1
125
124
0
1
123
125
0
1
121
126
0
1
120
127
0
1
120
128
0
1
121
129
0
1
123
130
0
1
124
131
0
1
124
132
0
1
123
133
0
1
122
134
0
1
122
135
0
1
122
136
0
1
123
137
0
1
123
138
0
1
123
139
0
1
122
140
0
1
121
141
0
1
120
142
0
1
119
143
0
1
118
144
0
1
116
145
0
1
114
146
0
1
112
147
0
1
110
148
0
1
109
149
0
1
109
150
0
1
110
151
0
1
112
152
0
1
114
153
0
1
116
154
0
1
117
155
0
1
117
156
0
1
117
157
0
1
117
158
0
1
116
159
0
1
114
160
0
1
113
161
0
1
112
162
0
1
110
163
0
1
109
164
0
1
108
165
0
1
107
166
0
1
106
167
0
1
105
168
0
1
104
169
0
1
103
170
0
1
102
171
0
1
102
172
0
1
103
173
0
1
103
174
0
1
102
175
0
1
101
176
0
1
101
177
0
1
101
178
0
1
102
179
0
1
102
180
0
1
101
181
0
1
100
182
0
1
98
183
0
1
96
184
0
1
95
185
0
1
94
186
0
1
94
187
0
1
94
188
0
1
94
189
0
1
93
190
0
1
92
191
0
1
92
192
0
1
94
193
0
1
96
194
0
1
98
195
0
1
99
196
0
1
99
197
0
1
99
198
0
1
99
199
0
1
99
200
0
1
98
201
0
1
97
202
0
1
97
203
0
1
97
204
0
1
96
205
0
1
94
206
0
1
93
207
0
1
94
208
0
1
96
209
0
1
99
210
0
1
101
211
0
1
102
212
0
1
101
213
0
1
100
214
0
1
99
215
0
1
98
216
0
1
97
217
0
1
97
218
0
1
98
219
0
1
99
220
0
1
99
221
0
1
99
222
0
1
99
223
0
1
100
224
0
1
102
225
0
1
105
226
0
1
108
227
0
1
110
228
0
1
111
229
0
1
110
230
0
1
109
231
0
1
108
232
0
1
108
233
0
1
109
234
0
1
111
235
0
1
114
236
0
1
117
237
0
1
118
238
0
1
118
239
0
1
117
240
0
1
117
241
0
1
117
242
0
1
116
243
0
1
115
244
0
1
113
245
0
1
111
246
0
1
110
247
0
1
110
248
0
1
111
249
0
1
113
250
0
1
115
251
0
1
117
252
0
1
118
253
0
1
119
254
0
1
119
255
0
1
118
0
0
1
117
1
0
1
117
2
0
1
116
3
0
1
114
4
0
1
112
5
0
1
111
6
0
1
111
7
0
1
110
8
0
1
109
9
0
1
108
10
0
1
108
11
0
1
108
12
0
1
108
13
0
1
108
14
0
1
108
15
0
1
108
16
0
1
107
17
0
1
106
18
0
1
105
19
0
1
104
20
0
1
103
21
0
1
102
22
0
1
101
23
0
1
99
24
0
1
97
25
0
1
96
26
0
1
94
27
0
1
92
28
0
1
90
29
0
1
88
30
0
1
86
31
0
1
85
32
0
1
84
33
0
1
83
34
0
1
82
35
0
1
80
36
0
1
78
37
0
1
77
38
0
1
76
39
0
1
75
40
0
1
75
41
0
1
74
42
0
1
72
43
0
1
71
44
0
1
70
45
0
1
69
46
0
1
68
47
0
1
67
48
0
1
67
49
0
1
67
50
0
1
67
51
0
1
67
52
0
1
66
53
0
1
65
54
0
1
64
55
0
1
62
56
0
1
61
57
0
1
61
58
0
1
61
59
0
1
60
60
0
1
58
61
0
1
57
62
0
1
57
63
0
1
58
64
0
1
59
65
0
1
60
66
0
1
60
67
0
1
59
68
0
1
58
69
0
1
56
70
0
1
54
71
0
1
52
72
0
1
50
73
0
1
48
74
0
1
46
75
0
1
45
76
0
1
45
77
0
1
45
78
0
1
45
79
0
1
45
80
0
1
44
81
0
1
42
82
0
1
40
83
0
1
38
84
0
1
37
85
0
1
37
86
0
1
37
87
0
1
36
88
0
1
35
89
0
1
33
90
0
1
31
91
0
1
29
92
0
1
27
93
0
1
25
94
0
1
23
95
0
1
21
96
0
1
19
97
0
1
17
98
0
1
16
99
0
1
15
100
0
1
16
101
0
1
17
102
0
1
19
103
0
1
20
104
0
1
21
105
0
1
21
106
0
1
20
107
0
1
19
108
0
1
17
109
0
1
16
110
0
1
16
111
0
1
15
112
0
1
13
113
0
1
11
114
0
1
9
115
0
1
7
116
0
1
6
117
0
1
5
118
0
1
4
119
0
1
3
120
0
1
3
121
0
1
3
122
0
1
3
123
0
1
2
124
0
1
1
125
0
1
0
126
0
0
255
127
0
0
255
128
0
1
0
129
0
1
0
130
0
1
0
131
0
0
255
132
0
1
0
133
0
0
255
134
0
0
255
135
0
0
255
136
0
1
0
137
0
0
255
138
0
0
255
139
0
0
255
140
0
0
254
141
0
0
253
142
0
0
252
143
0
0
253
144
0
0
255
145
0
1
1
146
0
1
2
147
0
1
3
148
0
1
4
149
0
1
4
150
0
1
3
151
0
1
2
152
0
1
0
153
0
0
254
154
0
0
254
155
0
0
254
156
0
0
253
157
0
0
252
158
0
0
252
159
0
0
253
160
0
0
254
161
0
0
255
162
0
1
1
163
0
1
1
164
0
1
0
165
0
0
254
166
0
0
253
167
0
0
252
168
0
0
252
169
0
0
253
170
0
0
254
171
0
0
255
172
0
1
0
173
0
1
0
174
0
0
255
175
0
1
0
176
0
1
0
177
0
1
0
178
0
0
255
179
0
0
255
180
0
0
255
181
0
0
255
182
0
0
255
183
0
0
255
184
0
0
254
185
0
0
253
186
0
0
253
187
0
0
254
188
0
1
0
189
0
1
1
190
0
1
2
191
0
1
2
192
0
1
1
193
0
0
255
194
0
0
255
195
0
1
0
196
0
1
0
197
0
0
255
198
0
0
255
199
0
0
254
200
0
0
253
201
0
0
253
202
0
0
253
203
0
0
253
204
0
0
253
205
0
0
253
206
0
0
253
207
0
0
253
208
0
0
253
209
0
0
254
210
0
0
255
211
0
0
255
212
0
0
254
213
0
0
253
214
0
0
252
215
0
0
251
216
0
0
250
217
0
0
249
218
0
0
248
219
0
0
247
220
0
0
246
221
0
0
245
222
0
0
244
223
0
0
244
224
0
0
244
225
0
0
243
226
0
0
243
227
0
0
243
228
0
0
243
229
0
0
243
230
0
0
243
231
0
0
243
232
0
0
243
233
0
0
244
234
0
0
246
235
0
0
247
236
0
0
247
237
0
0
247
238
0
0
246
239
0
0
245
240
0
0
244
241
0
0
244
242
0
0
244
243
0
0
244
244
0
0
244
245
0
0
244
246
0
0
244
247
0
0
244
248
0
0
244
249
0
0
244
250
0
0
244
251
0
0
245
252
0
0
246
253
0
0
247
254
0
0
248
255
0
0
249
0
0
0
249
1
0
0
249
2
0
0
248
3
0
0
247
4
0
0
246
5
0
0
245
6
0
0
244
7
0
0
243
8
0
0
243
9
0
0
244
10
0
0
246
11
0
0
248
12
0
0
249
13
0
0
250
14
0
0
251
15
0
0
251
16
0
0
250
17
0
0
249
18
0
0
249
19
0
0
249
20
0
0
250
21
0
0
251
22
0
0
252
23
0
0
253
24
0
0
254
25
0
0
255
26
0
0
255
27
0
0
255
28
0
0
255
29
0
0
254
30
0
0
254
31
0
0
254
32
0
0
253
33
0
0
252
34
0
0
251
35
0
0
251
36
0
0
252
37
0
0
253
38
0
0
254
39
0
0
255
40
0
1
0
41
0
0
255
42
0
0
254
43
0
0
253
44
0
0
253
45
0
0
253
46
0
0
253
47
0
0
253
48
0
0
252
49
0
0
252
50
0
0
252
51
0
0
253
52
0
0
253
53
0
0
253
54
0
0
253
55
0
0
253
56
0
0
252
57
0
0
252
58
0
0
251
59
0
0
250
60
0
0
249
61
0
0
249
62
0
0
248
63
0
0
248
64
0
0
249
65
0
0
251
66
0
0
252
67
0
0
253
68
0
0
254
69
0
0
254
70
0
0
254
71
0
0
253
72
0
0
252
73
0
0
251
74
0
0
250
75
0
0
249
76
0
0
248
77
0
0
248
78
0
0
248
79
0
0
249
80
0
0
249
81
0
0
250
82
0
0
250
83
0
0
250
84
0
0
249
85
0
0
249
86
0
0
248
87
0
0
248
88
0
0
247
89
0
0
246
90
0
0
245
91
0
0
244
92
0
0
243
93
0
0
242
94
0
0
241
95
0
0
240
96
0
0
239
97
0
0
238
98
0
0
237
99
0
0
236
100
0
0
235
101
0
0
235
102
0
0
234
103
0
0
233
104
0
0
232
105
0
0
231
106
0
0
231
107
0
0
231
108
0
0
230
109
0
0
229
110
0
0
228
111
0
0
227
112
0
0
226
113
0
0
225
114
0
0
224
115
0
0
223
116
0
0
222
117
0
0
221
118
0
0
220
119
0
0
219
120
0
0
218
121
0
0
217
122
0
0
216
123
0
0
215
124
0
0
215
125
0
0
215
126
0
0
215
127
0
0
215
128
0
0
215
129
0
0
215
130
0
0
214
131
0
0
213
132
0
0
212
133
0
0
211
134
0
0
210
135
0
0
209
136
0
0
208
137
0
0
208
138
0
0
208
139
0
0
208
140
0
0
207
141
0
0
206
142
0
0
206
143
0
0
206
144
0
0
205
145
0
0
204
146
0
0
203
147
0
0
202
148
0
0
201
149
0
0
200
150
0
0
199
151
0
0
199
152
0
0
198
153
0
0
198
154
0
0
197
155
0
0
197
156
0
0
196
157
0
0
195
158
0
0
195
159
0
0
194
160
0
0
193
161
0
0
192
162
0
0
191
163
0
0
190
164
0
0
190
165
0
0
189
166
0
0
189
167
0
0
188
168
0
0
187
169
0
0
186
170
0
0
186
171
0
0
185
172
0
0
185
173
0
0
185
174
0
0
184
175
0
0
184
176
0
0
183
177
0
0
182
178
0
0
181
179
0
0
180
180
0
0
180
181
0
0
180
182
0
0
180
183
0
0
180
184
0
0
179
185
0
0
178
186
0
0
177
187
0
0
176
188
0
0
175
189
0
0
174
190
0
0
173
191
0
0
172
192
0
0
171
193
0
0
170
194
0
0
169
195
0
0
168
196
0
0
167
197
0
0
167
198
0
0
166
199
0
0
165
200
0
0
164
201
0
0
163
202
0
0
162
203
0
0
161
204
0
0
160
205
0
0
160
206
0
0
159
207
0
0
158
208
0
0
157
209
0
0
156
210
0
0
155
211
0
0
154
212
0
0
154
213
0
0
153
214
0
0
152
215
0
0
152
216
0
0
152
217
0
0
152
218
0
0
152
219
0
0
152
220
0
0
152
221
0
0
152
222
0
0
151
223
0
0
150
224
0
0
149
225
0
0
148
226
0
0
147
227
0
0
146
228
0
0
145
229
0
0
144
230
0
0
143
231
0
0
142
232
0
0
142
233
0
0
142
234
0
0
142
235
0
0
141
236
0
0
140
237
0
0
139
238
0
0
138
239
0
0
137
240
0
0
136
241
0
0
135
242
0
0
135
243
0
0
135
244
0
0
134
245
0
0
133
246
0
0
132
247
0
0
131
248
0
0
130
249
0
0
129
250
0
0
128
251
0
0
127
252
0
0
127
253
0
0
127
254
0
0
128
255
0
0
128
0
0
0
129
1
0
0
129
2
0
0
129
3
0
0
129
4
0
0
129
5
0
0
128
6
0
0
127
7
0
0
127
8
0
0
128
9
0
0
128
10
0
0
128
11
0
0
127
12
0
0
128
13
0
0
129
14
0
0
129
15
0
0
129
16
0
0
128
17
0
0
128
18
0
0
128
19
0
0
128
20
0
0
128
21
0
0
127
22
0
0
127
23
0
0
127
24
0
0
127
25
0
0
127
26
0
0
128
27
0
0
128
28
0
0
127
29
0
0
127
30
0
0
127
31
0
0
127
32
0
0
128
33
0
0
127
34
0
0
127
35
0
0
127
36
0
0
127
37
0
0
127
38
0
0
128
39
0
0
127
40
0
0
128
41
0
0
128
42
0
0
127
43
0
0
128
44
0
0
127
45
0
0
128
46
0
0
127
47
0
0
127
48
0
0
127
49
0
0
127
50
0
0
127
51
0
0
127
52
0
0
127
53
0
0
127
54
0
0
127
55
0
0
127
56
0
0
127
57
0
0
128
58
0
0
128
59
0
0
128
60
0
0
127
61
0
0
127
62
0
0
127
63
0
0
127
64
0
0
127
65
0
0
127
66
0
0
128
67
0
0
128
68
0
0
128
69
0
0
127
70
0
0
128
71
0
0
127
72
0
0
127
73
0
0
128
74
0
0
127
75
0
0
127
76
0
0
127
77
0
0
127
78
0
0
127
79
0
0
127
80
0
0
127
81
0
0
127
82
0
0
128
83
0
0
128
84
0
0
127
85
0
0
127
86
0
0
128
87
0
0
128
88
0
0
128
89
0
0
127
90
0
0
127
91
0
0
127
92
0
0
127
93
0
0
127
94
0
0
127
95
0
0
128
96
0
0
129
97
0
0
129
98
0
0
129
99
0
0
128
100
0
0
127
101
0
0
128
102
0
0
127
103
0
0
127
104
0
0
127
105
0
0
128
106
0
0
128
107
0
0
128
108
0
0
127
109
0
0
127
110
0
0
128
111
0
0
128
112
0
0
128
113
0
0
128
114
0
0
128
115
0
0
128
116
0
0
128
117
0
0
127
118
0
0
128
119
0
0
127
120
0
0
127
121
0
0
127
122
0
0
127
123
0
0
127
124
0
0
127
125
0
0
127
126
0
0
127
127
0
0
127
128
0
0
127
129
0
0
127
130
0
0
128
131
0
0
128
132
0
0
128
133
0
0
128
134
0
0
128
135
0
0
128
136
0
0
127
137
0
0
127
138
0
0
127
139
0
0
127
140
0
0
127
141
0
0
127
142
0
0
127
143
0
0
127
144
0
0
127
145
0
0
127
146
0
0
128
147
0
0
127
148
0
0
127
149
0
0
127
150
0
0
127
151
0
0
127
152
0
0
127
153
0
0
127
154
0
0
127
155
0
0
127
156
0
0
127
157
0
0
127
158
0
0
127
159
0
0
127
160
0
0
127
161
0
0
127
162
0
0
127
163
0
0
127
164
0
0
127
165
0
0
128
166
0
0
128
167
0
0
127
168
0
0
127
169
0
0
127
170
0
0
127
171
0
0
128
172
0
0
128
173
0
0
128
174
0
0
127
175
0
0
128
176
0
0
127
177
0
0
127
178
0
0
127
179
0
0
127
180
0
0
127
181
0
0
127
182
0
0
127
183
0
0
127
184
0
0
128
185
0
0
127
186
0
0
127
187
0
0
127
188
0
0
127
189
0
0
127
190
0
0
127
191
0
0
127
192
0
0
127
193
0
0
127
194
0
0
128
195
0
0
127
196
0
0
127
197
0
0
128
198
0
0
128
199
0
0
127
200
0
0
127
201
0
0
128
202
0
0
128
203
0
0
128
204
0
0
127
205
0
0
127
206
0
0
127
207
0
0
127
208
0
0
127
209
0
0
128
210
0
0
128
211
0
0
127
212
0
0
127
213
0
0
127
214
0
0
127
215
0
0
128
216
0
0
127
217
0
0
127
218
0
0
127
219
0
0
128
220
0
0
127
221
0
0
127
222
0
0
127
223
0
0
127
224
0
0
127
225
0
0
127
226
0
0
127
227
0
0
127
228
0
0
128
229
0
0
128
230
0
0
127
231
0
0
127
232
0
0
127
233
0
0
127
234
0
0
127
235
0
0
127
236
0
0
127
237
0
0
128
238
0
0
128
239
0
0
128
240
0
0
128
241
0
0
128
242
0
0
127
243
0
0
127
244
0
0
127
245
0
0
127
246
0
0
127
247
0
0
128
248
0
0
128
249
0
0
128
250
0
0
128
251
0
0
128
252
0
0
128
253
0
0
128
254
0
0
127
255
0
0
127
0
0
0
127
1
0
0
127
2
0
0
128
3
0
0
127
4
0
0
128
5
0
0
127
6
0
0
127
7
0
0
128
8
0
0
128
9
0
0
128
10
0
0
127
11
0
0
128
12
0
0
128
13
0
0
128
14
0
0
127
15
0
0
127
16
0
0
127
17
0
0
127
18
0
0
127
19
0
0
127
20
0
0
127
21
0
0
128
22
0
0
128
23
0
0
127
24
0
0
128
25
0
0
127
26
0
0
127
27
0
0
127
28
0
0
127
29
0
0
127
30
0
0
127
31
0
0
127
32
0
0
128
33
0
0
127
34
0
0
127
35
0
0
127
36
0
0
127
37
0
0
127
38
0
0
127
39
0
0
127
40
0
0
128
41
0
0
128
42
0
0
127
43
0
0
127
44
0
0
127
45
0
0
127
46
0
0
128
47
0
0
128
48
0
0
128
49
0
0
128
50
0
0
128
51
0
0
127
52
0
0
127
53
0
0
127
54
0
0
127
55
0
0
127
56
0
0
127
57
0
0
127
58
0
0
127
59
0
0
127
60
0
0
127
61
0
0
127
62
0
0
127
63
0
0
128
64
0
0
128
65
0
0
127
66
0
0
127
67
0
0
127
68
0
0
127
69
0
0
127
70
0
0
127
71
0
0
127
72
0
0
127
73
0
0
127
74
0
0
127
75
0
0
127
76
0
0
127
77
0
0
128
78
0
0
128
79
0
0
127
80
0
0
127
81
0
0
127
82
0
0
127
83
0
0
127
84
0
0
127
85
0
0
127
86
0
0
127
87
0
0
127
88
0
0
127
89
0
0
127
90
0
0
128
91
0
0
128
92
0
0
128
93
0
0
127
94
0
0
127
95
0
0
127
96
0
0
127
97
0
0
127
98
0
0
127
99
0
0
127
100
0
0
127
101
0
0
127
102
0
0
127
103
0
0
127
104
0
0
127
105
0
0
127
106
0
0
127
107
0
0
127
108
0
0
127
109
0
0
127
110
0
0
127
111
0
0
127
112
0
0
127
113
0
0
127
114
0
0
127
115
0
0
128
116
0
0
127
117
0
0
128
118
0
0
128
119
0
0
127
120
0
0
127
121
0
0
127
122
0
0
127
123
0
0
127
124
0
0
127
125
0
0
127
126
0
0
127
127
0
0
127
128
0
0
127
129
0
0
127
130
0
0
127
131
0
0
127
132
0
0
127
133
0
0
128
134
0
0
128
135
0
0
127
136
0
0
127
137
0
0
127
138
0
0
127
139
0
0
127
140
0
0
127
141
0
0
127
142
0
0
127
143
0
0
127
144
0
0
127
145
0
0
127
146
0
0
127
147
0
0
127
148
0
0
127
149
0
0
127
150
0
0
127
151
0
0
127
152
0
0
127
153
0
0
127
154
0
0
127
155
0
0
127
156
0
0
127
157
0
0
127
158
0
0
127
159
0
0
127
160
0
0
127
161
0
0
127
162
0
0
127
163
0
0
127
164
0
0
127
165
0
0
127
166
0
0
127
167
0
0
127
168
0
0
127
169
0
0
127
170
0
0
127
171
0
0
127
172
0
0
127
173
0
0
127
174
0
0
127
175
0
0
128
176
0
0
127
177
0
0
127
178
0
0
128
179
0
0
128
180
0
0
128
181
0
0
127
182
0
0
127
183
0
0
127
184
0
0
127
185
0
0
127
186
0
0
127
187
0
0
127
188
0
0
127
189
0
0
127
190
0
0
127
191
0
0
127
192
0
0
127
193
0
0
127
194
0
0
128
195
0
0
128
196
0
0
127
197
0
0
127
198
0
0
127
199
0
0
127
200
0
0
127
201
0
0
127
202
0
0
127
203
0
0
127
204
0
0
127
205
0
0
127
206
0
0
127
207
0
0
127
208
0
0
127
209
0
0
127
210
0
0
127
211
0
0
128
212
0
0
127
213
0
0
127
214
0
0
127
215
0
0
127
216
0
0
127
217
0
0
127
218
0
0
127
219
0
0
127
220
0
0
127
221
0
0
127
222
0
0
127
223
0
0
127
224
0
0
127
225
0
0
127
226
0
0
128
227
0
0
128
228
0
0
127
229
0
0
127
230
0
0
128
231
0
0
128
232
0
0
127
233
0
0
127
234
0
0
127
235
0
0
127
236
0
0
127
237
0
0
127
238
0
0
127
239
0
0
127
240
0
0
127
241
0
0
127
242
0
0
127
243
0
0
127
244
0
0
127
245
0
0
127
246
0
0
127
247
0
0
128
248
0
0
127
249
0
0
127
250
0
0
127
251
0
0
127
252
0
0
127
253
0
0
127
254
0
0
127
255
0
0
127
0
0
0
127
1
0
0
127
2
0
0
127
3
0
0
127
4
0
0
127
5
0
0
127
6
0
0
127
7
0
0
127
8
0
0
127
9
0
0
127
10
0
0
127
11
0
0
127
12
0
0
128
13
0
0
127
14
0
0
128
15
0
0
127
16
0
0
127
17
0
0
127
18
0
0
128
19
0
0
127
20
0
0
127
21
0
0
127
22
0
0
128
23
0
0
128
24
0
0
128
25
0
0
127
26
0
0
127
27
0
0
128
28
0
0
127
29
0
0
128
30
0
0
128
31
0
0
127
32
0
0
127
33
0
0
127
34
0
0
127
35
0
0
127
36
0
0
127
37
0
0
127
38
0
0
127
39
0
0
128
40
0
0
128
41
0
0
128
42
0
0
127
43
0
0
127
44
0
0
127
45
0
0
127
46
0
0
127
47
0
0
127
48
0
0
128
49
0
0
127
50
0
0
127
51
0
0
128
52
0
0
127
53
0
0
127
54
0
0
127
55
0
0
128
56
0
0
128
57
0
0
127
58
0
0
127
59
0
0
127
60
0
0
128
61
0
0
127
62
0
0
127
63
0
0
127
64
0
0
127
65
0
0
127
66
0
0
127
67
0
0
127
68
0
0
127
69
0
0
127
70
0
0
127
71
0
0
127
72
0
0
127
73
0
0
127
74
0
0
127
75
0
0
127
76
0
0
127
77
0
0
128
78
0
0
128
79
0
0
128
80
0
0
127
81
0
0
127
82
0
0
128
83
0
0
127
84
0
0
127
85
0
0
127
86
0
0
128
87
0
0
127
88
0
0
128
89
0
0
127
90
0
0
128
91
0
0
128
92
0
0
127
93
0
0
127
94
0
0
128
95
0
0
127
96
0
0
127
97
0
0
127
98
0
0
127
99
0
0
127
100
0
0
127
101
0
0
128
102
0
0
127
103
0
0
127
104
0
0
128
105
0
0
128
106
0
0
127
107
0
0
127
108
0
0
127
109
0
0
127
110
0
0
127
111
0
0
127
112
0
0
127
113
0
0
127
114
0
0
127
115
0
0
127
116
0
0
127
117
0
0
127
118
0
0
128
119
0
0
128
120
0
0
127
121
0
0
127
122
0
0
127
123
0
0
127
124
0
0
127
125
0
0
127
126
0
0
127
127
0
0
127
128
0
0
127
129
0
0
127
130
0
0
127
131
0
0
127
132
0
0
127
133
0
0
127
134
0
0
127
135
0
0
127
136
0
0
127
137
0
0
127
138
0
0
127
139
0
0
127
140
0
0
127
141
0
0
127
142
0
0
127
143
0
0
127
144
0
0
127
145
0
0
127
146
0
0
127
147
0
0
127
148
0
0
128
149
0
0
127
150
0
0
127
151
0
0
127
152
0
0
128
153
0
0
128
154
0
0
127
155
0
0
127
156
0
0
127
157
0
0
127
158
0
0
128
159
0
0
128
160
0
0
127
161
0
0
128
162
0
0
128
163
0
0
127
164
0
0
127
165
0
0
127
166
0
0
128
167
0
0
128
168
0
0
127
169
0
0
127
170
0
0
128
171
0
0
127
172
0
0
127
173
0
0
127
174
0
0
127
175
0
0
127
176
0
0
127
177
0
0
127
178
0
0
127
179
0
0
127
180
0
0
127
181
0
0
127
182
0
0
127
183
0
0
127
184
0
0
127
185
0
0
127
186
0
0
127
187
0
0
127
188
0
0
127
189
0
0
128
190
0
0
127
191
0
0
128
192
0
0
127
193
0
0
127
194
0
0
127
195
0
0
128
196
0
0
128
197
0
0
128
198
0
0
127
199
0
0
127
200
0
0
127
201
0
0
127
202
0
0
127
203
0
0
127
204
0
0
127
205
0
0
127
206
0
0
127
207
0
0
128
208
0
0
127
209
0
0
128
210
0
0
127
211
0
0
127
212
0
0
128
213
0
0
127
214
0
0
127
215
0
0
128
216
0
0
128
217
0
0
127
218
0
0
127
219
0
0
128
220
0
0
127
221
0
0
127
222
0
0
128
223
0
0
127
224
0
0
127
225
0
0
127
226
0
0
127
227
0
0
127
228
0
0
127
229
0
0
127
230
0
0
128
231
0
0
127
232
0
0
127
233
0
0
127
234
0
0
127
235
0
0
127
236
0
0
127
237
0
0
128
238
0
0
128
239
0
0
128
240
0
0
127
241
0
0
127
242
0
0
127
243
0
0
127
244
0
0
127
245
0
0
127
246
0
0
127
247
0
0
127
248
0
0
127
249
0
0
127
250
0
0
127
251
0
0
128
252
0
0
127
253
0
0
127
254
0
0
127
255
0
0
128
0
0
0
127
1
0
0
127
2
0
0
127
3
0
0
128
4
0
0
127
5
0
0
127
6
0
0
128
7
0
0
127
8
0
0
127
9
0
0
127
10
0
0
127
11
0
0
127
12
0
0
128
13
0
0
128
14
0
0
127
15
0
0
127
16
0
0
127
17
0
0
128
18
0
0
127
19
0
0
128
20
0
0
127
21
0
0
128
22
0
0
128
23
0
0
127
24
0
0
127
25
0
0
127
26
0
0
127
27
0
0
127
28
0
0
127
29
0
0
127
30
0
0
128
31
0
0
127
32
0
0
127
33
0
0
127
34
0
0
127
35
0
0
127
36
0
0
127
37
0
0
127
38
0
0
127
39
0
0
127
40
0
0
127
41
0
0
127
42
0
0
127
43
0
0
127
44
0
0
127
45
0
0
127
46
0
0
127
47
0
0
127
48
0
0
127
49
0
0
127
50
0
0
128
51
0
0
127
52
0
0
127
53
0
0
127
54
0
0
128
55
0
0
128
56
0
0
128
57
0
0
127
58
0
0
128
59
0
0
128
60
0
0
128
61
0
0
128
62
0
0
128
63
0
0
127
64
0
0
128
65
0
0
128
66
0
0
128
67
0
0
127
68
0
0
128
69
0
0
128
70
0
0
127
71
0
0
128
72
0
0
128
73
0
0
128
74
0
0
128
75
0
0
127
76
0
0
128
77
0
0
128
78
0
0
127
79
0
0
128
80
0
0
127
81
0
0
128
82
0
0
127
83
0
0
128
84
0
0
127
85
0
0
128
86
0
0
127
87
0
0
127
88
0
0
127
89
0
0
128
90
0
0
127
91
0
0
128
92
0
0
127
93
0
0
128
94
0
0
128
95
0
0
128
96
0
0
128
97
0
0
128
98
0
0
128
99
0
0
128
100
0
0
127
101
0
0
127
102
0
0
127
103
0
0
128
104
0
0
127
105
0
0
128
106
0
0
127
107
0
0
128
108
0
0
127
109
0
0
127
110
0
0
127
111
0
0
128
112
0
0
127
113
0
0
128
114
0
0
128
115
0
0
127
116
0
0
127
117
0
0
127
118
0
0
127
119
0
0
127
120
0
0
127
121
0
0
128
122
0
0
128
123
0
0
128
124
0
0
127
125
0
0
128
126
0
0
127
127
0
0
127
128
0
0
128
129
0
0
128
130
0
0
127
131
0
0
127
132
0
0
127
133
0
0
127
134
0
0
127
135
0
0
127
136
0
0
127
137
0
0
127
138
0
0
127
139
0
0
127
140
0
0
127
141
0
0
127
142
0
0
127
143
0
0
127
144
0
0
127
145
0
0
127
146
0
0
127
147
0
0
127
148
0
0
127
149
0
0
127
150
0
0
127
151
0
0
127
152
0
0
127
153
0
0
127
154
0
0
127
155
0
0
128
156
0
0
127
157
0
0
127
158
0
0
127
159
0
0
127
160
0
0
127
161
0
0
128
162
0
0
128
163
0
0
127
164
0
0
127
165
0
0
127
166
0
0
127
167
0
0
128
168
0
0
127
169
0
0
127
170
0
0
127
171
0
0
127
172
0
0
127
173
0
0
127
174
0
0
127
175
0
0
127
176
0
0
127
177
0
0
127
178
0
0
127
179
0
0
128
180
0
0
128
181
0
0
128
182
0
0
127
183
0
0
128
184
0
0
128
185
0
0
127
186
0
0
127
187
0
0
128
188
0
0
128
189
0
0
127
190
0
0
128
191
0
0
128
192
0
0
127
193
0
0
127
194
0
0
127
195
0
0
127
196
0
0
127
197
0
0
127
198
0
0
127
199
0
0
127
200
0
0
127
201
0
0
127
202
0
0
127
203
0
0
127
204
0
0
127
205
0
0
127
206
0
0
127
207
0
0
128
208
0
0
127
209
0
0
127
210
0
0
127
211
0
0
127
212
0
0
127
213
0
0
127
214
0
0
127
215
0
0
128
216
0
0
127
217
0
0
127
218
0
0
127
219
0
0
127
220
0
0
127
221
0
0
127
222
0
0
127
223
0
0
128
224
0
0
128
225
0
0
128
226
0
0
128
227
0
0
128
228
0
0
128
229
0
0
128
230
0
0
128
231
0
0
128
232
0
0
127
233
0
0
128
234
0
0
127
235
0
0
127
236
0
0
127
237
0
0
128
238
0
0
128
239
0
0
128
240
0
0
127
241
0
0
129
242
0
0
129
243
0
0
129
244
0
0
129
245
0
0
129
246
0
0
128
247
0
0
128
248
0
0
128
249
0
0
129
250
0
0
129
251
0
0
130
252
0
0
130
253
0
0
130
254
0
0
129
255
0
0
128
0
0
0
127
1
0
0
127
2
0
0
127
3
0
0
128
4
0
0
127
5
0
0
128
6
0
0
127
7
0
0
128
8
0
0
127
9
0
0
127
10
0
0
127
11
0
0
127
12
0
0
127
13
0
0
128
14
0
0
127
15
0
0
127
16
0
0
127
17
0
0
127
18
0
0
127
19
0
0
127
20
0
0
127
21
0
0
127
22
0
0
127
23
0
0
127
24
0
0
127
25
0
0
127
26
0
0
127
27
0
0
127
28
0
0
127
29
0
0
127
30
0
0
127
31
0
0
127
32
0
0
127
33
0
0
127
34
0
0
127
35
0
0
127
36
0
0
127
37
0
0
128
38
0
0
127
39
0
0
127
40
0
0
127
41
0
0
127
42
0
0
127
43
0
0
127
44
0
0
128
45
0
0
128
46
0
0
127
47
0
0
127
48
0
0
127
49
0
0
127
50
0
0
127
51
0
0
128
52
0
0
128
53
0
0
127
54
0
0
127
55
0
0
128
56
0
0
128
57
0
0
127
58
0
0
127
59
0
0
128
60
0
0
127
61
0
0
128
62
0
0
127
63
0
0
128
64
0
0
127
65
0
0
127
66
0
0
127
67
0
0
128
68
0
0
127
69
0
0
127
70
0
0
127
71
0
0
128
72
0
0
127
73
0
0
127
74
0
0
128
75
0
0
128
76
0
0
128
77
0
0
128
78
0
0
128
79
0
0
128
80
0
0
128
81
0
0
128
82
0
0
127
83
0
0
127
84
0
0
127
85
0
0
127
86
0
0
128
87
0
0
127
88
0
0
127
89
0
0
127
90
0
0
127
91
0
0
127
92
0
0
127
93
0
0
127
94
0
0
127
95
0
0
127
96
0
0
127
97
0
0
127
98
0
0
127
99
0
0
127
100
0
0
127
101
0
0
127
102
0
0
127
103
0
0
127
104
0
0
127
105
0
0
127
106
0
0
127
107
0
0
127
108
0
0
127
109
0
0
127
110
0
0
127
111
0
0
127
112
0
0
127
113
0
0
128
114
0
0
127
115
0
0
127
116
0
0
127
117
0
0
127
118
0
0
127
119
0
0
127
120
0
0
127
121
0
0
128
122
0
0
128
123
0
0
128
124
0
0
128
125
0
0
128
126
0
0
128
127
0
0
128
128
0
0
128
129
0
0
127
130
0
0
128
131
0
0
128
132
0
0
128
133
0
0
128
134
0
0
127
135
0
0
128
136
0
0
128
137
0
0
128
138
0
0
127
139
0
0
127
140
0
0
127
141
0
0
128
142
0
0
127
143
0
0
128
144
0
0
128
145
0
0
128
146
0
0
127
147
0
0
127
148
0
0
127
149
0
0
127
150
0
0
128
151
0
0
128
152
0
0
128
153
0
0
128
154
0
0
128
155
0
0
128
156
0
0
128
157
0
0
128
158
0
0
127
159
0
0
128
160
0
0
128
161
0
0
127
162
0
0
127
163
0
0
127
164
0
0
127
165
0
0
127
166
0
0
127
167
0
0
127
168
0
0
127
169
0
0
127
170
0
0
127
171
0
0
127
172
0
0
127
173
0
0
127
174
0
0
127
175
0
0
127
176
0
0
127
177
0
0
128
178
0
0
127
179
0
0
127
180
0
0
127
181
0
0
127
182
0
0
127
183
0
0
127
184
0
0
127
185
0
0
128
186
0
0
128
187
0
0
127
188
0
0
127
189
0
0
127
190
0
0
128
191
0
0
127
192
0
0
128
193
0
0
127
194
0
0
127
195
0
0
127
196
0
0
127
197
0
0
127
198
0
0
128
199
0
0
127
200
0
0
128
201
0
0
128
202
0
0
128
203
0
0
128
204
0
0
128
205
0
0
127
206
0
0
128
207
0
0
127
208
0
0
128
209
0
0
127
210
0
0
128
211
0
0
127
212
0
0
127
213
0
0
127
214
0
0
128
215
0
0
127
216
0
0
128
217
0
0
127
218
0
0
128
219
0
0
128
220
0
0
128
221
0
0
127
222
0
0
127
223
0
0
127
224
0
0
128
225
0
0
127
226
0
0
127
227
0
0
127
228
0
0
127
229
0
0
127
230
0
0
127
231
0
0
127
232
0
0
127
233
0
0
127
234
0
0
128
235
0
0
127
236
0
0
127
237
0
0
127
238
0
0
128
239
0
0
127
240
0
0
127
241
0
0
127
242
0
0
127
243
0
0
127
244
0
0
127
245
0
0
127
246
0
0
127
247
0
0
127
248
0
0
128
249
0
0
128
250
0
0
128
251
0
0
128
252
0
0
129
253
0
0
129
254
0
0
128
255
0
0
127
0
0
0
127
1
0
0
127
2
0
0
127
3
0
0
127
4
0
0
127
5
0
0
127
6
0
0
127
7
0
0
127
8
0
0
127
9
0
0
127
10
0
0
127
11
0
0
127
12
0
0
127
13
0
0
127
14
0
0
127
15
0
0
127
16
0
0
127
17
0
0
127
18
0
0
127
19
0
0
128
20
0
0
127
21
0
0
127
22
0
0
127
23
0
0
128
24
0
0
128
25
0
0
127
26
0
0
127
27
0
0
127
28
0
0
127
29
0
0
127
30
0
0
128
31
0
0
128
32
0
0
128
33
0
0
128
34
0
0
128
35
0
0
127
36
0
0
128
37
0
0
128
38
0
0
128
39
0
0
128
40
0
0
127
41
0
0
127
42
0
0
127
43
0
0
128
44
0
0
127
45
0
0
127
46
0
0
127
47
0
0
128
48
0
0
128
49
0
0
128
50
0
0
128
51
0
0
127
52
0
0
127
53
0
0
128
54
0
0
127
55
0
0
127
56
0
0
127
57
0
0
128
58
0
0
127
59
0
0
127
60
0
0
128
61
0
0
128
62
0
0
128
63
0
0
128
64
0
0
127
65
0
0
128
66
0
0
127
67
0
0
128
68
0
0
127
69
0
0
128
70
0
0
128
71
0
0
127
72
0
0
127
73
0
0
127
74
0
0
127
75
0
0
127
76
0
0
127
77
0
0
127
78
0
0
127
79
0
0
127
80
0
0
127
81
0
0
127
82
0
0
127
83
0
0
127
84
0
0
128
85
0
0
128
86
0
0
128
87
0
0
128
88
0
0
127
89
0
0
127
90
0
0
128
91
0
0
127
92
0
0
127
93
0
0
127
94
0
0
127
95
0
0
127
96
0
0
127
97
0
0
127
98
0
0
127
99
0
0
127
100
0
0
127
101
0
0
127
102
0
0
127
103
0
0
127
104
0
0
127
105
0
0
127
106
0
0
127
107
0
0
127
108
0
0
127
109
0
0
127
110
0
0
127
111
0
0
127
112
0
0
127
113
0
0
127
114
0
0
127
115
0
0
127
116
0
0
127
117
0
0
127
118
0
0
127
119
0
0
127
120
0
0
127
121
0
0
127
122
0
0
127
123
0
0
127
124
0
0
127
125
0
0
127
126
0
0
127
127
0
0
127
128
0
0
127
129
0
0
127
130
0
0
127
131
0
0
127
132
0
0
127
133
0
0
127
134
0
0
127
135
0
0
127
136
0
0
127
137
0
0
128
138
0
0
127
139
0
0
127
140
0
0
127
141
0
0
127
142
0
0
127
143
0
0
127
144
0
0
127
145
0
0
127
146
0
0
127
147
0
0
127
148
0
0
127
149
0
0
127
150
0
0
127
151
0
0
127
152
0
0
127
153
0
0
127
154
0
0
127
155
0
0
128
156
0
0
128
157
0
0
127
158
0
0
127
159
0
0
127
160
0
0
127
161
0
0
127
162
0
0
127
163
0
0
127
164
0
0
127
165
0
0
127
166
0
0
127
167
0
0
128
168
0
0
127
169
0
0
128
170
0
0
128
171
0
0
127
172
0
0
127
173
0
0
127
174
0
0
127
175
0
0
127
176
0
0
128
177
0
0
127
178
0
0
128
179
0
0
128
180
0
0
127
181
0
0
127
182
0
0
127
183
0
0
127
184
0
0
127
185
0
0
127
186
0
0
127
187
0
0
127
188
0
0
127
189
0
0
127
190
0
0
128
191
0
0
127
192
0
0
127
193
0
0
128
194
0
0
128
195
0
0
127
196
0
0
127
197
0
0
128
198
0
0
127
199
0
0
128
200
0
0
127
201
0
0
127
202
0
0
127
203
0
0
127
204
0
0
127
205
0
0
127
206
0
0
127
207
0
0
127
208
0
0
127
209
0
0
127
210
0
0
127
211
0
0
127
212
0
0
127
213
0
0
127
214
0
0
127
215
0
0
127
216
0
0
127
217
0
0
127
218
0
0
127
219
0
0
127
220
0
0
127
221
0
0
127
222
0
0
127
223
0
0
127
224
0
0
127
225
0
0
127
226
0
0
127
227
0
0
127
228
0
0
127
229
0
0
127
230
0
0
127
231
0
0
127
232
0
0
127
233
0
0
127
234
0
0
127
235
0
0
127
236
0
0
127
237
0
0
127
238
0
0
127
239
0
0
127
240
0
0
127
241
0
0
127
242
0
0
127
243
0
0
127
244
0
0
127
245
0
0
127
246
0
0
127
247
0
0
127
248
0
0
127
249
0
0
127
250
0
0
128
251
0
0
127
252
0
0
127
253
0
0
127
254
0
0
127
255
0
0
127
0
0
0
127
1
0
0
127
2
0
0
127
3
0
0
127
4
0
0
127
5
0
0
127
6
0
0
127
7
0
0
127
8
0
0
127
9
0
0
127
10
0
0
127
11
0
0
127
12
0
0
127
13
0
0
128
14
0
0
127
15
0
0
127
16
0
0
127
17
0
0
127
18
0
0
127
19
0
0
127
20
0
0
127
21
0
0
127
22
0
0
127
23
0
0
127
24
0
0
127
25
0
0
127
26
0
0
128
27
0
0
127
28
0
0
127
29
0
0
127
30
0
0
127
31
0
0
127
32
0
0
127
33
0
0
127
34
0
0
127
35
0
0
127
36
0
0
127
37
0
0
127
38
0
0
127
39
0
0
127
40
0
0
128
41
0
0
128
42
0
0
128
43
0
0
128
44
0
0
127
45
0
0
127
46
0
0
127
47
0
0
127
48
0
0
127
49
0
0
127
50
0
0
127
51
0
0
127
52
0
0
128
53
0
0
127
54
0
0
128
55
0
0
127
56
0
0
127
57
0
0
128
58
0
0
128
59
0
0
128
60
0
0
128
61
0
0
128
62
0
0
128
63
0
0
127
64
0
0
127
65
0
0
127
66
0
0
128
67
0
0
127
68
0
0
128
69
0
0
127
70
0
0
127
71
0
0
127
72
0
0
127
73
0
0
127
74
0
0
128
75
0
0
127
76
0
0
128
77
0
0
127
78
0
0
127
79
0
0
128
80
0
0
128
81
0
0
127
82
0
0
128
83
0
0
127
84
0
0
127
85
0
0
127
86
0
0
127
87
0
0
128
88
0
0
128
89
0
0
127
90
0
0
127
91
0
0
127
92
0
0
127
93
0
0
127
94
0
0
127
95
0
0
127
96
0
0
127
97
0
0
127
98
0
0
127
99
0
0
127
100
0
0
128
101
0
0
127
102
0
0
127
103
0
0
127
104
0
0
127
105
0
0
127
106
0
0
127
107
0
0
127
108
0
0
127
109
0
0
127
110
0
0
127
111
0
0
127
112
0
0
127
113
0
0
127
114
0
0
127
115
0
0
127
116
0
0
127
117
0
0
127
118
0
0
127
119
0
0
127
120
0
0
127
121
0
0
127
122
0
0
127
123
0
0
127
124
0
0
127
125
0
0
127
126
0
0
127
127
0
0
127
128
0
0
127
129
0
0
127
130
0
0
127
131
0
0
127
132
0
0
127
133
0
0
127
134
0
0
127
135
0
0
127
136
0
0
127
137
0
0
127
138
0
0
127
139
0
0
127
140
0
0
127
141
0
0
127
142
0
0
127
143
0
0
127
144
0
0
127
145
0
0
127
146
0
0
127
147
0
0
127
148
0
0
127
149
0
0
127
150
0
0
128
151
0
0
127
152
0
0
127
153
0
0
127
154
0
0
127
155
0
0
127
156
0
0
127
157
0
0
127
158
0
0
127
159
0
0
127
160
0
0
127
161
0
0
127
162
0
0
127
163
0
0
127
164
0
0
127
165
0
0
127
166
0
0
127
167
0
0
127
168
0
0
127
169
0
0
127
170
0
0
127
171
0
0
127
172
0
0
127
173
0
0
127
174
0
0
127
175
0
0
127
176
0
0
127
177
0
0
127
178
0
0
127
179
0
0
127
180
0
0
127
181
0
0
127
182
0
0
127
183
0
0
127
184
0
0
128
185
0
0
127
186
0
0
127
187
0
0
127
188
0
0
127
189
0
0
127
190
0
0
127
191
0
0
127
192
0
0
127
193
0
0
127
194
0
0
127
195
0
0
127
196
0
0
127
197
0
0
127
198
0
0
127
199
0
0
127
200
0
0
127
201
0
0
127
202
0
0
127
203
0
0
127
204
0
0
127
205
0
0
127
206
0
0
127
207
0
0
127
208
0
0
127
209
0
0
127
210
0
0
127
211
0
0
127
212
0
0
127
213
0
0
127
214
0
0
127
215
0
0
127
216
0
0
127
217
0
0
127
218
0
0
127
219
0
0
127
220
0
0
127
221
0
0
127
222
0
0
127
223
0
0
127
224
0
0
127
225
0
0
127
226
0
0
127
227
0
0
127
228
0
0
127
229
0
0
127
230
0
0
127
231
0
0
127
232
0
0
127
233
0
0
128
234
0
0
127
235
0
0
127
236
0
0
127
237
0
0
127
238
0
0
127
239
0
0
127
240
0
0
127
241
0
0
127
242
0
0
128
243
0
0
127
244
0
0
127
245
0
0
127
246
0
0
127
247
0
0
127
248
0
0
127
249
0
0
127
250
0
0
127
251
0
0
127
252
0
0
127
253
0
0
128
254
0
0
127
255
0
0
127
0
0
0
127
1
0
0
128
2
0
0
128
3
0
0
128
4
0
0
127
5
0
0
128
6
0
0
127
7
0
0
128
8
0
0
127
9
0
0
127
10
0
0
127
11
0
0
128
12
0
0
127
13
0
0
127
14
0
0
127
15
0
0
127
16
0
0
128
17
0
0
128
18
0
0
128
19
0
0
128
20
0
0
128
21
0
0
127
22
0
0
127
23
0
0
127
24
0
0
127
25
0
0
127
26
0
0
127
27
0
0
127
28
0
0
127
29
0
0
127
30
0
0
127
31
0
0
127
32
0
0
127
33
0
0
127
34
0
0
127
35
0
0
127
36
0
0
127
37
0
0
127
38
0
0
127
39
0
0
127
40
0
0
127
41
0
0
127
42
0
0
127
43
0
0
127
44
0
0
127
45
0
0
127
46
0
0
127
47
0
0
127
48
0
0
127
49
0
0
127
50
0
0
127
51
0
0
127
52
0
0
127
53
0
0
128
54
0
0
127
55
0
0
127
56
0
0
127
57
0
0
127
58
0
0
127
59
0
0
128
60
0
0
128
61
0
0
127
62
0
0
127
63
0
0
128
64
0
0
127
65
0
0
127
66
0
0
127
67
0
0
128
68
0
0
128
69
0
0
128
70
0
0
128
71
0
0
128
72
0
0
128
73
0
0
128
74
0
0
128
75
0
0
127
76
0
0
128
77
0
0
127
78
0
0
128
79
0
0
128
80
0
0
129
81
0
0
129
82
0
0
130
83
0
0
130
84
0
0
131
85
0
0
131
86
0
0
131
87
0
0
131
88
0
0
131
89
0
0
131
90
0
0
131
91
0
0
131
92
0
0
131
93
0
0
130
94
0
0
129
95
0
0
129
96
0
0
128
97
0
0
128
98
0
0
127
99
0
0
127
100
0
0
127
101
0
0
128
102
0
0
127
103
0
0
127
104
0
0
127
105
0
0
127
106
0
0
127
107
0
0
127
108
0
0
127
109
0
0
127
110
0
0
127
111
0
0
127
112
0
0
127
113
0
0
127
114
0
0
128
115
0
0
128
116
0
0
127
117
0
0
127
118
0
0
127
119
0
0
128
120
0
0
128
121
0
0
128
122
0
0
127
123
0
0
128
124
0
0
127
125
0
0
127
126
0
0
127
127
0
0
128
128
0
0
127
129
0
0
128
130
0
0
128
131
0
0
127
132
0
0
127
133
0
0
127
134
0
0
128
135
0
0
128
136
0
0
128
137
0
0
128
138
0
0
128
139
0
0
128
140
0
0
128
141
0
0
127
142
0
0
128
143
0
0
128
144
0
0
128
145
0
0
127
146
0
0
127
147
0
0
128
148
0
0
128
149
0
0
128
150
0
0
128
151
0
0
127
152
0
0
127
153
0
0
128
154
0
0
127
155
0
0
127
156
0
0
127
157
0
0
127
158
0
0
127
159
0
0
127
160
0
0
127
161
0
0
127
162
0
0
127
163
0
0
127
164
0
0
127
165
0
0
127
166
0
0
127
167
0
0
127
168
0
0
127
169
0
0
127
170
0
0
127
171
0
0
127
172
0
0
127
173
0
0
127
174
0
0
127
175
0
0
127
176
0
0
127
177
0
0
127
178
0
0
127
179
0
0
127
180
0
0
127
181
0
0
127
182
0
0
127
183
0
0
127
184
0
0
127
185
0
0
128
186
0
0
127
187
0
0
127
188
0
0
127
189
0
0
128
190
0
0
127
191
0
0
127
192
0
0
127
193
0
0
128
194
0
0
127
195
0
0
128
196
0
0
127
197
0
0
127
198
0
0
127
199
0
0
127
200
0
0
127
201
0
0
127
202
0
0
127
203
0
0
127
204
0
0
128
205
0
0
127
206
0
0
127
207
0
0
127
208
0
0
127
209
0
0
127
210
0
0
128
211
0
0
127
212
0
0
127
213
0
0
127
214
0
0
127
215
0
0
127
216
0
0
128
217
0
0
128
218
0
0
127
219
0
0
127
220
0
0
127
221
0
0
127
222
0
0
127
223
0
0
127
224
0
0
127
225
0
0
127
226
0
0
127
227
0
0
127
228
0
0
127
229
0
0
127
230
0
0
127
231
0
0
127
232
0
0
127
233
0
0
127
234
0
0
127
235
0
0
127
236
0
0
127
237
0
0
127
238
0
0
127
239
0
0
127
240
0
0
127
241
0
0
127
242
0
0
127
243
0
0
127
244
0
0
127
245
0
0
127
246
0
0
127
247
0
0
127
248
0
0
128
249
0
0
128
250
0
0
128
251
0
0
128
252
0
0
127
253
0
0
127
254
0
0
127
255
0
0
127
0
0
0
128
1
0
0
127
2
0
0
127
3
0
0
127
4
0
0
128
5
0
0
128
6
0
0
128
7
0
0
127
8
0
0
128
9
0
0
127
10
0
0
127
11
0
0
127
12
0
0
127
13
0
0
127
14
0
0
127
15
0
0
127
16
0
0
127
17
0
0
127
18
0
0
127
19
0
0
127
20
0
0
127
21
0
0
127
22
0
0
127
23
0
0
127
24
0
0
128
25
0
0
127
26
0
0
127
27
0
0
127
28
0
0
128
29
0
0
127
30
0
0
127
31
0
0
127
32
0
0
127
33
0
0
127
34
0
0
127
35
0
0
127
36
0
0
127
37
0
0
127
38
0
0
127
39
0
0
127
40
0
0
127
41
0
0
127
42
0
0
127
43
0
0
127
44
0
0
127
45
0
0
127
46
0
0
127
47
0
0
127
48
0
0
127
49
0
0
127
50
0
0
127
51
0
0
127
52
0
0
127
53
0
0
127
54
0
0
127
55
0
0
127
56
0
0
127
57
0
0
127
58
0
0
127
59
0
0
127
60
0
0
127
61
0
0
127
62
0
0
127
63
0
0
127
64
0
0
127
65
0
0
128
66
0
0
128
67
0
0
127
68
0
0
127
69
0
0
127
70
0
0
127
71
0
0
127
72
0
0
127
73
0
0
127
74
0
0
127
75
0
0
127
76
0
0
127
77
0
0
127
78
0
0
127
79
0
0
127
80
0
0
127
81
0
0
127
82
0
0
127
83
0
0
127
84
0
0
127
85
0
0
127
86
0
0
127
87
0
0
127
88
0
0
127
89
0
0
127
90
0
0
127
91
0
0
127
92
0
0
127
93
0
0
127
94
0
0
127
95
0
0
127
96
0
0
127
97
0
0
127
98
0
0
127
99
0
0
127
100
0
0
127
101
0
0
127
102
0
0
127
103
0
0
127
104
0
0
127
105
0
0
127
106
0
0
127
107
0
0
127
108
0
0
127
109
0
0
127
110
0
0
127
111
0
0
127
112
0
0
127
113
0
0
127
114
0
0
127
115
0
0
127
116
0
0
127
117
0
0
127
118
0
0
127
119
0
0
127
120
0
0
127
121
0
0
127
122
0
0
127
123
0
0
127
124
0
0
127
125
0
0
127
126
0
0
127
127
0
0
127
128
0
0
127
129
0
0
127
130
0
0
127
131
0
0
127
132
0
0
127
133
0
0
127
134
0
0
127
135
0
0
128
136
0
0
127
137
0
0
128
138
0
0
127
139
0
0
127
140
0
0
128
141
0
0
127
142
0
0
127
143
0
0
128
144
0
0
127
145
0
0
127
146
0
0
127
147
0
0
127
148
0
0
127
149
0
0
127
150
0
0
127
151
0
0
127
152
0
0
127
153
0
0
127
154
0
0
127
155
0
0
127
156
0
0
127
157
0
0
127
158
0
0
127
159
0
0
127
160
0
0
127
161
0
0
127
162
0
0
127
163
0
0
127
164
0
0
127
165
0
0
127
166
0
0
127
167
0
0
127
168
0
0
127
169
0
0
127
170
0
0
128
171
0
0
127
172
0
0
127
173
0
0
127
174
0
0
127
175
0
0
127
176
0
0
127
177
0
0
127
178
0
0
127
179
0
0
127
180
0
0
127
181
0
0
127
182
0
0
127
183
0
0
127
184
0
0
127
185
0
0
127
186
0
0
127
187
0
0
127
188
0
0
127
189
0
0
127
190
0
0
127
191
0
0
127
192
0
0
127
193
0
0
127
194
0
0
127
195
0
0
127
196
0
0
127
197
0
0
127
198
0
0
127
199
0
0
127
200
0
0
127
201
0
0
127
202
0
0
128
203
0
0
127
204
0
0
127
205
0
0
127
206
0
0
128
207
0
0
127
208
0
0
127
209
0
0
127
210
0
0
128
211
0
0
127
212
0
0
127
213
0
0
127
214
0
0
127
215
0
0
127
216
0
0
127
217
0
0
127
218
0
0
127
219
0
0
127
220
0
0
127
221
0
0
127
222
0
0
127
223
0
0
127
224
0
0
127
225
0
0
127
226
0
0
127
227
0
0
127
228
0
0
127
229
0
0
127
230
0
0
127
231
0
0
127
232
0
0
127
233
0
0
127
234
0
0
127
235
0
0
127
236
0
0
127
237
0
0
127
238
0
0
127
239
0
0
127
240
0
0
127
241
0
0
127
242
0
0
127
243
0
0
127
244
0
0
127
245
0
0
127
246
0
0
127
247
0
0
127
248
0
0
127
249
0
0
127
250
0
0
127
251
0
0
127
252
0
0
127
253
0
0
127
254
0
0
127
255
0
0
127
0
0
0
127
1
0
0
127
2
0
0
127
3
0
0
127
4
0
0
127
5
0
0
127
6
0
0
127
7
0
0
127
8
0
0
127
9
0
0
127
10
0
0
127
11
0
0
127
12
0
0
127
13
0
0
127
14
0
0
127
15
0
0
127
16
0
0
127
17
0
0
127
18
0
0
127
19
0
0
127
20
0
0
127
21
0
0
127
22
0
0
127
23
0
0
127
24
0
0
127
25
0
0
127
26
0
0
127
27
0
0
128
28
0
0
127
29
0
0
127
30
0
0
127
31
0
0
127
32
0
0
127
33
0
0
127
34
0
0
127
35
0
0
127
36
0
0
127
37
0
0
127
38
0
0
127
39
0
0
127
40
0
0
127
41
0
0
127
42
0
0
127
43
0
0
127
44
0
0
127
45
0
0
127
46
0
0
127
47
0
0
127
48
0
0
127
49
0
0
127
50
0
0
127
51
0
0
127
52
0
0
127
53
0
0
127
54
0
0
127
55
0
0
127
56
0
0
127
57
0
0
127
58
0
0
127
59
0
0
127
60
0
0
127
61
0
0
127
62
0
0
127
63
0
0
127
64
0
0
127
65
0
0
127
66
0
0
127
67
0
0
127
68
0
0
127
69
0
0
127
70
0
0
127
71
0
0
127
72
0
0
127
73
0
0
127
74
0
0
127
75
0
0
127
76
0
0
127
77
0
0
127
78
0
0
127
79
0
0
127
80
0
0
127
81
0
0
127
82
0
0
127
83
0
0
127
84
0
0
127
85
0
0
127
86
0
0
127
87
0
0
127
88
0
0
127
89
0
0
127
90
0
0
127
91
0
0
127
92
0
0
127
93
0
0
127
94
0
0
127
95
0
0
127
96
0
0
127
97
0
0
127
98
0
0
127
99
0
0
127
100
0
0
127
101
0
0
127
102
0
0
127
103
0
0
127
104
0
0
127
105
0
0
127
106
0
0
127
107
0
0
127
108
0
0
127
109
0
0
127
110
0
0
127
111
0
0
127
112
0
0
127
113
0
0
127
114
0
0
127
115
0
0
127
116
0
0
127
117
0
0
127
118
0
0
127
119
0
0
127
120
0
0
127
121
0
0
127
122
0
0
128
123
0
0
128
124
0
0
128
125
0
0
127
126
0
0
127
127
0
0
127
128
0
0
127
129
0
0
127
130
0
0
127
131
0
0
127
132
0
0
127
133
0
0
127
134
0
0
127
135
0
0
127
136
0
0
128
137
0
0
128
138
0
0
127
139
0
0
127
140
0
0
127
141
0
0
127
142
0
0
127
143
0
0
127
144
0
0
127
145
0
0
128
146
0
0
127
147
0
0
127
148
0
0
127
149
0
0
127
150
0
0
127
151
0
0
127
152
0
0
127
153
0
0
127
154
0
0
127
155
0
0
127
156
0
0
127
157
0
0
127
158
0
0
127
159
0
0
127
160
0
0
127
161
0
0
128
162
0
0
127
163
0
0
127
164
0
0
127
165
0
0
127
166
0
0
127
167
0
0
127
168
0
0
127
169
0
0
127
170
0
0
127
171
0
0
127
172
0
0
127
173
0
0
127
174
0
0
127
175
0
0
127
176
0
0
127
177
0
0
127
178
0
0
127
179
0
0
127
180
0
0
127
181
0
0
127
182
0
0
127
183
0
0
127
184
0
0
127
185
0
0
127
186
0
0
127
187
0
0
127
188
0
0
127
189
0
0
128
190
0
0
128
191
0
0
127
192
0
0
127
193
0
0
127
194
0
0
127
195
0
0
127
196
0
0
127
197
0
0
127
198
0
0
127
199
0
0
127
200
0
0
127
201
0
0
127
202
0
0
127
203
0
0
127
204
0
0
127
205
0
0
127
206
0
0
127
207
0
0
127
208
0
0
127
209
0
0
127
210
0
0
127
211
0
0
127
212
0
0
127
213
0
0
127
214
0
0
127
215
0
0
127
216
0
0
127
217
0
0
127
218
0
0
127
219
0
0
127
220
0
0
127
221
0
0
127
222
0
0
127
223
0
0
127
224
0
0
127
225
0
0
127
226
0
0
127
227
0
0
127
228
0
0
127
229
0
0
127
230
0
0
127
231
0
0
127
232
0
0
127
233
0
0
127
234
0
0
127
235
0
0
127
236
0
0
127
237
0
0
127
238
0
0
127
239
0
0
127
240
0
0
127
241
0
0
127
242
0
0
127
243
0
0
127
244
0
0
127
245
0
0
127
246
0
0
127
247
0
0
127
248
0
0
127
249
0
0
127
250
0
0
127
251
0
0
127
252
0
0
127
253
0
0
127
254
0
0
127
255
0
0
127
0
0
0
127
1
0
0
127
2
0
0
127
3
0
0
127
4
0
0
127
5
0
0
127
6
0
0
127
7
0
0
127
8
0
0
127
9
0
0
127
10
0
0
127
11
0
0
127
12
0
0
127
13
0
0
127
14
0
0
127
15
0
0
127
16
0
0
127
17
0
0
127
18
0
0
127
19
0
0
127
20
0
0
127
21
0
0
127
22
0
0
127
23
0
0
127
24
0
0
127
25
0
0
127
26
0
0
127
27
0
0
127
28
0
0
127
29
0
0
127
30
0
0
127
31
0
0
127
32
0
0
127
33
0
0
127
34
0
0
127
35
0
0
127
36
0
0
127
37
0
0
127
38
0
0
127
39
0
0
127
40
0
0
127
41
0
0
127
42
0
0
127
43
0
0
127
44
0
0
127
45
0
0
127
46
0
0
127
47
0
0
127
48
0
0
127
49
0
0
127
50
0
0
127
51
0
0
127
52
0
0
127
53
0
0
127
54
0
0
127
55
0
0
127
56
0
0
127
57
0
0
127
58
0
0
127
59
0
0
127
60
0
0
127
61
0
0
127
62
0
0
127
63
0
0
127
64
0
0
127
65
0
0
127
66
0
0
127
67
0
0
127
68
0
0
127
69
0
0
127
70
0
0
127
71
0
0
127
72
0
0
127
73
0
0
127
74
0
0
127
75
0
0
127
76
0
0
127
77
0
0
127
78
0
0
127
79
0
0
127
80
0
0
127
81
0
0
127
82
0
0
127
83
0
0
127
84
0
0
127
85
0
0
127
86
0
0
127
87
0
0
127
88
0
0
127
89
0
0
127
90
0
0
127
91
0
0
127
92
0
0
127
93
0
0
127
94
0
0
127
95
0
0
127
96
0
0
127
97
0
0
127
98
0
0
127
99
0
0
127
100
0
0
127
101
0
0
127
102
0
0
127
103
0
0
127
104
0
0
127
105
0
0
127
106
0
0
127
107
0
0
127
108
0
0
127
109
0
0
127
110
0
0
127
111
0
0
127
112
0
0
127
113
0
0
127
114
0
0
127
115
0
0
127
116
0
0
127
117
0
0
127
118
0
0
127
119
0
0
127
120
0
0
127
121
0
0
127
122
0
0
127
123
0
0
127
124
0
0
127
125
0
0
127
126
0
0
127
127
0
0
127
128
0
0
127
129
0
0
127
130
0
0
127
131
0
0
127
132
0
0
127
133
0
0
127
134
0
0
127
135
0
0
127
136
0
0
127
137
0
0
127
138
0
0
127
139
0
0
127
140
0
0
127
141
0
0
127
142
0
0
127
143
0
0
127
144
0
0
127
145
0
0
127
146
0
0
127
147
0
0
127
148
0
0
127
149
0
0
127
150
0
0
127
151
0
0
127
152
0
0
127
153
0
0
127
154
0
0
127
155
0
0
127
156
0
0
127
157
0
0
127
158
0
0
127
159
0
0
127
160
0
0
127
161
0
0
127
162
0
0
127
163
0
0
127
164
0
0
127
165
0
0
127
166
0
0
127
167
0
0
127
168
0
0
127
169
0
0
127
170
0
0
127
171
0
0
127
172
0
0
127
173
0
0
127
174
0
0
127
175
0
0
127
176
0
0
127
177
0
0
127
178
0
0
127
179
0
0
127
180
0
0
127
181
0
0
127
182
0
0
127
183
0
0
127
184
0
0
127
185
0
0
127
186
0
0
127
187
0
0
127
188
0
0
127
189
0
0
127
190
0
0
127
191
0
0
127
192
0
0
127
193
0
0
127
194
0
0
127
195
0
0
127
196
0
0
127
197
0
0
127
198
0
0
127
199
0
0
127
200
0
0
127
201
0
0
127
202
0
0
127
203
0
0
127
204
0
0
127
205
0
0
127
206
0
0
127
207
0
0
127
208
0
0
127
209
0
0
127
210
0
0
127
211
0
0
127
212
0
0
127
213
0
0
127
214
0
0
127
215
0
0
127
216
0
0
127
217
0
0
127
218
0
0
127
219
0
0
127
220
0
0
127
221
0
0
127
222
0
0
127
223
0
0
127
224
0
0
127
225
0
0
127
226
0
0
127
227
0
0
127
228
0
0
127
229
0
0
127
230
0
0
127
231
0
0
127
232
0
0
127
233
0
0
127
234
0
0
127
235
0
0
127
236
0
0
127
237
0
0
127
238
0
0
127
239
0
0
127
240
0
0
127
241
0
0
127
242
0
0
127
243
0
0
127
244
0
0
127
245
0
0
127
246
0
0
127
247
0
0
127
248
0
0
127
249
0
0
127
250
0
0
127
251
0
0
127
252
0
0
127
253
0
0
127
254
0
0
127
255
0
0
127
0
0
0
127
1
0
0
127
2
0
0
127
3
0
0
127
4
0
0
127
5
0
0
127
6
0
0
127
7
0
0
127
8
0
0
127
9
0
0
127
10
0
0
127
11
0
0
127
12
0
0
127
13
0
0
127
14
0
0
127
15
0
0
127
16
0
0
127
17
0
0
127
18
0
0
127
19
0
0
127
20
0
0
127
21
0
0
127
22
0
0
127
23
0
0
127
24
0
0
127
25
0
0
127
26
0
0
127
27
0
0
127
28
0
0
127
29
0
0
127
30
0
0
127
31
0
0
127
32
0
0
127
33
0
0
127
34
0
0
127
35
0
0
127
36
0
0
127
37
0
0
127
38
0
0
127
39
0
0
127
40
0
0
127
41
0
0
127
42
0
0
127
43
0
0
127
44
0
0
127
45
0
0
127
46
0
0
127
47
0
0
127
48
0
0
127
49
0
0
127
50
0
0
127
51
0
0
127
52
0
0
127
53
0
0
127
54
0
0
127
55
0
0
127
56
0
0
127
57
0
0
127
58
0
0
127
59
0
0
127
60
0
0
127
61
0
0
127
62
0
0
127
63
0
0
127
64
0
0
127
65
0
0
127
66
0
0
127
67
0
0
127
68
0
0
127
69
0
0
127
70
0
0
127
71
0
0
127
72
0
0
127
73
0
0
127
74
0
0
127
75
0
0
127
76
0
0
127
77
0
0
127
78
0
0
127
79
0
0
127
80
0
0
127
81
0
0
127
82
0
0
127
83
0
0
127
84
0
0
127
85
0
0
127
86
0
0
127
87
0
0
127
88
0
0
127
89
0
0
127
90
0
0
127
91
0
0
127
92
0
0
127
93
0
0
128
94
0
0
128
95
0
0
128
96
0
0
127
97
0
0
127
98
0
0
127
99
0
0
127
100
0
0
127
101
0
0
127
102
0
0
127
103
0
0
127
104
0
0
127
105
0
0
127
106
0
0
127
107
0
0
127
108
0
0
127
109
0
0
127
110
0
0
127
111
0
0
127
112
0
0
127
113
0
0
127
114
0
0
127
115
0
0
127
116
0
0
127
117
0
0
127
118
0
0
127
119
0
0
127
120
0
0
127
121
0
0
127
122
0
0
127
123
0
0
127
124
0
0
127
125
0
0
127
126
0
0
127
127
0
0
127
128
0
0
127
129
0
0
127
130
0
0
127
131
0
0
127
132
0
0
127
133
0
0
127
134
0
0
127
135
0
0
127
136
0
0
127
137
0
0
127
138
0
0
127
139
0
0
127
140
0
0
127
141
0
0
127
142
0
0
127
143
0
0
127
144
0
0
127
145
0
0
127
146
0
0
127
147
0
0
127
148
0
0
127
149
0
0
127
150
0
0
127
151
0
0
127
152
0
0
127
153
0
0
127
154
0
0
127
155
0
0
127
156
0
0
127
157
0
0
127
158
0
0
127
159
0
0
127
160
0
0
127
161
0
0
127
162
0
0
127
163
0
0
127
164
0
0
127
165
0
0
127
166
0
0
127
167
0
0
127
168
0
0
127
169
0
0
127
170
0
0
127
171
0
0
127
172
0
0
127
173
0
0
127
174
0
0
127
175
0
0
127
176
0
0
127
177
0
0
127
178
0
0
127
179
0
0
127
180
0
0
127
181
0
0
127
182
0
0
127
183
0
0
127
184
0
0
127
185
0
0
127
186
0
0
127
187
0
0
127
188
0
0
127
189
0
0
127
190
0
0
127
191
0
0
127
192
0
0
127
193
0
0
127
194
0
0
127
195
0
0
127
196
0
0
127
197
0
0
127
198
0
0
127
199
0
0
127
200
0
0
127
201
0
0
127
202
0
0
127
203
0
0
127
204
0
0
127
205
0
0
127
206
0
0
127
207
0
0
127
208
0
0
127
209
0
0
127
210
0
0
127
211
0
0
127
212
0
0
127
213
0
0
127
214
0
0
127
215
0
0
127
216
0
0
127
217
0
0
127
218
0
0
127
219
0
0
127
220
0
0
127
221
0
0
127
222
0
0
127
223
0
0
127
224
0
0
127
225
0
0
127
226
0
0
127
227
0
0
127
228
0
0
127
229
0
0
127
230
0
0
127
231
0
0
127
232
0
0
127
233
0
0
127
234
0
0
127
235
0
0
127
236
0
0
127
237
0
0
127
238
0
0
127
239
0
0
127
240
0
0
127
241
0
0
127
242
0
0
127
243
0
0
127
244
0
0
127
245
0
0
127
246
0
0
127
247
0
0
127
248
0
0
127
249
0
0
127
250
0
0
127
251
0
0
127
252
0
0
127
253
0
0
127
254
0
0
127
255
0
0
127
0
0
0
127
1
0
0
127
2
0
0
127
3
0
0
127
4
0
0
127
5
0
0
127
6
0
0
127
7
0
0
127
8
0
0
127
9
0
0
127
10
0
0
127
11
0
0
127
12
0
0
127
13
0
0
127
14
0
0
127
15
0
0
127
16
0
0
127
17
0
0
127
18
0
0
127
19
0
0
127
20
0
0
127
21
0
0
127
22
0
0
127
23
0
0
127
24
0
0
127
25
0
0
127
26
0
0
127
27
0
0
127
28
0
0
127
29
0
0
127
30
0
0
127
31
0
0
127
32
0
0
127
33
0
0
127
34
0
0
127
35
0
0
127
36
0
0
127
37
0
0
127
38
0
0
127
39
0
0
127
40
0
0
127
41
0
0
127
42
0
0
127
43
0
0
127
44
0
0
127
45
0
0
127
46
0
0
127
47
0
0
127
48
0
0
127
49
0
0
127
50
0
0
127
51
0
0
127
52
0
0
127
53
0
0
127
54
0
0
127
55
0
0
127
56
0
0
127
57
0
0
127
58
0
0
127
59
0
0
127
60
0
0
127
61
0
0
127
62
0
0
127
63
0
0
127
64
0
0
127
65
0
0
127
66
0
0
127
67
0
0
127
68
0
0
127
69
0
0
127
70
0
0
127
71
0
0
127
72
0
0
127
73
0
0
127
74
0
0
127
75
0
0
127
76
0
0
127
77
0
0
127
78
0
0
127
79
0
0
127
80
0
0
127
81
0
0
127
82
0
0
127
83
0
0
127
84
0
0
127
85
0
0
127
86
0
0
127
87
0
0
127
88
0
0
127
89
0
0
127
90
0
0
127
91
0
0
127
92
0
0
127
93
0
0
127
94
0
0
127
95
0
0
127
96
0
0
127
97
0
0
127
98
0
0
127
99
0
0
127
100
0
0
127
101
0
0
127
102
0
0
127
103
0
0
127
104
0
0
127
105
0
0
127
106
0
0
127
107
0
0
127
108
0
0
127
109
0
0
127
110
0
0
127
111
0
0
127
112
0
0
127
113
0
0
127
114
0
0
127
115
0
0
127
116
0
0
127
117
0
0
127
118
0
0
127
119
0
0
127
120
0
0
127
121
0
0
127
122
0
0
127
123
0
0
127
124
0
0
127
125
0
0
127
126
0
0
127
127
0
0
127
128
0
0
127
129
0
0
127
130
0
0
127
131
0
0
127
132
0
0
127
133
0
0
127
134
0
0
127
135
0
0
127
136
0
0
127
137
0
0
127
138
0
0
127
139
0
0
127
140
0
0
127
141
0
0
127
142
0
0
127
143
0
0
127
144
0
0
127
145
0
0
127
146
0
0
127
147
0
0
127
148
0
0
127
149
0
0
127
150
0
0
127
151
0
0
127
152
0
0
127
153
0
0
127
154
0
0
127
155
0
0
127
156
0
0
127
157
0
0
127
158
0
0
127
159
0
0
127
160
0
0
127
161
0
0
127
162
0
0
127
163
0
0
127
164
0
0
127
165
0
0
127
166
0
0
127
167
0
0
127
168
0
0
127
169
0
0
127
170
0
0
127
171
0
0
127
172
0
0
127
173
0
0
127
174
0
0
127
175
0
0
127
176
0
0
127
177
0
0
127
178
0
0
127
179
0
0
127
180
0
0
127
181
0
0
127
182
0
0
127
183
0
0
127
184
0
0
127
185
0
0
127
186
0
0
127
187
0
0
127
188
0
0
127
189
0
0
127
190
0
0
127
191
0
0
127
192
0
0
127
193
0
0
127
194
0
0
127
195
0
0
127
196
0
0
127
197
0
0
127
198
0
0
127
199
0
0
127
200
0
0
127
201
0
0
127
202
0
0
127
203
0
0
127
204
0
0
127
205
0
0
127
206
0
0
127
207
0
0
127
208
0
0
127
209
0
0
127
210
0
0
127
211
0
0
127
212
0
0
127
213
0
0
127
214
0
0
127
215
0
0
127
216
0
0
127
217
0
0
127
218
0
0
127
219
0
0
127
220
0
0
127
221
0
0
127
222
0
0
127
223
0
0
127
224
0
0
127
225
0
0
127
226
0
0
127
227
0
0
127
228
0
0
127
229
0
0
127
230
0
0
127
231
0
0
127
232
0
0
127
233
0
0
127
234
0
0
127
235
0
0
127
236
0
0
127
237
0
0
127
238
0
0
127
239
0
0
127
240
0
0
127
241
0
0
127
242
0
0
127
243
0
0
127
244
0
0
127
245
0
0
127
246
0
0
127
247
0
0
127
248
0
0
127
249
0
0
127
250
0
0
127
251
0
0
127
252
0
0
127
253
0
0
127
254
0
0
127
255
0
0
127
0
0
0
127
1
0
0
127
2
0
0
127
3
0
0
127
4
0
0
127
5
0
0
127
6
0
0
127
7
0
0
127
8
0
0
127
9
0
0
127
10
0
0
127
11
0
0
127
12
0
0
127
13
0
0
127
14
0
0
127
15
0
0
127
16
0
0
127
17
0
0
127
18
0
0
127
19
0
0
127
20
0
0
127
21
0
0
127
22
0
0
127
23
0
0
127
24
0
0
127
25
0
0
127
26
0
0
127
27
0
0
127
28
0
0
127
29
0
0
127
30
0
0
127
31
0
0
127
32
0
0
127
33
0
0
127
34
0
0
127
35
0
0
127
36
0
0
127
37
0
0
127
38
0
0
127
39
0
0
127
40
0
0
127
41
0
0
127
42
0
0
127
43
0
0
127
44
0
0
127
45
0
0
127
46
0
0
127
47
0
0
127
48
0
0
127
49
0
0
127
50
0
0
127
51
0
0
127
52
0
0
127
53
0
0
127
54
0
0
127
55
0
0
127
56
0
0
127
57
0
0
127
58
0
0
127
59
0
0
127
60
0
0
127
61
0
0
127
62
0
0
127
63
0
0
127
64
0
0
127
65
0
0
127
66
0
0
127
67
0
0
127
68
0
0
127
69
0
0
127
70
0
0
127
71
0
0
127
72
0
0
127
73
0
0
127
74
0
0
127
75
0
0
127
76
0
0
127
77
0
0
127
78
0
0
127
79
0
0
127
80
0
0
127
81
0
0
127
82
0
0
127
83
0
0
127
84
0
0
127
85
0
0
127
86
0
0
127
87
0
0
127
88
0
0
127
89
0
0
127
90
0
0
127
91
0
0
127
92
0
0
127
93
0
0
127
94
0
0
127
95
0
0
127
96
0
0
127
97
0
0
127
98
0
0
127
99
0
0
127
100
0
0
127
101
0
0
127
102
0
0
127
103
0
0
127
104
0
0
127
105
0
0
127
106
0
0
127
107
0
0
127
108
0
0
127
109
0
0
127
110
0
0
127
111
0
0
127
112
0
0
127
113
0
0
127
114
0
0
127
115
0
0
127
116
0
0
127
117
0
0
127
118
0
0
127
119
0
0
127
120
0
0
127
121
0
0
127
122
0
0
127
123
0
0
127
124
0
0
127
125
0
0
127
126
0
0
127
127
0
0
127
128
0
0
127
129
0
0
127
130
0
0
127
131
0
0
127
132
0
0
127
133
0
0
127
134
0
0
127
135
0
0
127
136
0
0
127
137
0
0
127
138
0
0
127
139
0
0
127
140
0
0
127
141
0
0
127
142
0
0
127
143
0
0
127
144
0
0
127
145
0
0
127
146
0
0
127
147
0
0
127
148
0
0
127
149
0
0
127
150
0
0
127
151
0
0
127
152
0
0
127
153
0
0
127
154
0
0
127
155
0
0
127
156
0
0
127
157
0
0
127
158
0
0
127
159
0
0
127
160
0
0
127
161
0
0
127
162
0
0
127
163
0
0
127
164
0
0
127
165
0
0
127
166
0
0
127
167
0
0
127
168
0
0
127
169
0
0
127
170
0
0
127
171
0
0
127
172
0
0
127
173
0
0
127
174
0
0
127
175
0
0
127
176
0
0
127
177
0
0
127
178
0
0
127
179
0
0
127
180
0
0
127
181
0
0
127
182
0
0
127
183
0
0
127
184
0
0
127
185
0
0
127
186
0
0
127
187
0
0
127
188
0
0
127
189
0
0
127
190
0
0
127
191
0
0
127
192
0
0
127
193
0
0
127
194
0
0
127
195
0
0
127
196
0
0
127
197
0
0
127
198
0
0
127
199
0
0
127
200
0
0
127
201
0
0
127
202
0
0
127
203
0
0
127
204
0
0
127
205
0
0
127
206
0
0
127
207
0
0
127
208
0
0
127
209
0
0
127
210
0
0
127
211
0
0
127
212
0
0
127
213
0
0
127
214
0
0
127
215
0
0
127
216
0
0
127
217
0
0
127
218
0
0
127
219
0
0
127
220
0
0
127
221
0
0
127
222
0
0
127
223
0
0
127
224
0
0
127
225
0
0
127
226
0
0
127
227
0
0
127
228
0
0
127
229
0
0
127
230
0
0
127
231
0
0
127
232
0
0
127
233
0
0
127
234
0
0
127
235
0
0
127
236
0
0
127
237
0
0
127
238
0
0
127
239
0
0
127
240
0
0
127
241
0
0
127
242
0
0
127
243
0
0
127
244
0
0
127
245
0
0
127
246
0
0
127
247
0
0
127
248
0
0
127
249
0
0
127
250
0
0
127
251
0
0
127
252
0
0
127
253
0
0
127
254
0
0
127
255
0
0
127
0
0
0
127
1
0
0
127
2
0
0
127
3
0
0
127
4
0
0
127
5
0
0
127
6
0
0
127
7
0
0
127
8
0
0
127
9
0
0
127
10
0
0
127
11
0
0
127
12
0
0
127
13
0
0
127
14
0
0
127
15
0
0
127
16
0
0
127
17
0
0
127
18
0
0
127
19
0
0
127
20
0
0
127
21
0
0
127
22
0
0
127
23
0
0
127
24
0
0
127
25
0
0
127
26
0
0
127
27
0
0
127
28
0
0
127
29
0
0
127
30
0
0
127
31
0
0
127
32
0
0
127
33
0
0
127
34
0
0
127
35
0
0
127
36
0
0
127
37
0
0
127
38
0
0
127
39
0
0
127
40
0
0
127
41
0
0
127
42
0
0
128
43
0
0
127
44
0
0
127
45
0
0
127
46
0
0
127
47
0
0
127
48
0
0
127
49
0
0
127
50
0
0
127
51
0
0
127
52
0
0
127
53
0
0
127
54
0
0
127
55
0
0
127
56
0
0
127
57
0
0
127
58
0
0
127
59
0
0
127
60
0
0
127
61
0
0
127
62
0
0
127
63
0
0
127
64
0
0
127
65
0
0
127
66
0
0
127
67
0
0
127
68
0
0
127
69
0
0
127
70
0
0
127
71
0
0
127
72
0
0
127
73
0
0
127
74
0
0
127
75
0
0
127
76
0
0
127
77
0
0
127
78
0
0
127
79
0
0
127
80
0
0
127
81
0
0
127
82
0
0
127
83
0
0
127
84
0
0
127
85
0
0
127
86
0
0
127
87
0
0
127
88
0
0
127
89
0
0
127
90
0
0
127
91
0
0
127
92
0
0
127
93
0
0
127
94
0
0
127
95
0
0
127
96
0
0
127
97
0
0
127
98
0
0
127
99
0
0
127
100
0
0
127
101
0
0
127
102
0
0
127
103
0
0
127
104
0
0
127
105
0
0
127
106
0
0
127
107
0
0
127
108
0
0
127
109
0
0
127
110
0
0
127
111
0
0
127
112
0
0
127
113
0
0
127
114
0
0
127
115
0
0
127
116
0
0
127
117
0
0
127
118
0
0
128
119
0
0
128
120
0
0
127
121
0
0
128
122
0
0
128
123
0
0
127
124
0
0
127
125
0
0
127
126
0
0
127
127
0
0
127
128
0
0
128
129
0
0
127
130
0
0
128
131
0
0
128
132
0
0
127
133
0
0
127
134
0
0
128
135
0
0
128
136
0
0
128
137
0
0
128
138
0
0
128
139
0
0
127
140
0
0
127
141
0
0
127
142
0
0
127
143
0
0
127
144
0
0
127
145
0
0
127
146
0
0
128
147
0
0
127
148
0
0
127
149
0
0
127
150
0
0
127
151
0
0
127
152
0
0
127
153
0
0
127
154
0
0
127
155
0
0
127
156
0
0
127
157
0
0
127
158
0
0
127
159
0
0
127
160
0
0
127
161
0
0
127
162
0
0
127
163
0
0
127
164
0
0
127
165
0
0
127
166
0
0
127
167
0
0
127
168
0
0
127
169
0
0
127
170
0
0
127
171
0
0
127
172
0
0
127
173
0
0
127
174
0
0
127
175
0
0
127
176
0
0
127
177
0
0
127
178
0
0
127
179
0
0
127
180
0
0
127
181
0
0
127
182
0
0
127
183
0
0
127
184
0
0
127
185
0
0
127
186
0
0
127
187
0
0
127
188
0
0
127
189
0
0
127
190
0
0
127
191
0
0
127
192
0
0
127
193
0
0
127
194
0
0
127
195
0
0
127
196
0
0
127
197
0
0
127
198
0
0
127
199
0
0
127
200
0
0
127
201
0
0
127
202
0
0
127
203
0
0
127
204
0
0
127
205
0
0
127
206
0
0
127
207
0
0
127
208
0
0
127
209
0
0
127
210
0
0
127
211
0
0
127
212
0
0
127
213
0
0
127
214
0
0
127
215
0
0
127
216
0
0
127
217
0
0
127
218
0
0
127
219
0
0
127
220
0
0
127
221
0
0
127
222
0
0
127
223
0
0
127
224
0
0
127
225
0
0
127
226
0
0
127
227
0
0
127
228
0
0
127
229
0
0
127
230
0
0
127
231
0
0
127
232
0
0
127
233
0
0
127
234
0
0
127
235
0
0
127
236
0
0
127
237
0
0
127
238
0
0
127
239
0
0
127
240
0
0
127
241
0
0
127
242
0
0
127
243
0
0
127
244
0
0
127
245
0
0
127
246
0
0
127
247
0
0
127
248
0
0
127
249
0
0
127
250
0
0
127
251
0
0
127
252
0
0
127
253
0
0
127
254
0
0
127
255
0
0
128
0
0
0
127
1
0
0
127
2
0
0
127
3
0
0
127
4
0
0
127
5
0
0
127
6
0
0
127
7
0
0
127
8
0
0
127
9
0
0
127
10
0
0
127
11
0
0
127
12
0
0
127
13
0
0
127
14
0
0
127
15
0
0
127
16
0
0
127
17
0
0
127
18
0
0
127
19
0
0
127
20
0
0
127
21
0
0
128
22
0
0
127
23
0
0
127
24
0
0
128
25
0
0
128
26
0
0
127
27
0
0
127
28
0
0
127
29
0
0
127
30
0
0
127
31
0
0
127
32
0
0
127
33
0
0
127
34
0
0
127
35
0
0
127
36
0
0
127
37
0
0
127
38
0
0
127
39
0
0
127
40
0
0
127
41
0
0
127
42
0
0
127
43
0
0
127
44
0
0
127
45
0
0
127
46
0
0
128
47
0
0
127
48
0
0
127
49
0
0
127
50
0
0
127
51
0
0
127
52
0
0
127
53
0
0
127
54
0
0
127
55
0
0
127
56
0
0
127
57
0
0
127
58
0
0
127
59
0
0
127
60
0
0
127
61
0
0
127
62
0
0
127
63
0
0
127
64
0
0
127
65
0
0
127
66
0
0
128
67
0
0
127
68
0
0
127
69
0
0
128
70
0
0
128
71
0
0
127
72
0
0
127
73
0
0
127
74
0
0
127
75
0
0
127
76
0
0
127
77
0
0
127
78
0
0
127
79
0
0
127
80
0
0
127
81
0
0
127
82
0
0
127
83
0
0
127
84
0
0
127
85
0
0
127
86
0
0
127
87
0
0
127
88
0
0
127
89
0
0
127
90
0
0
127
91
0
0
127
92
0
0
127
93
0
0
127
94
0
0
127
95
0
0
127
96
0
0
127
97
0
0
127
98
0
0
127
99
0
0
127
100
0
0
127
101
0
0
127
102
0
0
127
103
0
0
127
104
0
0
127
105
0
0
128
106
0
0
127
107
0
0
127
108
0
0
127
109
0
0
127
110
0
0
127
111
0
0
127
112
0
0
127
113
0
0
127
114
0
0
127
115
0
0
127
116
0
0
127
117
0
0
127
118
0
0
127
119
0
0
127
120
0
0
127
121
0
0
127
122
0
0
127
123
0
0
127
124
0
0
127
125
0
0
127
126
0
0
127
127
0
0
127
128
0
0
127
129
0
0
127
130
0
0
127
131
0
0
127
132
0
0
127
133
0
0
127
134
0
0
127
135
0
0
127
136
0
0
127
137
0
0
127
138
0
0
127
139
0
0
127
140
0
0
127
141
0
0
127
142
0
0
127
143
0
0
127
144
0
0
127
145
0
0
127
146
0
0
127
147
0
0
127
148
0
0
127
149
0
0
127
150
0
0
127
151
0
0
127
152
0
0
127
153
0
0
128
154
0
0
127
155
0
0
127
156
0
0
127
157
0
0
128
158
0
0
127
159
0
0
127
160
0
0
127
161
0
0
127
162
0
0
127
163
0
0
127
164
0
0
127
165
0
0
127
166
0
0
127
167
0
0
127
168
0
0
127
169
0
0
127
170
0
0
127
171
0
0
127
172
0
0
127
173
0
0
127
174
0
0
127
175
0
0
127
176
0
0
127
177
0
0
127
178
0
0
127
179
0
0
127
180
0
0
127
181
0
0
127
182
0
0
127
183
0
0
127
184
0
0
127
185
0
0
127
186
0
0
127
187
0
0
127
188
0
0
127
189
0
0
127
190
0
0
127
191
0
0
128
192
0
0
127
193
0
0
127
194
0
0
127
195
0
0
127
196
0
0
127
197
0
0
127
198
0
0
127
199
0
0
127
200
0
0
127
201
0
0
128
202
0
0
128
203
0
0
128
204
0
0
127
205
0
0
128
206
0
0
127
207
0
0
127
208
0
0
127
209
0
0
127
210
0
0
127
211
0
0
127
212
0
0
127
213
0
0
127
214
0
0
127
215
0
0
127
216
0
0
127
217
0
0
127
218
0
0
127
219
0
0
127
220
0
0
127
221
0
0
127
222
0
0
127
223
0
0
127
224
0
0
127
225
0
0
127
226
0
0
127
227
0
0
127
228
0
0
127
229
0
0
127
230
0
0
127
231
0
0
127
232
0
0
127
233
0
0
127
234
0
0
127
235
0
0
127
236
0
0
127
237
0
0
127
238
0
0
127
239
0
0
128
240
0
0
127
241
0
0
127
242
0
0
127
243
0
0
127
244
0
0
127
245
0
0
127
246
0
0
127
247
0
0
127
248
0
0
127
249
0
0
127
250
0
0
127
251
0
0
127
252
0
0
127
253
0
0
127
254
0
0
127
255
0
0
127
0
0
0
127
1
0
0
127
2
0
0
127
3
0
0
127
4
0
0
127
5
0
0
127
6
0
0
127
7
0
0
127
8
0
0
127
9
0
0
127
10
0
0
127
11
0
0
127
12
0
0
128
13
0
0
127
14
0
0
127
15
0
0
127
16
0
0
127
17
0
0
127
18
0
0
127
19
0
0
127
20
0
0
127
21
0
0
127
22
0
0
127
23
0
0
127
24
0
0
127
25
0
0
127
26
0
0
127
27
0
0
127
28
0
0
127
29
0
0
127
30
0
0
127
31
0
0
127
32
0
0
127
33
0
0
127
34
0
0
127
35
0
0
127
36
0
0
127
37
0
0
127
38
0
0
127
39
0
0
127
40
0
0
127
41
0
0
127
42
0
0
127
43
0
0
127
44
0
0
127
45
0
0
127
46
0
0
127
47
0
0
127
48
0
0
127
49
0
0
127
50
0
0
127
51
0
0
127
52
0
0
127
53
0
0
127
54
0
0
127
55
0
0
127
56
0
0
127
57
0
0
127
58
0
0
127
59
0
0
127
60
0
0
127
61
0
0
127
62
0
0
127
63
0
0
127
64
0
0
127
65
0
0
128
66
0
0
128
67
0
0
127
68
0
0
127
69
0
0
127
70
0
0
127
71
0
0
127
72
0
0
127
73
0
0
127
74
0
0
127
75
0
0
128
76
0
0
128
77
0
0
127
78
0
0
127
79
0
0
127
80
0
0
127
81
0
0
127
82
0
0
127
83
0
0
127
84
0
0
127
85
0
0
127
86
0
0
127
87
0
0
127
88
0
0
127
89
0
0
127
90
0
0
128
91
0
0
127
92
0
0
127
93
0
0
127
94
0
0
127
95
0
0
127
96
0
0
127
97
0
0
127
98
0
0
127
99
0
0
127
100
0
0
127
101
0
0
127
102
0
0
127
103
0
0
127
104
0
0
127
105
0
0
127
106
0
0
127
107
0
0
127
108
0
0
127
109
0
0
127
110
0
0
127
111
0
0
127
112
0
0
127
113
0
0
127
114
0
0
127
115
0
0
127
116
0
0
127
117
0
0
127
118
0
0
127
119
0
0
127
120
0
0
127
121
0
0
127
122
0
0
127
123
0
0
127
124
0
0
127
125
0
0
127
126
0
0
127
127
0
0
127
128
0
0
127
129
0
0
127
130
0
0
127
131
0
0
127
132
0
0
127
133
0
0
127
134
0
0
127
135
0
0
127
136
0
0
127
137
0
0
127
138
0
0
127
139
0
0
127
140
0
0
127
141
0
0
128
142
0
0
127
143
0
0
127
144
0
0
127
145
0
0
127
146
0
0
127
147
0
0
127
148
0
0
127
149
0
0
127
150
0
0
127
151
0
0
127
152
0
0
127
153
0
0
127
154
0
0
127
155
0
0
127
156
0
0
127
157
0
0
127
158
0
0
127
159
0
0
127
160
0
0
127
161
0
0
127
162
0
0
127
163
0
0
127
164
0
0
127
165
0
0
127
166
0
0
127
167
0
0
127
168
0
0
127
169
0
0
127
170
0
0
127
171
0
0
127
172
0
0
127
173
0
0
127
174
0
0
127
175
0
0
127
176
0
0
127
177
0
0
127
178
0
0
127
179
0
0
127
180
0
0
127
181
0
0
127
182
0
0
127
183
0
0
127
184
0
0
127
185
0
0
127
186
0
0
127
187
0
0
127
188
0
0
127
189
0
0
127
190
0
0
127
191
0
0
127
192
0
0
127
193
0
0
127
194
0
0
127
195
0
0
127
196
0
0
128
197
0
0
127
198
0
0
127
199
0
0
127
200
0
0
127
201
0
0
127
202
0
0
127
203
0
0
127
204
0
0
127
205
0
0
127
206
0
0
127
207
0
0
127
208
0
0
127
209
0
0
127
210
0
0
127
211
0
0
127
212
0
0
127
213
0
0
127
214
0
0
127
215
0
0
127
216
0
0
127
217
0
0
127
218
0
0
127
219
0
0
128
220
0
0
128
221
0
0
127
222
0
0
127
223
0
0
127
224
0
0
127
225
0
0
127
226
0
0
127
227
0
0
127
228
0
0
127
229
0
0
127
230
0
0
127
231
0
0
127
232
0
0
127
233
0
0
127
234
0
0
127
235
0
0
127
236
0
0
127
237
0
0
127
238
0
0
127
239
0
0
127
240
0
0
127
241
0
0
127
242
0
0
127
243
0
0
127
244
0
0
127
245
0
0
127
246
0
0
127
247
0
0
127
248
0
0
127
249
0
0
127
250
0
0
127
251
0
0
127
252
0
0
127
253
0
0
127
254
0
0
127
255
0
0
127
0
0
0
127
1
0
0
127
2
0
0
127
3
0
0
127
4
0
0
127
5
0
0
127
6
0
0
127
7
0
0
127
8
0
0
127
9
0
0
127
10
0
0
127
11
0
0
127
12
0
0
127
13
0
0
127
14
0
0
127
15
0
0
127
16
0
0
127
17
0
0
127
18
0
0
127
19
0
0
127
20
0
0
127
21
0
0
127
22
0
0
127
23
0
0
127
24
0
0
127
25
0
0
127
26
0
0
127
27
0
0
127
28
0
0
127
29
0
0
127
30
0
0
127
31
0
0
127
32
0
0
127
33
0
0
127
34
0
0
127
35
0
0
127
36
0
0
127
37
0
0
127
38
0
0
127
39
0
0
127
40
0
0
127
41
0
0
127
42
0
0
127
43
0
0
127
44
0
0
127
45
0
0
127
46
0
0
127
47
0
0
127
48
0
0
127
49
0
0
127
50
0
0
127
51
0
0
127
52
0
0
127
53
0
0
128
54
0
0
128
55
0
0
128
56
0
0
127
57
0
0
127
58
0
0
127
59
0
0
127
60
0
0
127
61
0
0
127
62
0
0
127
63
0
0
127
64
0
0
127
65
0
0
127
66
0
0
127
67
0
0
127
68
0
0
127
69
0
0
127
70
0
0
127
71
0
0
127
72
0
0
127
73
0
0
127
74
0
0
127
75
0
0
127
76
0
0
127
77
0
0
127
78
0
0
127
79
0
0
127
80
0
0
127
81
0
0
127
82
0
0
127
83
0
0
127
84
0
0
127
85
0
0
127
86
0
0
127
87
0
0
127
88
0
0
127
89
0
0
128
90
0
0
127
91
0
0
127
92
0
0
127
93
0
0
127
94
0
0
127
95
0
0
127
96
0
0
127
97
0
0
127
98
0
0
127
99
0
0
127
100
0
0
127
101
0
0
127
102
0
0
127
103
0
0
127
104
0
0
127
105
0
0
127
106
0
0
127
107
0
0
128
108
0
0
127
109
0
0
127
110
0
0
127
111
0
0
127
112
0
0
127
113
0
0
127
114
0
0
127
115
0
0
128
116
0
0
127
117
0
0
127
118
0
0
127
119
0
0
127
120
0
0
127
121
0
0
127
122
0
0
127
123
0
0
127
124
0
0
127
125
0
0
127
126
0
0
127
127
0
0
127
128
0
0
127
129
0
0
127
130
0
0
127
131
0
0
127
132
0
0
127
133
0
0
127
134
0
0
127
135
0
0
127
136
0
0
127
137
0
0
127
138
0
0
127
139
0
0
127
140
0
0
127
141
0
0
127
142
0
0
127
143
0
0
127
144
0
0
127
145
0
0
127
146
0
0
127
147
0
0
127
148
0
0
127
149
0
0
127
150
0
0
127
151
0
0
127
152
0
0
127
153
0
0
127
154
0
0
127
155
0
0
127
156
0
0
127
157
0
0
127
158
0
0
127
159
0
0
127
160
0
0
127
161
0
0
127
162
0
0
127
163
0
0
127
164
0
0
127
165
0
0
127
166
0
0
127
167
0
0
127
168
0
0
127
169
0
0
127
170
0
0
127
171
0
0
127
172
0
0
127
173
0
0
127
174
0
0
127
175
0
0
127
176
0
0
127
177
0
0
127
178
0
0
127
179
0
0
127
180
0
0
127
181
0
0
127
182
0
0
127
183
0
0
127
184
0
0
127
185
0
0
127
186
0
0
127
187
0
0
127
188
0
0
127
189
0
0
127
190
0
0
127
191
0
0
127
192
0
0
127
193
0
0
127
194
0
0
127
195
0
0
127
196
0
0
127
197
0
0
127
198
0
0
127
199
0
0
127
200
0
0
127
201
0
0
127
202
0
0
127
203
0
0
127
204
0
0
127
205
0
0
127
206
0
0
127
207
0
0
127
208
0
0
127
209
0
0
127
210
0
0
127
211
0
0
127
212
0
0
127
213
0
0
127
214
0
0
127
215
0
0
127
216
0
0
127
217
0
0
127
218
0
0
127
219
0
0
127
220
0
0
127
221
0
0
127
222
0
0
127
223
0
0
127
224
0
0
127
225
0
0
127
226
0
0
127
227
0
0
127
228
0
0
127
229
0
0
127
230
0
0
127
231
0
0
127
232
0
0
127
233
0
0
127
234
0
0
127
235
0
0
127
236
0
0
127
237
0
0
127
238
0
0
127
239
0
0
127
240
0
0
127
241
0
0
127
242
0
0
127
243
0
0
127
244
0
0
127
245
0
0
127
246
0
0
127
247
0
0
127
248
0
0
127
249
0
0
127
250
0
0
127
251
0
0
127
252
0
0
127
253
0
0
127
254
0
0
127
255
0
0
127
0
0
0
127
1
0
0
127
2
0
0
127
3
0
0
127
4
0
0
127
5
0
0
127
6
0
0
127
7
0
0
127
8
0
0
127
9
0
0
127
10
0
0
127
11
0
0
127
12
0
0
127
13
0
0
127
14
0
0
127
15
0
0
127
16
0
0
127
17
0
0
127
18
0
0
127
19
0
0
127
20
0
0
127
21
0
0
127
22
0
0
127
23
0
0
127
24
0
0
127
25
0
0
127
26
0
0
127
27
0
0
127
28
0
0
127
29
0
0
127
30
0
0
127
31
0
0
127
32
0
0
127
33
0
0
127
34
0
0
127
35
0
0
127
36
0
0
127
37
0
0
127
38
0
0
127
39
0
0
127
40
0
0
127
41
0
0
127
42
0
0
127
43
0
0
127
44
0
0
127
45
0
0
127
46
0
0
127
47
0
0
128
48
0
0
128
49
0
0
127
50
0
0
127
51
0
0
127
52
0
0
127
53
0
0
127
54
0
0
127
55
0
0
127
56
0
0
127
57
0
0
127
58
0
0
127
59
0
0
127
60
0
0
127
61
0
0
127
62
0
0
127
63
0
0
128
64
0
0
128
65
0
0
127
66
0
0
127
67
0
0
127
68
0
0
127
69
0
0
127
70
0
0
127
71
0
0
127
72
0
0
127
73
0
0
127
74
0
0
127
75
0
0
127
76
0
0
127
77
0
0
127
78
0
0
127
79
0
0
127
80
0
0
127
81
0
0
127
82
0
0
127
83
0
0
127
84
0
0
127
85
0
0
127
86
0
0
127
87
0
0
127
88
0
0
127
89
0
0
127
90
0
0
127
91
0
0
127
92
0
0
127
93
0
0
127
94
0
0
127
95
0
0
127
96
0
0
127
97
0
0
127
98
0
0
127
99
0
0
127
100
0
0
127
101
0
0
127
102
0
0
127
103
0
0
127
104
0
0
127
105
0
0
127
106
0
0
127
107
0
0
127
108
0
0
127
109
0
0
127
110
0
0
127
111
0
0
127
112
0
0
127
113
0
0
127
114
0
0
127
115
0
0
128
116
0
0
128
117
0
0
127
118
0
0
128
119
0
0
127
120
0
0
127
121
0
0
127
122
0
0
127
123
0
0
127
124
0
0
128
125
0
0
128
126
0
0
128
127
0
0
128
128
0
0
128
129
0
0
128
130
0
0
127
131
0
0
127
132
0
0
127
133
0
0
127
134
0
0
128
135
0
0
128
136
0
0
128
137
0
0
128
138
0
0
129
139
0
0
129
140
0
0
129
141
0
0
128
142
0
0
127
143
0
0
127
144
0
0
127
145
0
0
127
146
0
0
127
147
0
0
128
148
0
0
128
149
0
0
128
150
0
0
128
151
0
0
128
152
0
0
127
153
0
0
127
154
0
0
127
155
0
0
127
156
0
0
127
157
0
0
127
158
0
0
127
159
0
0
127
160
0
0
127
161
0
0
127
162
0
0
127
163
0
0
127
164
0
0
127
165
0
0
127
166
0
0
127
167
0
0
127
168
0
0
127
169
0
0
127
170
0
0
127
171
0
0
127
172
0
0
127
173
0
0
127
174
0
0
127
175
0
0
127
176
0
0
127
177
0
0
127
178
0
0
127
179
0
0
127
180
0
0
127
181
0
0
127
182
0
0
127
183
0
0
127
184
0
0
127
185
0
0
127
186
0
0
127
187
0
0
127
188
0
0
127
189
0
0
127
190
0
0
127
191
0
0
127
192
0
0
127
193
0
0
127
194
0
0
127
195
0
0
127
196
0
0
127
197
0
0
127
198
0
0
127
199
0
0
127
200
0
0
127
201
0
0
127
202
0
0
127
203
0
0
127
204
0
0
127
205
0
0
127
206
0
0
127
207
0
0
127
208
0
0
127
209
0
0
127
210
0
0
127
211
0
0
127
212
0
0
127
213
0
0
127
214
0
0
127
215
0
0
127
216
0
0
127
217
0
0
127
218
0
0
127
219
0
0
127
220
0
0
127
221
0
0
127
222
0
0
127
223
0
0
127
224
0
0
127
225
0
0
127
226
0
0
127
227
0
0
127
228
0
0
127
229
0
0
127
230
0
0
127
231
0
0
127
232
0
0
127
233
0
0
127
234
0
0
127
235
0
0
127
236
0
0
127
237
0
0
127
238
0
0
127
239
0
0
127
240
0
0
127
241
0
0
128
242
0
0
127
243
0
0
128
244
0
0
128
245
0
0
127
246
0
0
127
247
0
0
127
248
0
0
127
249
0
0
127
250
0
0
128
251
0
0
127
252
0
0
128
253
0
0
127
254
0
0
127
255
0
0
128
0
0
0
127
1
0
0
127
2
0
0
127
3
0
0
127
4
0
0
127
5
0
0
127
6
0
0
127
7
0
0
128
8
0
0
128
9
0
0
128
10
0
0
127
11
0
0
127
12
0
0
127
13
0
0
127
14
0
0
127
15
0
0
127
16
0
0
127
17
0
0
127
18
0
0
127
19
0
0
127
20
0
0
127
21
0
0
127
22
0
0
127
23
0
0
127
24
0
0
127
25
0
0
127
26
0
0
127
27
0
0
127
28
0
0
127
29
0
0
127
30
0
0
127
31
0
0
127
32
0
0
127
33
0
0
127
34
0
0
127
35
0
0
127
36
0
0
127
37
0
0
127
38
0
0
127
39
0
0
127
40
0
0
127
41
0
0
127
42
0
0
127
43
0
0
127
44
0
0
127
45
0
0
127
46
0
0
127
47
0
0
127
48
0
0
127
49
0
0
127
50
0
0
127
51
0
0
127
52
0
0
127
53
0
0
127
54
0
0
127
55
0
0
127
56
0
0
127
57
0
0
127
58
0
0
127
59
0
0
127
60
0
0
127
61
0
0
127
62
0
0
127
63
0
0
127
64
0
0
127
65
0
0
127
66
0
0
127
67
0
0
127
68
0
0
127
69
0
0
127
70
0
0
127
71
0
0
127
72
0
0
127
73
0
0
127
74
0
0
127
75
0
0
127
76
0
0
127
77
0
0
127
78
0
0
127
79
0
0
127
80
0
0
127
81
0
0
127
82
0
0
127
83
0
0
127
84
0
0
127
85
0
0
127
86
0
0
127
87
0
0
127
88
0
0
127
89
0
0
127
90
0
0
127
91
0
0
127
92
0
0
127
93
0
0
127
94
0
0
127
95
0
0
128
96
0
0
128
97
0
0
127
98
0
0
127
99
0
0
127
100
0
0
127
101
0
0
127
102
0
0
127
103
0
0
127
104
0
0
127
105
0
0
127
106
0
0
127
107
0
0
127
108
0
0
127
109
0
0
127
110
0
0
127
111
0
0
128
112
0
0
128
113
0
0
127
114
0
0
127
115
0
0
127
116
0
0
127
117
0
0
127
118
0
0
127
119
0
0
127
120
0
0
127
121
0
0
127
122
0
0
127
123
0
0
127
124
0
0
127
125
0
0
127
126
0
0
127
127
0
0
127
128
0
0
127
129
0
0
127
130
0
0
127
131
0
0
127
132
0
0
127
133
0
0
127
134
0
0
127
135
0
0
127
136
0
0
127
137
0
0
127
138
0
0
127
139
0
0
127
140
0
0
127
141
0
0
127
142
0
0
127
143
0
0
127
144
0
0
127
145
0
0
127
146
0
0
127
147
0
0
127
148
0
0
127
149
0
0
127
150
0
0
127
151
0
0
127
152
0
0
127
153
0
0
127
154
0
0
127
155
0
0
127
156
0
0
127
157
0
0
127
158
0
0
128
159
0
0
128
160
0
0
128
161
0
0
128
162
0
0
128
163
0
0
128
164
0
0
128
165
0
0
127
166
0
0
127
167
0
0
127
168
0
0
127
169
0
0
127
170
0
0
127
171
0
0
127
172
0
0
127
173
0
0
127
174
0
0
128
175
0
0
128
176
0
0
128
177
0
0
128
178
0
0
127
179
0
0
127
180
0
0
127
181
0
0
128
182
0
0
128
183
0
0
128
184
0
0
128
185
0
0
127
186
0
0
127
187
0
0
127
188
0
0
127
189
0
0
127
190
0
0
127
191
0
0
127
192
0
0
127
193
0
0
127
194
0
0
127
195
0
0
127
196
0
0
127
197
0
0
127
198
0
0
127
199
0
0
127
200
0
0
127
201
0
0
127
202
0
0
127
203
0
0
127
204
0
0
127
205
0
0
127
206
0
0
128
207
0
0
128
208
0
0
128
209
0
0
128
210
0
0
128
211
0
0
128
212
0
0
127
213
0
0
127
214
0
0
127
215
0
0
127
216
0
0
127
217
0
0
127
218
0
0
127
219
0
0
127
220
0
0
127
221
0
0
127
222
0
0
127
223
0
0
127
224
0
0
127
225
0
0
127
226
0
0
128
227
0
0
128
228
0
0
128
229
0
0
129
230
0
0
129
231
0
0
129
232
0
0
129
233
0
0
129
234
0
0
128
235
0
0
127
236
0
0
127
237
0
0
128
238
0
0
128
239
0
0
127
240
0
0
127
241
0
0
127
242
0
0
127
243
0
0
127
244
0
0
127
245
0
0
127
246
0
0
127
247
0
0
128
248
0
0
127
249
0
0
127
250
0
0
127
251
0
0
127
252
0
0
127
253
0
0
127
254
0
0
127
255
0
0
127
0
0
0
127
1
0
0
127
2
0
0
127
3
0
0
127
4
0
0
127
5
0
0
127
6
0
0
128
7
0
0
127
8
0
0
127
9
0
0
127
10
0
0
127
11
0
0
128
12
0
0
129
13
0
0
130
14
0
0
132
15
0
0
135
16
0
0
138
17
0
0
141
18
0
0
144
19
0
0
146
20
0
0
147
21
0
0
147
22
0
0
147
23
0
0
146
24
0
0
145
25
0
0
144
26
0
0
143
27
0
0
143
28
0
0
143
29
0
0
143
30
0
0
143
31
0
0
143
32
0
0
143
33
0
0
142
34
0
0
141
35
0
0
140
36
0
0
139
37
0
0
138
38
0
0
137
39
0
0
136
40
0
0
135
41
0
0
134
42
0
0
133
43
0
0
133
44
0
0
133
45
0
0
133
46
0
0
133
47
0
0
133
48
0
0
133
49
0
0
133
50
0
0
133
51
0
0
133
52
0
0
133
53
0
0
132
54
0
0
131
55
0
0
130
56
0
0
129
57
0
0
128
58
0
0
127
59
0
0
127
60
0
0
128
61
0
0
128
62
0
0
128
63
0
0
129
64
0
0
130
65
0
0
131
66
0
0
132
67
0
0
132
68
0
0
132
69
0
0
132
70
0
0
131
71
0
0
130
72
0
0
129
73
0
0
128
74
0
0
127
75
0
0
127
76
0
0
127
77
0
0
127
78
0
0
127
79
0
0
127
80
0
0
127
81
0
0
127
82
0
0
127
83
0
0
127
84
0
0
127
85
0
0
127
86
0
0
127
87
0
0
127
88
0
0
128
89
0
0
129
90
0
0
130
91
0
0
132
92
0
0
135
93
0
0
138
94
0
0
141
95
0
0
144
96
0
0
147
97
0
0
151
98
0
0
155
99
0
0
157
100
0
0
158
101
0
0
162
102
0
0
169
103
0
0
179
104
0
0
191
105
0
0
205
106
0
0
219
107
0
0
233
108
0
0
246
109
0
1
0
110
0
1
5
111
0
1
7
112
0
1
9
113
0
1
12
114
0
1
16
115
0
1
20
116
0
1
24
117
0
1
28
118
0
1
32
119
0
1
36
120
0
1
40
121
0
1
43
122
0
1
45
123
0
1
46
124
0
1
46
125
0
1
45
126
0
1
44
127
0
1
45
128
0
1
47
129
0
1
50
130
0
1
53
131
0
1
56
132
0
1
57
133
0
1
56
134
0
1
56
135
0
1
56
136
0
1
56
137
0
1
55
138
0
1
54
139
0
1
54
140
0
1
54
141
0
1
55
142
0
1
56
143
0
1
57
144
0
1
57
145
0
1
57
146
0
1
56
147
0
1
55
148
0
1
54
149
0
1
54
150
0
1
55
151
0
1
55
152
0
1
54
153
0
1
53
154
0
1
52
155
0
1
51
156
0
1
49
157
0
1
47
158
0
1
46
159
0
1
45
160
0
1
44
161
0
1
43
162
0
1
42
163
0
1
41
164
0
1
41
165
0
1
42
166
0
1
44
167
0
1
46
168
0
1
49
169
0
1
52
170
0
1
55
171
0
1
57
172
0
1
58
173
0
1
57
174
0
1
56
175
0
1
56
176
0
1
57
177
0
1
59
178
0
1
62
179
0
1
65
180
0
1
68
181
0
1
71
182
0
1
73
183
0
1
75
184
0
1
76
185
0
1
77
186
0
1
79
187
0
1
81
188
0
1
83
189
0
1
85
190
0
1
86
191
0
1
87
192
0
1
88
193
0
1
88
194
0
1
87
195
0
1
86
196
0
1
85
197
0
1
84
198
0
1
84
199
0
1
84
200
0
1
84
201
0
1
85
202
0
1
86
203
0
1
88
204
0
1
90
205
0
1
90
206
0
1
91
207
0
1
94
208
0
1
99
209
0
1
104
210
0
1
109
211
0
1
114
212
0
1
120
213
0
1
126
214
0
1
131
215
0
1
134
216
0
1
136
217
0
1
138
218
0
1
140
219
0
1
143
220
0
1
146
221
0
1
147
222
0
1
147
223
0
1
152
224
0
1
163
225
0
1
180
226
0
1
201
227
0
1
224
228
0
1
247
229
0
2
13
230
0
2
30
231
0
2
42
232
0
2
48
233
0
2
49
234
0
2
52
235
0
2
59
236
0
2
70
237
0
2
83
238
0
2
95
239
0
2
106
240
0
2
115
241
0
2
123
242
0
2
129
243
0
2
131
244
0
2
130
245
0
2
127
246
0
2
125
247
0
2
125
248
0
2
127
249
0
2
131
250
0
2
136
251
0
2
143
252
0
2
151
253
0
2
158
254
0
2
162
255
0
2
163
0
0
2
161
1
0
2
159
2
0
2
157
3
0
2
155
4
0
2
153
5
0
2
151
6
0
2
150
7
0
2
151
8
0
2
152
9
0
2
154
10
0
2
156
11
0
2
157
12
0
2
157
13
0
2
154
14
0
2
151
15
0
2
149
16
0
2
147
17
0
2
145
18
0
2
141
19
0
2
137
20
0
2
134
21
0
2
131
22
0
2
127
23
0
2
124
24
0
2
121
25
0
2
117
26
0
2
113
27
0
2
109
28
0
2
105
29
0
2
101
30
0
2
97
31
0
2
93
32
0
2
90
33
0
2
89
34
0
2
88
35
0
2
88
36
0
2
88
37
0
2
89
38
0
2
90
39
0
2
90
40
0
2
89
41
0
2
87
42
0
2
84
43
0
2
80
44
0
2
76
45
0
2
74
46
0
2
73
47
0
2
74
48
0
2
75
49
0
2
77
50
0
2
78
51
0
2
79
52
0
2
80
53
0
2
82
54
0
2
84
55
0
2
86
56
0
2
87
57
0
2
87
58
0
2
86
59
0
2
83
60
0
2
80
61
0
2
76
62
0
2
74
63
0
2
73
64
0
2
74
65
0
2
75
66
0
2
77
67
0
2
80
68
0
2
83
69
0
2
86
70
0
2
89
71
0
2
90
72
0
2
89
73
0
2
90
74
0
2
94
75
0
2
100
76
0
2
106
77
0
2
112
78
0
2
118
79
0
2
125
80
0
2
132
81
0
2
136
82
0
2
137
83
0
2
136
84
0
2
133
85
0
2
129
86
0
2
125
87
0
2
121
88
0
2
117
89
0
2
115
90
0
2
114
91
0
2
115
92
0
2
117
93
0
2
121
94
0
2
129
95
0
2
141
96
0
2
155
97
0
2
168
98
0
2
178
99
0
2
185
100
0
2
191
101
0
2
196
102
0
2
198
103
0
2
199
104
0
2
203
105
0
2
211
106
0
2
223
107
0
2
237
108
0
2
250
109
0
3
4
110
0
3
8
111
0
3
7
112
0
3
5
113
0
3
3
114
0
3
1
115
0
2
255
116
0
2
253
117
0
2
249
118
0
2
245
119
0
2
241
120
0
2
239
121
0
2
241
122
0
2
247
123
0
3
0
124
0
3
10
125
0
3
19
126
0
3
25
127
0
3
25
128
0
3
25
129
0
3
26
130
0
3
28
131
0
3
30
132
0
3
31
133
0
3
32
134
0
3
35
135
0
3
39
136
0
3
43
137
0
3
46
138
0
3
48
139
0
3
49
140
0
3
48
141
0
3
45
142
0
3
43
143
0
3
44
144
0
3
47
145
0
3
51
146
0
3
55
147
0
3
58
148
0
3
59
149
0
3
58
150
0
3
55
151
0
3
51
152
0
3
49
153
0
3
49
154
0
3
51
155
0
3
54
156
0
3
57
157
0
3
59
158
0
3
59
159
0
3
56
160
0
3
52
161
0
3
49
162
0
3
48
163
0
3
50
164
0
3
54
165
0
3
59
166
0
3
64
167
0
3
67
168
0
3
68
169
0
3
66
170
0
3
62
171
0
3
59
172
0
3
58
173
0
3
60
174
0
3
63
175
0
3
67
176
0
3
69
177
0
3
70
178
0
3
71
179
0
3
71
180
0
3
71
181
0
3
71
182
0
3
70
183
0
3
67
184
0
3
64
185
0
3
61
186
0
3
58
187
0
3
53
188
0
3
50
189
0
3
49
190
0
3
50
191
0
3
51
192
0
3
52
193
0
3
53
194
0
3
54
195
0
3
55
196
0
3
56
197
0
3
56
198
0
3
54
199
0
3
54
200
0
3
59
201
0
3
67
202
0
3
75
203
0
3
80
204
0
3
82
205
0
3
84
206
0
3
87
207
0
3
90
208
0
3
90
209
0
3
87
210
0
3
83
211
0
3
78
212
0
3
73
213
0
3
70
214
0
3
68
215
0
3
64
216
0
3
61
217
0
3
61
218
0
3
63
219
0
3
67
220
0
3
73
221
0
3
84
222
0
3
99
223
0
3
115
224
0
3
129
225
0
3
138
226
0
3
144
227
0
3
148
228
0
3
148
229
0
3
147
230
0
3
151
231
0
3
160
232
0
3
171
233
0
3
182
234
0
3
192
235
0
3
198
236
0
3
200
237
0
3
198
238
0
3
194
239
0
3
188
240
0
3
182
241
0
3
176
242
0
3
170
243
0
3
164
244
0
3
160
245
0
3
159
246
0
3
162
247
0
3
169
248
0
3
178
249
0
3
188
250
0
3
199
251
0
3
208
252
0
3
213
253
0
3
213
254
0
3
215
255
0
3
220
0
0
3
227
1
0
3
234
2
0
3
241
3
0
3
247
4
0
3
253
5
0
4
2
6
0
4
5
7
0
4
5
8
0
4
2
9
0
3
253
10
0
3
249
11
0
3
246
12
0
3
246
13
0
3
249
14
0
3
253
15
0
4
1
16
0
4
2
17
0
4
1
18
0
3
254
19
0
3
250
20
0
3
246
21
0
3
244
22
0
3
245
23
0
3
248
24
0
3
252
25
0
4
1
26
0
4
4
27
0
4
5
28
0
4
3
29
0
3
255
30
0
3
254
31
0
4
0
32
0
4
4
33
0
4
9
34
0
4
15
35
0
4
20
36
0
4
24
37
0
4
27
38
0
4
27
39
0
4
24
40
0
4
19
41
0
4
15
42
0
4
14
43
0
4
15
44
0
4
17
45
0
4
18
46
0
4
20
47
0
4
23
48
0
4
27
49
0
4
32
50
0
4
36
51
0
4
37
52
0
4
36
53
0
4
34
54
0
4
31
55
0
4
26
56
0
4
20
57
0
4
15
58
0
4
14
59
0
4
16
60
0
4
20
61
0
4
25
62
0
4
28
63
0
4
30
64
0
4
30
65
0
4
29
66
0
4
27
67
0
4
22
68
0
4
18
69
0
4
17
70
0
4
20
71
0
4
25
72
0
4
29
73
0
4
32
74
0
4
34
75
0
4
37
76
0
4
41
77
0
4
44
78
0
4
45
79
0
4
42
80
0
4
37
81
0
4
30
82
0
4
22
83
0
4
14
84
0
4
6
85
0
3
255
86
0
3
252
87
0
3
251
88
0
3
252
89
0
4
0
90
0
4
8
91
0
4
21
92
0
4
38
93
0
4
54
94
0
4
65
95
0
4
70
96
0
4
71
97
0
4
69
98
0
4
64
99
0
4
62
100
0
4
67
101
0
4
77
102
0
4
89
103
0
4
99
104
0
4
106
105
0
4
110
106
0
4
110
107
0
4
106
108
0
4
101
109
0
4
96
110
0
4
91
111
0
4
86
112
0
4
82
113
0
4
79
114
0
4
79
115
0
4
81
116
0
4
85
117
0
4
89
118
0
4
92
119
0
4
94
120
0
4
95
121
0
4
95
122
0
4
93
123
0
4
89
124
0
4
88
125
0
4
91
126
0
4
95
127
0
4
98
128
0
4
101
129
0
4
103
130
0
4
105
131
0
4
106
132
0
4
105
133
0
4
100
134
0
4
95
135
0
4
90
136
0
4
84
137
0
4
78
138
0
4
74
139
0
4
73
140
0
4
74
141
0
4
75
142
0
4
76
143
0
4
75
144
0
4
73
145
0
4
69
146
0
4
63
147
0
4
58
148
0
4
57
149
0
4
59
150
0
4
63
151
0
4
68
152
0
4
70
153
0
4
68
154
0
4
64
155
0
4
60
156
0
4
58
157
0
4
58
158
0
4
61
159
0
4
64
160
0
4
66
161
0
4
68
162
0
4
68
163
0
4
67
164
0
4
63
165
0
4
57
166
0
4
52
167
0
4
48
168
0
4
47
169
0
4
48
170
0
4
49
171
0
4
50
172
0
4
51
173
0
4
53
174
0
4
57
175
0
4
63
176
0
4
69
177
0
4
72
178
0
4
73
179
0
4
71
180
0
4
67
181
0
4
62
182
0
4
56
183
0
4
53
184
0
4
54
185
0
4
58
186
0
4
64
187
0
4
69
188
0
4
73
189
0
4
75
190
0
4
75
191
0
4
72
192
0
4
67
193
0
4
62
194
0
4
59
195
0
4
59
196
0
4
63
197
0
4
69
198
0
4
74
199
0
4
76
200
0
4
76
201
0
4
76
202
0
4
77
203
0
4
77
204
0
4
74
205
0
4
69
206
0
4
64
207
0
4
58
208
0
4
52
209
0
4
46
210
0
4
41
211
0
4
37
212
0
4
34
213
0
4
30
214
0
4
25
215
0
4
20
216
0
4
18
217
0
4
23
218
0
4
34
219
0
4
46
220
0
4
55
221
0
4
60
222
0
4
63
223
0
4
66
224
0
4
69
225
0
4
67
226
0
4
68
227
0
4
75
228
0
4
86
229
0
4
98
230
0
4
109
231
0
4
118
232
0
4
124
233
0
4
125
234
0
4
123
235
0
4
122
236
0
4
122
237
0
4
122
238
0
4
120
239
0
4
115
240
0
4
110
241
0
4
106
242
0
4
104
243
0
4
104
244
0
4
106
245
0
4
110
246
0
4
117
247
0
4
124
248
0
4
128
249
0
4
125
250
0
4
125
251
0
4
130
252
0
4
136
253
0
4
143
254
0
4
148
255
0
4
151
0
0
4
152
1
0
4
151
2
0
4
148
3
0
4
143
4
0
4
136
5
0
4
128
6
0
4
120
7
0
4
113
8
0
4
107
9
0
4
106
10
0
4
111
11
0
4
119
12
0
4
126
13
0
4
130
14
0
4
130
15
0
4
126
16
0
4
122
17
0
4
120
18
0
4
122
19
0
4
128
20
0
4
135
21
0
4
143
22
0
4
148
23
0
4
149
24
0
4
145
25
0
4
141
26
0
4
138
27
0
4
137
28
0
4
137
29
0
4
137
30
0
4
137
31
0
4
137
32
0
4
138
33
0
4
140
34
0
4
142
35
0
4
140
36
0
4
135
37
0
4
131
38
0
4
129
39
0
4
129
40
0
4
130
41
0
4
132
42
0
4
134
43
0
4
136
44
0
4
139
45
0
4
142
46
0
4
144
47
0
4
145
48
0
4
145
49
0
4
144
50
0
4
142
51
0
4
138
52
0
4
132
53
0
4
128
54
0
4
127
55
0
4
130
56
0
4
133
57
0
4
135
58
0
4
135
59
0
4
134
60
0
4
132
61
0
4
129
62
0
4
125
63
0
4
120
64
0
4
113
65
0
4
107
66
0
4
103
67
0
4
103
68
0
4
106
69
0
4
110
70
0
4
114
71
0
4
116
72
0
4
117
73
0
4
119
74
0
4
120
75
0
4
119
76
0
4
114
77
0
4
108
78
0
4
102
79
0
4
96
80
0
4
89
81
0
4
83
82
0
4
78
83
0
4
75
84
0
4
74
85
0
4
74
86
0
4
76
87
0
4
81
88
0
4
89
89
0
4
100
90
0
4
110
91
0
4
116
92
0
4
117
93
0
4
116
94
0
4
116
95
0
4
114
96
0
4
112
97
0
4
115
98
0
4
123
99
0
4
133
100
0
4
140
101
0
4
144
102
0
4
146
103
0
4
146
104
0
4
141
105
0
4
137
106
0
4
134
107
0
4
132
108
0
4
129
109
0
4
124
110
0
4
119
111
0
4
115
112
0
4
112
113
0
4
109
114
0
4
106
115
0
4
104
116
0
4
104
117
0
4
107
118
0
4
111
119
0
4
112
120
0
4
109
121
0
4
108
122
0
4
110
123
0
4
113
124
0
4
117
125
0
4
121
126
0
4
125
127
0
4
128
128
0
4
128
129
0
4
126
130
0
4
122
131
0
4
116
132
0
4
109
133
0
4
101
134
0
4
94
135
0
4
90
136
0
4
91
137
0
4
96
138
0
4
104
139
0
4
110
140
0
4
113
141
0
4
111
142
0
4
106
143
0
4
102
144
0
4
100
145
0
4
102
146
0
4
108
147
0
4
116
148
0
4
123
149
0
4
128
150
0
4
128
151
0
4
124
152
0
4
120
153
0
4
118
154
0
4
117
155
0
4
117
156
0
4
118
157
0
4
121
158
0
4
125
159
0
4
130
160
0
4
133
161
0
4
132
162
0
4
128
163
0
4
125
164
0
4
124
165
0
4
124
166
0
4
124
167
0
4
124
168
0
4
124
169
0
4
125
170
0
4
126
171
0
4
128
172
0
4
128
173
0
4
128
174
0
4
129
175
0
4
131
176
0
4
132
177
0
4
131
178
0
4
126
179
0
4
122
180
0
4
120
181
0
4
121
182
0
4
123
183
0
4
126
184
0
4
129
185
0
4
130
186
0
4
129
187
0
4
125
188
0
4
120
189
0
4
114
190
0
4
107
191
0
4
101
192
0
4
96
193
0
4
90
194
0
4
86
195
0
4
86
196
0
4
89
197
0
4
92
198
0
4
95
199
0
4
98
200
0
4
102
201
0
4
106
202
0
4
108
203
0
4
105
204
0
4
102
205
0
4
99
206
0
4
95
207
0
4
89
208
0
4
83
209
0
4
76
210
0
4
70
211
0
4
67
212
0
4
67
213
0
4
69
214
0
4
74
215
0
4
83
216
0
4
96
217
0
4
109
218
0
4
118
219
0
4
121
220
0
4
120
221
0
4
117
222
0
4
112
223
0
4
108
224
0
4
109
225
0
4
114
226
0
4
120
227
0
4
126
228
0
4
131
229
0
4
135
230
0
4
137
231
0
4
134
232
0
4
130
233
0
4
127
234
0
4
125
235
0
4
122
236
0
4
118
237
0
4
114
238
0
4
111
239
0
4
108
240
0
4
105
241
0
4
103
242
0
4
101
243
0
4
102
244
0
4
106
245
0
4
111
246
0
4
113
247
0
4
110
248
0
4
108
249
0
4
110
250
0
4
114
251
0
4
118
252
0
4
123
253
0
4
127
254
0
4
131
255
0
4
133
0
0
4
133
1
0
4
130
2
0
4
124
3
0
4
118
4
0
4
113
5
0
4
108
6
0
4
106
7
0
4
107
8
0
4
111
9
0
4
116
10
0
4
120
11
0
4
121
12
0
4
119
13
0
4
114
14
0
4
109
15
0
4
107
16
0
4
110
17
0
4
116
18
0
4
124
19
0
4
131
20
0
4
135
21
0
4
134
22
0
4
130
23
0
4
126
24
0
4
125
25
0
4
125
26
0
4
126
27
0
4
128
28
0
4
130
29
0
4
134
30
0
4
137
31
0
4
137
32
0
4
133
33
0
4
128
34
0
4
123
35
0
4
118
36
0
4
113
37
0
4
109
38
0
4
107
39
0
4
105
40
0
4
104
41
0
4
102
42
0
4
101
43
0
4
102
44
0
4
106
45
0
4
112
46
0
4
119
47
0
4
124
48
0
4
125
49
0
4
122
50
0
4
119
51
0
4
118
52
0
4
118
53
0
4
120
54
0
4
124
55
0
4
129
56
0
4
132
57
0
4
131
58
0
4
126
59
0
4
120
60
0
4
114
61
0
4
109
62
0
4
108
63
0
4
107
64
0
4
103
65
0
4
102
66
0
4
105
67
0
4
109
68
0
4
112
69
0
4
115
70
0
4
121
71
0
4
130
72
0
4
138
73
0
4
141
74
0
4
139
75
0
4
138
76
0
4
138
77
0
4
137
78
0
4
133
79
0
4
126
80
0
4
120
81
0
4
115
82
0
4
112
83
0
4
112
84
0
4
113
85
0
4
115
86
0
4
119
87
0
4
126
88
0
4
134
89
0
4
138
90
0
4
137
91
0
4
132
92
0
4
126
93
0
4
121
94
0
4
114
95
0
4
108
96
0
4
104
97
0
4
102
98
0
4
103
99
0
4
106
100
0
4
111
101
0
4
115
102
0
4
114
103
0
4
112
104
0
4
111
105
0
4
109
106
0
4
106
107
0
4
101
108
0
4
96
109
0
4
92
110
0
4
88
111
0
4
82
112
0
4
75
113
0
4
68
114
0
4
65
115
0
4
68
116
0
4
75
117
0
4
82
118
0
4
85
119
0
4
83
120
0
4
82
121
0
4
83
122
0
4
87
123
0
4
93
124
0
4
101
125
0
4
110
126
0
4
118
127
0
4
123
128
0
4
123
129
0
4
120
130
0
4
117
131
0
4
113
132
0
4
109
133
0
4
106
134
0
4
105
135
0
4
107
136
0
4
112
137
0
4
117
138
0
4
121
139
0
4
123
140
0
4
123
141
0
4
119
142
0
4
116
143
0
4
117
144
0
4
124
145
0
4
134
146
0
4
143
147
0
4
150
148
0
4
152
149
0
4
149
150
0
4
145
151
0
4
143
152
0
4
144
153
0
4
147
154
0
4
150
155
0
4
152
156
0
4
152
157
0
4
150
158
0
4
146
159
0
4
139
160
0
4
131
161
0
4
122
162
0
4
115
163
0
4
109
164
0
4
102
165
0
4
97
166
0
4
94
167
0
4
94
168
0
4
95
169
0
4
98
170
0
4
104
171
0
4
112
172
0
4
121
173
0
4
128
174
0
4
130
175
0
4
126
176
0
4
123
177
0
4
120
178
0
4
117
179
0
4
114
180
0
4
112
181
0
4
113
182
0
4
116
183
0
4
119
184
0
4
120
185
0
4
118
186
0
4
115
187
0
4
113
188
0
4
114
189
0
4
117
190
0
4
119
191
0
4
117
192
0
4
118
193
0
4
124
194
0
4
131
195
0
4
137
196
0
4
141
197
0
4
146
198
0
4
154
199
0
4
163
200
0
4
168
201
0
4
166
202
0
4
166
203
0
4
167
204
0
4
166
205
0
4
161
206
0
4
154
207
0
4
146
208
0
4
141
209
0
4
138
210
0
4
137
211
0
4
138
212
0
4
141
213
0
4
148
214
0
4
158
215
0
4
170
216
0
4
179
217
0
4
181
218
0
4
178
219
0
4
172
220
0
4
166
221
0
4
160
222
0
4
154
223
0
4
152
224
0
4
156
225
0
4
163
226
0
4
172
227
0
4
179
228
0
4
183
229
0
4
182
230
0
4
180
231
0
4
179
232
0
4
178
233
0
4
176
234
0
4
172
235
0
4
167
236
0
4
162
237
0
4
157
238
0
4
150
239
0
4
142
240
0
4
135
241
0
4
132
242
0
4
134
243
0
4
140
244
0
4
146
245
0
4
148
246
0
4
145
247
0
4
144
248
0
4
146
249
0
4
151
250
0
4
158
251
0
4
166
252
0
4
174
253
0
4
181
254
0
4
185
255
0
4
184
0
0
4
179
1
0
4
174
2
0
4
169
3
0
4
165
4
0
4
163
5
0
4
164
6
0
4
168
7
0
4
174
8
0
4
180
9
0
4
184
10
0
4
184
11
0
4
181
12
0
4
175
13
0
4
170
14
0
4
169
15
0
4
174
16
0
4
183
17
0
4
194
18
0
4
203
19
0
4
208
20
0
4
207
21
0
4
203
22
0
4
201
23
0
4
202
24
0
4
205
25
0
4
208
26
0
4
210
27
0
4
210
28
0
4
209
29
0
4
206
30
0
4
200
31
0
4
193
32
0
4
185
33
0
4
177
34
0
4
169
35
0
4
161
36
0
4
154
37
0
4
149
38
0
4
147
39
0
4
148
40
0
4
152
41
0
4
160
42
0
4
170
43
0
4
179
44
0
4
184
45
0
4
183
46
0
4
179
47
0
4
175
48
0
4
171
49
0
4
166
50
0
4
161
51
0
4
157
52
0
4
155
53
0
4
155
54
0
4
155
55
0
4
155
56
0
4
155
57
0
4
155
58
0
4
156
59
0
4
157
60
0
4
158
61
0
4
156
62
0
4
153
63
0
4
154
64
0
4
159
65
0
4
166
66
0
4
171
67
0
4
174
68
0
4
178
69
0
4
184
70
0
4
192
71
0
4
196
72
0
4
193
73
0
4
191
74
0
4
189
75
0
4
185
76
0
4
179
77
0
4
173
78
0
4
165
79
0
4
160
80
0
4
158
81
0
4
160
82
0
4
165
83
0
4
173
84
0
4
184
85
0
4
197
86
0
4
209
87
0
4
217
88
0
4
217
89
0
4
212
90
0
4
205
91
0
4
198
92
0
4
191
93
0
4
188
94
0
4
191
95
0
4
198
96
0
4
206
97
0
4
213
98
0
4
217
99
0
4
218
100
0
4
214
101
0
4
212
102
0
4
213
103
0
4
213
104
0
4
211
105
0
4
205
106
0
4
198
107
0
4
191
108
0
4
184
109
0
4
177
110
0
4
169
111
0
4
162
112
0
4
158
113
0
4
160
114
0
4
166
115
0
4
172
116
0
4
174
117
0
4
172
118
0
4
172
119
0
4
176
120
0
4
182
121
0
4
190
122
0
4
199
123
0
4
208
124
0
4
215
125
0
4
217
126
0
4
213
127
0
4
208
128
0
4
203
129
0
4
197
130
0
4
191
131
0
4
188
132
0
4
190
133
0
4
196
134
0
4
204
135
0
4
210
136
0
4
213
137
0
4
213
138
0
4
210
139
0
4
204
140
0
4
201
141
0
4
204
142
0
4
213
143
0
4
225
144
0
4
236
145
0
4
243
146
0
4
245
147
0
4
243
148
0
4
238
149
0
4
234
150
0
4
233
151
0
4
235
152
0
4
238
153
0
4
240
154
0
4
240
155
0
4
239
156
0
4
237
157
0
4
234
158
0
4
230
159
0
4
224
160
0
4
217
161
0
4
209
162
0
4
202
163
0
4
195
164
0
4
190
165
0
4
187
166
0
4
188
167
0
4
194
168
0
4
204
169
0
4
214
170
0
4
221
171
0
4
223
172
0
4
220
173
0
4
214
174
0
4
206
175
0
4
198
176
0
4
191
177
0
4
186
178
0
4
184
179
0
4
184
180
0
4
186
181
0
4
189
182
0
4
193
183
0
4
196
184
0
4
198
185
0
4
198
186
0
4
196
187
0
4
192
188
0
4
186
189
0
4
183
190
0
4
184
191
0
4
189
192
0
4
194
193
0
4
198
194
0
4
201
195
0
4
205
196
0
4
211
197
0
4
217
198
0
4
219
199
0
4
216
200
0
4
212
201
0
4
208
202
0
4
203
203
0
4
198
204
0
4
193
205
0
4
189
206
0
4
186
207
0
4
184
208
0
4
184
209
0
4
186
210
0
4
191
211
0
4
200
212
0
4
211
213
0
4
220
214
0
4
225
215
0
4
224
216
0
4
220
217
0
4
215
218
0
4
209
219
0
4
204
220
0
4
204
221
0
4
208
222
0
4
215
223
0
4
221
224
0
4
226
225
0
4
230
226
0
4
231
227
0
4
228
228
0
4
227
229
0
4
228
230
0
4
227
231
0
4
222
232
0
4
217
233
0
4
211
234
0
4
204
235
0
4
198
236
0
4
192
237
0
4
186
238
0
4
182
239
0
4
183
240
0
4
189
241
0
4
198
242
0
4
204
243
0
4
203
244
0
4
202
245
0
4
205
246
0
4
210
247
0
4
216
248
0
4
223
249
0
4
230
250
0
4
237
251
0
4
242
252
0
4
243
253
0
4
240
254
0
4
234
255
0
4
226
0
0
4
218
1
0
4
211
2
0
4
209
3
0
4
213
4
0
4
222
5
0
4
233
6
0
4
242
7
0
4
246
8
0
4
246
9
0
4
241
10
0
4
236
11
0
4
235
12
0
4
240
13
0
4
250
14
0
5
6
15
0
5
15
16
0
5
20
17
0
5
21
18
0
5
18
19
0
5
11
20
0
5
5
21
0
5
3
22
0
5
4
23
0
5
6
24
0
5
7
25
0
5
8
26
0
5
9
27
0
5
11
28
0
5
12
29
0
5
11
30
0
5
7
31
0
5
0
32
0
4
248
33
0
4
241
34
0
4
236
35
0
4
233
36
0
4
234
37
0
4
238
38
0
4
246
39
0
4
255
40
0
5
8
41
0
5
13
42
0
5
14
43
0
5
12
44
0
5
9
45
0
5
4
46
0
4
253
47
0
4
248
48
0
4
246
49
0
4
247
50
0
4
251
51
0
5
0
52
0
5
4
53
0
5
9
54
0
5
12
55
0
5
12
56
0
5
7
57
0
5
0
58
0
4
248
59
0
4
240
60
0
4
235
61
0
4
234
62
0
4
237
63
0
4
242
64
0
4
245
65
0
4
246
66
0
4
247
67
0
4
251
68
0
5
1
69
0
5
4
70
0
5
2
71
0
4
254
72
0
4
251
73
0
4
247
74
0
4
242
75
0
4
237
76
0
4
234
77
0
4
233
78
0
4
233
79
0
4
235
80
0
4
240
81
0
4
249
82
0
5
7
83
0
5
22
84
0
5
34
85
0
5
38
86
0
5
35
87
0
5
29
88
0
5
21
89
0
5
13
90
0
5
9
91
0
5
12
92
0
5
20
93
0
5
28
94
0
5
34
95
0
5
37
96
0
5
39
97
0
5
39
98
0
5
34
99
0
5
31
100
0
5
30
101
0
5
28
102
0
5
23
103
0
5
16
104
0
5
9
105
0
5
4
106
0
5
0
107
0
4
253
108
0
4
251
109
0
4
250
110
0
4
250
111
0
4
252
112
0
4
254
113
0
4
252
114
0
4
247
115
0
4
244
116
0
4
244
117
0
4
247
118
0
4
251
119
0
5
0
120
0
5
4
121
0
5
8
122
0
5
10
123
0
5
10
124
0
5
7
125
0
5
0
126
0
4
249
127
0
4
244
128
0
4
242
129
0
4
244
130
0
4
250
131
0
5
3
132
0
5
10
133
0
5
14
134
0
5
14
135
0
5
9
136
0
5
3
137
0
4
255
138
0
5
0
139
0
5
3
140
0
5
9
141
0
5
16
142
0
5
23
143
0
5
27
144
0
5
28
145
0
5
24
146
0
5
18
147
0
5
13
148
0
5
10
149
0
5
9
150
0
5
9
151
0
5
9
152
0
5
10
153
0
5
12
154
0
5
14
155
0
5
15
156
0
5
14
157
0
5
10
158
0
5
4
159
0
4
252
160
0
4
245
161
0
4
241
162
0
4
241
163
0
4
244
164
0
4
251
165
0
5
4
166
0
5
13
167
0
5
20
168
0
5
24
169
0
5
24
170
0
5
20
171
0
5
14
172
0
5
6
173
0
4
254
174
0
4
250
175
0
4
249
176
0
4
251
177
0
4
255
178
0
5
4
179
0
5
8
180
0
5
11
181
0
5
12
182
0
5
10
183
0
5
4
184
0
4
252
185
0
4
245
186
0
4
239
187
0
4
236
188
0
4
237
189
0
4
241
190
0
4
245
191
0
4
247
192
0
4
247
193
0
4
247
194
0
4
250
195
0
4
254
196
0
5
0
197
0
4
251
198
0
4
247
199
0
4
243
200
0
4
238
201
0
4
232
202
0
4
226
203
0
4
222
204
0
4
220
205
0
4
220
206
0
4
222
207
0
4
227
208
0
4
237
209
0
4
252
210
0
5
12
211
0
5
23
212
0
5
26
213
0
5
23
214
0
5
16
215
0
5
8
216
0
5
1
217
0
5
0
218
0
5
5
219
0
5
13
220
0
5
20
221
0
5
24
222
0
5
27
223
0
5
29
224
0
5
27
225
0
5
23
226
0
5
21
227
0
5
20
228
0
5
18
229
0
5
13
230
0
5
7
231
0
5
2
232
0
4
255
233
0
4
254
234
0
4
252
235
0
4
250
236
0
4
249
237
0
4
249
238
0
4
250
239
0
4
250
240
0
4
245
241
0
4
241
242
0
4
240
243
0
4
241
244
0
4
244
245
0
4
248
246
0
4
253
247
0
5
3
248
0
5
8
249
0
5
11
250
0
5
11
251
0
5
7
252
0
5
0
253
0
4
249
254
0
4
244
255
0
4
242
0
0
4
245
1
0
4
253
2
0
5
7
3
0
5
15
4
0
5
19
5
0
5
18
6
0
5
13
7
0
5
7
8
0
5
3
9
0
5
3
10
0
5
7
11
0
5
14
12
0
5
21
13
0
5
27
14
0
5
31
15
0
5
32
16
0
5
29
17
0
5
23
18
0
5
19
19
0
5
17
20
0
5
17
21
0
5
18
22
0
5
20
23
0
5
23
24
0
5
27
25
0
5
31
26
0
5
34
27
0
5
34
28
0
5
31
29
0
5
25
30
0
5
18
31
0
5
12
32
0
5
10
33
0
5
12
34
0
5
17
35
0
5
26
36
0
5
37
37
0
5
48
38
0
5
57
39
0
5
62
40
0
5
62
41
0
5
58
42
0
5
51
43
0
5
44
44
0
5
38
45
0
5
35
46
0
5
35
47
0
5
37
48
0
5
41
49
0
5
46
50
0
5
51
51
0
5
54
52
0
5
54
53
0
5
51
54
0
5
44
55
0
5
36
56
0
5
29
57
0
5
25
58
0
5
24
59
0
5
26
60
0
5
30
61
0
5
32
62
0
5
31
63
0
5
29
64
0
5
28
65
0
5
29
66
0
5
30
67
0
5
27
68
0
5
21
69
0
5
16
70
0
5
10
71
0
5
3
72
0
4
252
73
0
4
246
74
0
4
242
75
0
4
241
76
0
4
242
77
0
4
247
78
0
5
0
79
0
5
14
80
0
5
31
81
0
5
47
82
0
5
57
83
0
5
59
84
0
5
56
85
0
5
52
86
0
5
49
87
0
5
51
88
0
5
58
89
0
5
68
90
0
5
76
91
0
5
80
92
0
5
81
93
0
5
81
94
0
5
80
95
0
5
76
96
0
5
70
97
0
5
64
98
0
5
58
99
0
5
50
100
0
5
43
101
0
5
38
102
0
5
38
103
0
5
41
104
0
5
46
105
0
5
50
106
0
5
52
107
0
5
52
108
0
5
50
109
0
5
45
110
0
5
38
111
0
5
33
112
0
5
30
113
0
5
29
114
0
5
29
115
0
5
30
116
0
5
31
117
0
5
33
118
0
5
37
119
0
5
42
120
0
5
45
121
0
5
44
122
0
5
38
123
0
5
32
124
0
5
27
125
0
5
26
126
0
5
30
127
0
5
39
128
0
5
50
129
0
5
59
130
0
5
63
131
0
5
61
132
0
5
55
133
0
5
49
134
0
5
45
135
0
5
45
136
0
5
48
137
0
5
53
138
0
5
58
139
0
5
62
140
0
5
65
141
0
5
66
142
0
5
64
143
0
5
58
144
0
5
52
145
0
5
48
146
0
5
46
147
0
5
47
148
0
5
51
149
0
5
57
150
0
5
62
151
0
5
63
152
0
5
61
153
0
5
57
154
0
5
51
155
0
5
44
156
0
5
38
157
0
5
34
158
0
5
30
159
0
5
26
160
0
5
24
161
0
5
27
162
0
5
36
163
0
5
48
164
0
5
59
165
0
5
66
166
0
5
68
167
0
5
66
168
0
5
60
169
0
5
55
170
0
5
53
171
0
5
54
172
0
5
56
173
0
5
58
174
0
5
59
175
0
5
60
176
0
5
61
177
0
5
62
178
0
5
62
179
0
5
60
180
0
5
56
181
0
5
50
182
0
5
43
183
0
5
39
184
0
5
40
185
0
5
44
186
0
5
49
187
0
5
53
188
0
5
56
189
0
5
57
190
0
5
58
191
0
5
57
192
0
5
54
193
0
5
48
194
0
5
41
195
0
5
34
196
0
5
26
197
0
5
17
198
0
5
10
199
0
5
5
200
0
5
2
201
0
5
2
202
0
5
4
203
0
5
8
204
0
5
15
205
0
5
26
206
0
5
39
207
0
5
51
208
0
5
59
209
0
5
61
210
0
5
59
211
0
5
54
212
0
5
48
213
0
5
45
214
0
5
48
215
0
5
55
216
0
5
62
217
0
5
67
218
0
5
71
219
0
5
75
220
0
5
78
221
0
5
76
222
0
5
73
223
0
5
71
224
0
5
69
225
0
5
65
226
0
5
59
227
0
5
53
228
0
5
49
229
0
5
47
230
0
5
45
231
0
5
43
232
0
5
41
233
0
5
40
234
0
5
41
235
0
5
42
236
0
5
39
237
0
5
35
238
0
5
33
239
0
5
34
240
0
5
36
241
0
5
38
242
0
5
41
243
0
5
45
244
0
5
49
245
0
5
53
246
0
5
55
247
0
5
54
248
0
5
48
249
0
5
40
250
0
5
31
251
0
5
23
252
0
5
19
253
0
5
23
254
0
5
33
255
0
5
45
0
0
5
55
1
0
5
59
2
0
5
59
3
0
5
55
4
0
5
49
5
0
5
46
6
0
5
49
7
0
5
56
8
0
5
64
9
0
5
71
10
0
5
75
11
0
5
77
12
0
5
77
13
0
5
73
14
0
5
66
15
0
5
60
16
0
5
56
17
0
5
54
18
0
5
54
19
0
5
57
20
0
5
61
21
0
5
64
22
0
5
64
23
0
5
62
24
0
5
58
25
0
5
53
26
0
5
46
27
0
5
40
28
0
5
35
29
0
5
30
30
0
5
26
31
0
5
24
32
0
5
27
33
0
5
36
34
0
5
48
35
0
5
58
36
0
5
65
37
0
5
67
38
0
5
65
39
0
5
59
40
0
5
55
41
0
5
55
42
0
5
58
43
0
5
62
44
0
5
64
45
0
5
64
46
0
5
63
47
0
5
63
48
0
5
62
49
0
5
60
50
0
5
56
51
0
5
50
52
0
5
43
53
0
5
35
54
0
5
30
55
0
5
30
56
0
5
34
57
0
5
39
58
0
5
44
59
0
5
47
60
0
5
49
61
0
5
49
62
0
5
47
63
0
5
41
64
0
5
34
65
0
5
26
66
0
5
17
67
0
5
8
68
0
4
255
69
0
4
246
70
0
4
239
71
0
4
235
72
0
4
234
73
0
4
235
74
0
4
238
75
0
4
244
76
0
4
254
77
0
5
10
78
0
5
20
79
0
5
26
80
0
5
27
81
0
5
24
82
0
5
19
83
0
5
11
84
0
5
5
85
0
5
4
86
0
5
6
87
0
5
8
88
0
5
10
89
0
5
13
90
0
5
17
91
0
5
20
92
0
5
19
93
0
5
15
94
0
5
11
95
0
5
5
96
0
4
254
97
0
4
248
98
0
4
245
99
0
4
245
100
0
4
246
101
0
4
246
102
0
4
244
103
0
4
244
104
0
4
247
105
0
4
252
106
0
4
255
107
0
4
252
108
0
4
249
109
0
4
248
110
0
4
248
111
0
4
251
112
0
5
0
113
0
5
5
114
0
5
10
115
0
5
14
116
0
5
16
117
0
5
16
118
0
5
13
119
0
5
7
120
0
4
255
121
0
4
247
122
0
4
241
123
0
4
239
124
0
4
243
125
0
4
252
126
0
5
8
127
0
5
18
128
0
5
23
129
0
5
22
130
0
5
17
131
0
5
13
132
0
5
13
133
0
5
17
134
0
5
25
135
0
5
34
136
0
5
42
137
0
5
47
138
0
5
49
139
0
5
47
140
0
5
41
141
0
5
35
142
0
5
30
143
0
5
25
144
0
5
21
145
0
5
19
146
0
5
21
147
0
5
26
148
0
5
31
149
0
5
34
150
0
5
34
151
0
5
32
152
0
5
28
153
0
5
22
154
0
5
15
155
0
5
10
156
0
5
7
157
0
5
7
158
0
5
10
159
0
5
17
160
0
5
28
161
0
5
40
162
0
5
51
163
0
5
58
164
0
5
61
165
0
5
58
166
0
5
54
167
0
5
53
168
0
5
54
169
0
5
56
170
0
5
58
171
0
5
60
172
0
5
61
173
0
5
62
174
0
5
61
175
0
5
58
176
0
5
54
177
0
5
49
178
0
5
43
179
0
5
37
180
0
5
29
181
0
5
23
182
0
5
22
183
0
5
26
184
0
5
32
185
0
5
37
186
0
5
39
187
0
5
41
188
0
5
43
189
0
5
44
190
0
5
42
191
0
5
36
192
0
5
31
193
0
5
25
194
0
5
17
195
0
5
9
196
0
5
0
197
0
4
249
198
0
4
247
199
0
4
249
200
0
4
253
201
0
5
2
202
0
5
8
203
0
5
17
204
0
5
30
205
0
5
43
206
0
5
51
207
0
5
50
208
0
5
46
209
0
5
41
210
0
5
35
211
0
5
31
212
0
5
31
213
0
5
34
214
0
5
37
215
0
5
39
216
0
5
41
217
0
5
44
218
0
5
46
219
0
5
45
220
0
5
39
221
0
5
33
222
0
5
26
223
0
5
20
224
0
5
16
225
0
5
16
226
0
5
18
227
0
5
19
228
0
5
17
229
0
5
14
230
0
5
12
231
0
5
13
232
0
5
15
233
0
5
15
234
0
5
11
235
0
5
4
236
0
4
254
237
0
4
251
238
0
4
251
239
0
4
254
240
0
5
4
241
0
5
10
242
0
5
15
243
0
5
18
244
0
5
20
245
0
5
19
246
0
5
14
247
0
5
7
248
0
5
1
249
0
4
252
250
0
4
251
251
0
4
255
252
0
5
7
253
0
5
15
254
0
5
20
255
0
5
21
0
0
5
17
1
0
5
10
2
0
5
4
3
0
5
1
4
0
5
2
5
0
5
6
6
0
5
11
7
0
5
14
8
0
5
15
9
0
5
13
10
0
5
9
11
0
5
2
12
0
4
251
13
0
4
245
14
0
4
240
15
0
4
236
16
0
4
234
17
0
4
233
18
0
4
233
19
0
4
231
20
0
4
228
21
0
4
224
22
0
4
221
23
0
4
218
24
0
4
214
25
0
4
207
26
0
4
200
27
0
4
194
28
0
4
190
29
0
4
189
30
0
4
193
31
0
4
202
32
0
4
214
33
0
4
225
34
0
4
233
35
0
4
236
36
0
4
234
37
0
4
231
38
0
4
229
39
0
4
228
40
0
4
228
41
0
4
227
42
0
4
227
43
0
4
228
44
0
4
229
45
0
4
229
46
0
4
226
47
0
4
222
48
0
4
220
49
0
4
221
50
0
4
221
51
0
4
217
52
0
4
216
53
0
4
219
54
0
4
224
55
0
4
228
56
0
4
230
57
0
4
233
58
0
4
238
59
0
4
244
60
0
4
247
61
0
4
245
62
0
4
241
63
0
4
236
64
0
4
229
65
0
4
222
66
0
4
215
67
0
4
207
68
0
4
201
69
0
4
199
70
0
4
200
71
0
4
203
72
0
4
207
73
0
4
213
74
0
4
223
75
0
4
235
76
0
4
247
77
0
4
254
78
0
4
255
79
0
4
251
80
0
4
246
81
0
4
242
82
0
4
240
83
0
4
241
84
0
4
244
85
0
4
248
86
0
4
251
87
0
4
253
88
0
4
253
89
0
4
251
90
0
4
245
91
0
4
239
92
0
4
232
93
0
4
224
94
0
4
215
95
0
4
208
96
0
4
204
97
0
4
203
98
0
4
203
99
0
4
202
100
0
4
201
101
0
4
201
102
0
4
204
103
0
4
208
104
0
4
210
105
0
4
208
106
0
4
204
107
0
4
202
108
0
4
202
109
0
4
203
110
0
4
205
111
0
4
209
112
0
4
214
113
0
4
220
114
0
4
225
115
0
4
228
116
0
4
227
117
0
4
222
118
0
4
215
119
0
4
208
120
0
4
203
121
0
4
203
122
0
4
210
123
0
4
221
124
0
4
231
125
0
4
237
126
0
4
238
127
0
4
235
128
0
4
229
129
0
4
224
130
0
4
222
131
0
4
225
132
0
4
231
133
0
4
236
134
0
4
238
135
0
4
237
136
0
4
235
137
0
4
233
138
0
4
230
139
0
4
224
140
0
4
218
141
0
4
213
142
0
4
209
143
0
4
206
144
0
4
205
145
0
4
204
146
0
4
202
147
0
4
199
148
0
4
196
149
0
4
193
150
0
4
190
151
0
4
185
152
0
4
178
153
0
4
170
154
0
4
162
155
0
4
154
156
0
4
151
157
0
4
154
158
0
4
164
159
0
4
176
160
0
4
187
161
0
4
195
162
0
4
199
163
0
4
199
164
0
4
195
165
0
4
191
166
0
4
189
167
0
4
188
168
0
4
189
169
0
4
191
170
0
4
194
171
0
4
197
172
0
4
198
173
0
4
197
174
0
4
196
175
0
4
196
176
0
4
198
177
0
4
199
178
0
4
196
179
0
4
194
180
0
4
197
181
0
4
203
182
0
4
208
183
0
4
213
184
0
4
219
185
0
4
226
186
0
4
234
187
0
4
238
188
0
4
236
189
0
4
232
190
0
4
227
191
0
4
220
192
0
4
212
193
0
4
204
194
0
4
197
195
0
4
192
196
0
4
190
197
0
4
191
198
0
4
194
199
0
4
199
200
0
4
207
201
0
4
218
202
0
4
230
203
0
4
240
204
0
4
244
205
0
4
242
206
0
4
239
207
0
4
235
208
0
4
231
209
0
4
228
210
0
4
227
211
0
4
228
212
0
4
229
213
0
4
231
214
0
4
233
215
0
4
234
216
0
4
233
217
0
4
228
218
0
4
222
219
0
4
215
220
0
4
207
221
0
4
199
222
0
4
193
223
0
4
190
224
0
4
189
225
0
4
188
226
0
4
186
227
0
4
183
228
0
4
182
229
0
4
183
230
0
4
186
231
0
4
188
232
0
4
187
233
0
4
182
234
0
4
176
235
0
4
172
236
0
4
171
237
0
4
173
238
0
4
178
239
0
4
184
240
0
4
191
241
0
4
196
242
0
4
198
243
0
4
197
244
0
4
192
245
0
4
185
246
0
4
178
247
0
4
173
248
0
4
172
249
0
4
176
250
0
4
184
251
0
4
192
252
0
4
197
253
0
4
198
254
0
4
195
255
0
4
189
0
0
4
183
1
0
4
179
2
0
4
179
3
0
4
182
4
0
4
186
5
0
4
188
6
0
4
188
7
0
4
186
8
0
4
183
9
0
4
179
10
0
4
173
11
0
4
167
12
0
4
161
13
0
4
157
14
0
4
153
15
0
4
151
16
0
4
149
17
0
4
147
18
0
4
146
19
0
4
145
20
0
4
144
21
0
4
142
22
0
4
138
23
0
4
132
24
0
4
124
25
0
4
117
26
0
4
111
27
0
4
110
28
0
4
116
29
0
4
128
30
0
4
141
31
0
4
153
32
0
4
162
33
0
4
167
34
0
4
167
35
0
4
162
36
0
4
157
37
0
4
154
38
0
4
153
39
0
4
153
40
0
4
154
41
0
4
154
42
0
4
154
43
0
4
154
44
0
4
154
45
0
4
155
46
0
4
157
47
0
4
160
48
0
4
162
49
0
4
159
50
0
4
158
51
0
4
161
52
0
4
168
53
0
4
175
54
0
4
181
55
0
4
186
56
0
4
192
57
0
4
198
58
0
4
202
59
0
4
201
60
0
4
197
61
0
4
192
62
0
4
185
63
0
4
178
64
0
4
171
65
0
4
164
66
0
4
160
67
0
4
160
68
0
4
163
69
0
4
168
70
0
4
174
71
0
4
181
72
0
4
190
73
0
4
199
74
0
4
205
75
0
4
205
76
0
4
202
77
0
4
198
78
0
4
191
79
0
4
183
80
0
4
175
81
0
4
170
82
0
4
169
83
0
4
170
84
0
4
172
85
0
4
174
86
0
4
176
87
0
4
175
88
0
4
170
89
0
4
165
90
0
4
161
91
0
4
157
92
0
4
152
93
0
4
146
94
0
4
141
95
0
4
137
96
0
4
132
97
0
4
125
98
0
4
118
99
0
4
114
100
0
4
114
101
0
4
118
102
0
4
123
103
0
4
125
104
0
4
123
105
0
4
119
106
0
4
116
107
0
4
115
108
0
4
118
109
0
4
124
110
0
4
131
111
0
4
136
112
0
4
139
113
0
4
138
114
0
4
135
115
0
4
130
116
0
4
124
117
0
4
118
118
0
4
113
119
0
4
110
120
0
4
111
121
0
4
115
122
0
4
121
123
0
4
127
124
0
4
131
125
0
4
131
126
0
4
128
127
0
4
122
128
0
4
118
129
0
4
117
130
0
4
120
131
0
4
124
132
0
4
127
133
0
4
127
134
0
4
126
135
0
4
124
136
0
4
122
137
0
4
118
138
0
4
112
139
0
4
105
140
0
4
98
141
0
4
90
142
0
4
83
143
0
4
79
144
0
4
78
145
0
4
79
146
0
4
80
147
0
4
80
148
0
4
78
149
0
4
77
150
0
4
76
151
0
4
74
152
0
4
69
153
0
4
66
154
0
4
66
155
0
4
70
156
0
4
77
157
0
4
85
158
0
4
93
159
0
4
100
160
0
4
106
161
0
4
109
162
0
4
108
163
0
4
104
164
0
4
98
165
0
4
93
166
0
4
90
167
0
4
89
168
0
4
90
169
0
4
92
170
0
4
95
171
0
4
98
172
0
4
101
173
0
4
104
174
0
4
107
175
0
4
110
176
0
4
110
177
0
4
107
178
0
4
107
179
0
4
111
180
0
4
117
181
0
4
123
182
0
4
127
183
0
4
132
184
0
4
138
185
0
4
145
186
0
4
150
187
0
4
149
188
0
4
146
189
0
4
141
190
0
4
135
191
0
4
129
192
0
4
122
193
0
4
118
194
0
4
119
195
0
4
123
196
0
4
129
197
0
4
134
198
0
4
139
199
0
4
145
200
0
4
151
201
0
4
154
202
0
4
152
203
0
4
149
204
0
4
146
205
0
4
140
206
0
4
134
207
0
4
129
208
0
4
123
209
0
4
118
210
0
4
115
211
0
4
114
212
0
4
115
213
0
4
117
214
0
4
118
215
0
4
118
216
0
4
114
217
0
4
110
218
0
4
107
219
0
4
104
220
0
4
101
221
0
4
97
222
0
4
92
223
0
4
86
224
0
4
79
225
0
4
72
226
0
4
65
227
0
4
61
228
0
4
61
229
0
4
66
230
0
4
73
231
0
4
78
232
0
4
79
233
0
4
76
234
0
4
75
235
0
4
77
236
0
4
82
237
0
4
90
238
0
4
98
239
0
4
103
240
0
4
104
241
0
4
103
242
0
4
100
243
0
4
96
244
0
4
90
245
0
4
85
246
0
4
81
247
0
4
78
248
0
4
76
249
0
4
76
250
0
4
78
251
0
4
81
252
0
4
82
253
0
4
81
254
0
4
77
255
0
4
71
0
0
4
66
1
0
4
64
2
0
4
64
3
0
4
65
4
0
4
66
5
0
4
66
6
0
4
65
7
0
4
63
8
0
4
60
9
0
4
55
10
0
4
49
11
0
4
42
12
0
4
36
13
0
4
29
14
0
4
23
15
0
4
21
16
0
4
23
17
0
4
26
18
0
4
28
19
0
4
29
20
0
4
30
21
0
4
33
22
0
4
35
23
0
4
32
24
0
4
32
25
0
4
35
26
0
4
39
27
0
4
43
28
0
4
46
29
0
4
51
30
0
4
58
31
0
4
66
32
0
4
72
33
0
4
75
34
0
4
77
35
0
4
77
36
0
4
75
37
0
4
71
38
0
4
70
39
0
4
73
40
0
4
79
41
0
4
87
42
0
4
94
43
0
4
98
44
0
4
101
45
0
4
103
46
0
4
104
47
0
4
104
48
0
4
102
49
0
4
98
50
0
4
96
51
0
4
97
52
0
4
99
53
0
4
101
54
0
4
104
55
0
4
110
56
0
4
120
57
0
4
131
58
0
4
138
59
0
4
138
60
0
4
135
61
0
4
131
62
0
4
124
63
0
4
117
64
0
4
111
65
0
4
109
66
0
4
110
67
0
4
114
68
0
4
119
69
0
4
123
70
0
4
127
71
0
4
132
72
0
4
136
73
0
4
138
74
0
4
136
75
0
4
132
76
0
4
128
77
0
4
123
78
0
4
118
79
0
4
115
80
0
4
110
81
0
4
106
82
0
4
104
83
0
4
103
84
0
4
102
85
0
4
101
86
0
4
100
87
0
4
99
88
0
4
96
89
0
4
91
90
0
4
87
91
0
4
84
92
0
4
80
93
0
4
74
94
0
4
68
95
0
4
62
96
0
4
55
97
0
4
47
98
0
4
39
99
0
4
33
100
0
4
31
101
0
4
34
102
0
4
40
103
0
4
45
104
0
4
46
105
0
4
43
106
0
4
41
107
0
4
42
108
0
4
45
109
0
4
50
110
0
4
54
111
0
4
56
112
0
4
56
113
0
4
54
114
0
4
51
115
0
4
45
116
0
4
40
117
0
4
36
118
0
4
32
119
0
4
27
120
0
4
22
121
0
4
18
122
0
4
15
123
0
4
13
124
0
4
9
125
0
4
3
126
0
3
252
127
0
3
246
128
0
3
239
129
0
3
233
130
0
3
229
131
0
3
227
132
0
3
226
133
0
3
225
134
0
3
224
135
0
3
222
136
0
3
219
137
0
3
215
138
0
3
210
139
0
3
205
140
0
3
199
141
0
3
193
142
0
3
189
143
0
3
188
144
0
3
188
145
0
3
187
146
0
3
186
147
0
3
186
148
0
3
188
149
0
3
191
150
0
3
192
151
0
3
189
152
0
3
187
153
0
3
186
154
0
3
186
155
0
3
186
156
0
3
188
157
0
3
192
158
0
3
198
159
0
3
204
160
0
3
209
161
0
3
213
162
0
3
216
163
0
3
218
164
0
3
217
165
0
3
214
166
0
3
213
167
0
3
215
168
0
3
219
169
0
3
223
170
0
3
227
171
0
3
230
172
0
3
233
173
0
3
236
174
0
3
239
175
0
3
241
176
0
3
242
177
0
3
240
178
0
3
237
179
0
3
235
180
0
3
235
181
0
3
237
182
0
3
242
183
0
3
250
184
0
4
6
185
0
4
18
186
0
4
28
187
0
4
31
188
0
4
29
189
0
4
26
190
0
4
21
191
0
4
14
192
0
4
7
193
0
4
2
194
0
4
2
195
0
4
6
196
0
4
12
197
0
4
18
198
0
4
22
199
0
4
25
200
0
4
27
201
0
4
28
202
0
4
26
203
0
4
22
204
0
4
18
205
0
4
12
206
0
4
7
207
0
4
4
208
0
4
0
209
0
3
252
210
0
3
252
211
0
3
253
212
0
3
253
213
0
3
252
214
0
3
250
215
0
3
248
216
0
3
245
217
0
3
241
218
0
3
239
219
0
3
238
220
0
3
236
221
0
3
231
222
0
3
225
223
0
3
219
224
0
3
213
225
0
3
208
226
0
3
204
227
0
3
199
228
0
3
198
229
0
3
202
230
0
3
209
231
0
3
215
232
0
3
218
233
0
3
216
234
0
3
214
235
0
3
214
236
0
3
217
237
0
3
222
238
0
3
226
239
0
3
228
240
0
3
227
241
0
3
224
242
0
3
219
243
0
3
214
244
0
3
209
245
0
3
205
246
0
3
199
247
0
3
194
248
0
3
190
249
0
3
185
250
0
3
180
251
0
3
176
252
0
3
174
253
0
3
172
254
0
3
169
255
0
3
164
0
0
3
158
1
0
3
152
2
0
3
147
3
0
3
143
4
0
3
141
5
0
3
139
6
0
3
136
7
0
3
131
8
0
3
125
9
0
3
119
10
0
3
113
11
0
3
108
12
0
3
104
13
0
3
99
14
0
3
94
15
0
3
89
16
0
3
85
17
0
3
82
18
0
3
80
19
0
3
81
20
0
3
83
21
0
3
86
22
0
3
87
23
0
3
85
24
0
3
82
25
0
3
80
26
0
3
78
27
0
3
76
28
0
3
75
29
0
3
76
30
0
3
80
31
0
3
86
32
0
3
93
33
0
3
99
34
0
3
105
35
0
3
110
36
0
3
113
37
0
3
113
38
0
3
112
39
0
3
114
40
0
3
118
41
0
3
123
42
0
3
126
43
0
3
129
44
0
3
132
45
0
3
137
46
0
3
142
47
0
3
146
48
0
3
149
49
0
3
150
50
0
3
148
51
0
3
144
52
0
3
143
53
0
3
146
54
0
3
154
55
0
3
165
56
0
3
177
57
0
3
190
58
0
3
201
59
0
3
207
60
0
3
206
61
0
3
205
62
0
3
203
63
0
3
199
64
0
3
194
65
0
3
188
66
0
3
186
67
0
3
190
68
0
3
197
69
0
3
204
70
0
3
208
71
0
3
210
72
0
3
211
73
0
3
213
74
0
3
214
75
0
3
212
76
0
3
208
77
0
3
202
78
0
3
198
79
0
3
197
80
0
3
195
81
0
3
192
82
0
3
190
83
0
3
190
84
0
3
190
85
0
3
188
86
0
3
186
87
0
3
184
88
0
3
181
89
0
3
176
90
0
3
172
91
0
3
168
92
0
3
163
93
0
3
157
94
0
3
151
95
0
3
146
96
0
3
142
97
0
3
139
98
0
3
134
99
0
3
130
100
0
3
130
101
0
3
134
102
0
3
141
103
0
3
147
104
0
3
150
105
0
3
149
106
0
3
147
107
0
3
147
108
0
3
150
109
0
3
154
110
0
3
156
111
0
3
155
112
0
3
151
113
0
3
146
114
0
3
140
115
0
3
133
116
0
3
126
117
0
3
121
118
0
3
117
119
0
3
116
120
0
3
117
121
0
3
118
122
0
3
115
123
0
3
114
124
0
3
115
125
0
3
116
126
0
3
114
127
0
3
110
128
0
3
105
129
0
3
99
130
0
3
93
131
0
3
88
132
0
3
84
133
0
3
81
134
0
3
76
135
0
3
72
136
0
3
69
137
0
3
65
138
0
3
60
139
0
3
56
140
0
3
52
141
0
3
48
142
0
3
44
143
0
3
40
144
0
3
35
145
0
3
31
146
0
3
28
147
0
3
26
148
0
3
24
149
0
3
22
150
0
3
20
151
0
3
18
152
0
3
15
153
0
3
11
154
0
3
7
155
0
3
3
156
0
2
255
157
0
2
253
158
0
2
254
159
0
3
3
160
0
3
10
161
0
3
17
162
0
3
23
163
0
3
28
164
0
3
32
165
0
3
34
166
0
3
32
167
0
3
31
168
0
3
32
169
0
3
33
170
0
3
33
171
0
3
32
172
0
3
34
173
0
3
40
174
0
3
48
175
0
3
55
176
0
3
61
177
0
3
66
178
0
3
70
179
0
3
69
180
0
3
70
181
0
3
76
182
0
3
87
183
0
3
99
184
0
3
111
185
0
3
124
186
0
3
136
187
0
3
144
188
0
3
146
189
0
3
145
190
0
3
143
191
0
3
139
192
0
3
136
193
0
3
132
194
0
3
131
195
0
3
136
196
0
3
144
197
0
3
151
198
0
3
154
199
0
3
154
200
0
3
154
201
0
3
156
202
0
3
159
203
0
3
159
204
0
3
155
205
0
3
150
206
0
3
146
207
0
3
145
208
0
3
144
209
0
3
140
210
0
3
138
211
0
3
138
212
0
3
138
213
0
3
135
214
0
3
131
215
0
3
127
216
0
3
125
217
0
3
122
218
0
3
117
219
0
3
113
220
0
3
109
221
0
3
104
222
0
3
101
223
0
3
100
224
0
3
99
225
0
3
97
226
0
3
93
227
0
3
90
228
0
3
90
229
0
3
93
230
0
3
98
231
0
3
103
232
0
3
106
233
0
3
107
234
0
3
104
235
0
3
102
236
0
3
102
237
0
3
103
238
0
3
103
239
0
3
100
240
0
3
97
241
0
3
94
242
0
3
90
243
0
3
86
244
0
3
83
245
0
3
81
246
0
3
80
247
0
3
81
248
0
3
84
249
0
3
88
250
0
3
88
251
0
3
87
252
0
3
88
253
0
3
89
254
0
3
87
255
0
3
84
0
0
3
81
1
0
3
77
2
0
3
72
3
0
3
67
4
0
3
62
5
0
3
57
6
0
3
53
7
0
3
51
8
0
3
51
9
0
3
50
10
0
3
47
11
0
3
43
12
0
3
38
13
0
3
34
14
0
3
31
15
0
3
29
16
0
3
26
17
0
3
22
18
0
3
17
19
0
3
12
20
0
3
6
21
0
3
1
22
0
2
253
23
0
2
252
24
0
2
251
25
0
2
248
26
0
2
244
27
0
2
240
28
0
2
236
29
0
2
232
30
0
2
231
31
0
2
235
32
0
2
242
33
0
2
249
34
0
2
255
35
0
3
4
36
0
3
8
37
0
3
11
38
0
3
11
39
0
3
9
40
0
3
8
41
0
3
5
42
0
3
1
43
0
2
253
44
0
2
253
45
0
3
2
46
0
3
9
47
0
3
17
48
0
3
26
49
0
3
36
50
0
3
46
51
0
3
51
52
0
3
54
53
0
3
62
54
0
3
74
55
0
3
85
56
0
3
95
57
0
3
104
58
0
3
113
59
0
3
121
60
0
3
124
61
0
3
123
62
0
3
121
63
0
3
119
64
0
3
120
65
0
3
121
66
0
3
119
67
0
3
121
68
0
3
126
69
0
3
131
70
0
3
133
71
0
3
134
72
0
3
136
73
0
3
140
74
0
3
144
75
0
3
145
76
0
3
142
77
0
3
137
78
0
3
133
79
0
3
132
80
0
3
133
81
0
3
132
82
0
3
129
83
0
3
126
84
0
3
124
85
0
3
120
86
0
3
116
87
0
3
114
88
0
3
114
89
0
3
115
90
0
3
114
91
0
3
111
92
0
3
107
93
0
3
102
94
0
3
99
95
0
3
98
96
0
3
97
97
0
3
94
98
0
3
90
99
0
3
86
100
0
3
83
101
0
3
82
102
0
3
85
103
0
3
91
104
0
3
97
105
0
3
102
106
0
3
103
107
0
3
102
108
0
3
101
109
0
3
101
110
0
3
100
111
0
3
96
112
0
3
93
113
0
3
90
114
0
3
86
115
0
3
82
116
0
3
80
117
0
3
80
118
0
3
82
119
0
3
86
120
0
3
92
121
0
3
98
122
0
3
101
123
0
3
100
124
0
3
100
125
0
3
101
126
0
3
100
127
0
3
97
128
0
3
95
129
0
3
91
130
0
3
87
131
0
3
83
132
0
3
79
133
0
3
74
134
0
3
71
135
0
3
72
136
0
3
76
137
0
3
80
138
0
3
81
139
0
3
79
140
0
3
76
141
0
3
73
142
0
3
71
143
0
3
70
144
0
3
69
145
0
3
67
146
0
3
64
147
0
3
62
148
0
3
60
149
0
3
57
150
0
3
53
151
0
3
51
152
0
3
50
153
0
3
49
154
0
3
46
155
0
3
43
156
0
3
40
157
0
3
36
158
0
3
33
159
0
3
33
160
0
3
36
161
0
3
40
162
0
3
42
163
0
3
44
164
0
3
46
165
0
3
49
166
0
3
51
167
0
3
51
168
0
3
48
169
0
3
45
170
0
3
41
171
0
3
36
172
0
3
34
173
0
3
36
174
0
3
43
175
0
3
52
176
0
3
62
177
0
3
73
178
0
3
84
179
0
3
91
180
0
3
92
181
0
3
96
182
0
3
104
183
0
3
113
184
0
3
119
185
0
3
123
186
0
3
127
187
0
3
132
188
0
3
136
189
0
3
137
190
0
3
135
191
0
3
133
192
0
3
133
193
0
3
134
194
0
3
133
195
0
3
130
196
0
3
130
197
0
3
131
198
0
3
132
199
0
3
133
200
0
3
135
201
0
3
137
202
0
3
139
203
0
3
139
204
0
3
137
205
0
3
133
206
0
3
130
207
0
3
129
208
0
3
130
209
0
3
132
210
0
3
132
211
0
3
129
212
0
3
124
213
0
3
120
214
0
3
115
215
0
3
111
216
0
3
110
217
0
3
111
218
0
3
112
219
0
3
111
220
0
3
108
221
0
3
104
222
0
3
101
223
0
3
98
224
0
3
95
225
0
3
92
226
0
3
88
227
0
3
83
228
0
3
78
229
0
3
74
230
0
3
74
231
0
3
76
232
0
3
80
233
0
3
83
234
0
3
85
235
0
3
85
236
0
3
82
237
0
3
78
238
0
3
74
239
0
3
69
240
0
3
65
241
0
3
61
242
0
3
56
243
0
3
52
244
0
3
49
245
0
3
47
246
0
3
46
247
0
3
48
248
0
3
52
249
0
3
57
250
0
3
62
251
0
3
63
252
0
3
61
253
0
3
59
254
0
3
56
255
0
3
52
0
0
3
49
1
0
3
47
2
0
3
44
3
0
3
40
4
0
3
37
5
0
3
36
6
0
3
36
7
0
3
37
8
0
3
40
9
0
3
45
10
0
3
49
11
0
3
50
12
0
3
48
13
0
3
44
14
0
3
40
15
0
3
37
16
0
3
35
17
0
3
34
18
0
3
34
19
0
3
34
20
0
3
34
21
0
3
34
22
0
3
32
23
0
3
28
24
0
3
25
25
0
3
24
26
0
3
23
27
0
3
21
28
0
3
18
29
0
3
13
30
0
3
8
31
0
3
5
32
0
3
4
33
0
3
4
34
0
3
4
35
0
3
3
36
0
3
2
37
0
3
1
38
0
3
1
39
0
3
0
40
0
2
255
41
0
2
254
42
0
2
252
43
0
2
249
44
0
2
246
45
0
2
246
46
0
2
250
47
0
3
1
48
0
3
8
49
0
3
15
50
0
3
22
51
0
3
28
52
0
3
31
53
0
3
31
54
0
3
33
55
0
3
37
56
0
3
40
57
0
3
40
58
0
3
39
59
0
3
39
60
0
3
41
61
0
3
43
62
0
3
43
63
0
3
41
64
0
3
39
65
0
3
39
66
0
3
41
67
0
3
43
68
0
3
42
69
0
3
40
70
0
3
38
71
0
3
36
72
0
3
34
73
0
3
32
74
0
3
31
75
0
3
30
76
0
3
28
77
0
3
26
78
0
3
24
79
0
3
23
80
0
3
25
81
0
3
29
82
0
3
35
83
0
3
42
84
0
3
47
85
0
3
50
86
0
3
51
87
0
3
50
88
0
3
47
89
0
3
46
90
0
3
48
91
0
3
52
92
0
3
55
93
0
3
56
94
0
3
55
95
0
3
53
96
0
3
52
97
0
3
51
98
0
3
52
99
0
3
52
100
0
3
51
101
0
3
47
102
0
3
43
103
0
3
40
104
0
3
38
105
0
3
39
106
0
3
43
107
0
3
48
108
0
3
53
109
0
3
55
110
0
3
54
111
0
3
51
112
0
3
48
113
0
3
46
114
0
3
44
115
0
3
41
116
0
3
36
117
0
3
32
118
0
3
28
119
0
3
25
120
0
3
24
121
0
3
26
122
0
3
31
123
0
3
37
124
0
3
42
125
0
3
43
126
0
3
42
127
0
3
40
128
0
3
39
129
0
3
39
130
0
3
39
131
0
3
37
132
0
3
34
133
0
3
33
134
0
3
33
135
0
3
34
136
0
3
36
137
0
3
40
138
0
3
46
139
0
3
53
140
0
3
58
141
0
3
60
142
0
3
59
143
0
3
56
144
0
3
53
145
0
3
51
146
0
3
50
147
0
3
51
148
0
3
54
149
0
3
57
150
0
3
58
151
0
3
57
152
0
3
54
153
0
3
50
154
0
3
47
155
0
3
43
156
0
3
38
157
0
3
33
158
0
3
28
159
0
3
24
160
0
3
21
161
0
3
19
162
0
3
16
163
0
3
11
164
0
3
6
165
0
3
1
166
0
2
253
167
0
2
251
168
0
2
250
169
0
2
249
170
0
2
248
171
0
2
248
172
0
2
247
173
0
2
245
174
0
2
245
175
0
2
247
176
0
2
249
177
0
2
251
178
0
2
253
179
0
3
0
180
0
3
2
181
0
3
2
182
0
2
255
183
0
2
253
184
0
2
252
185
0
2
250
186
0
2
247
187
0
2
244
188
0
2
242
189
0
2
241
190
0
2
239
191
0
2
237
192
0
2
235
193
0
2
235
194
0
2
238
195
0
2
243
196
0
2
247
197
0
2
249
198
0
2
248
199
0
2
245
200
0
2
241
201
0
2
238
202
0
2
236
203
0
2
235
204
0
2
234
205
0
2
232
206
0
2
229
207
0
2
226
208
0
2
225
209
0
2
227
210
0
2
232
211
0
2
240
212
0
2
249
213
0
3
1
214
0
3
6
215
0
3
9
216
0
3
10
217
0
3
7
218
0
3
5
219
0
3
5
220
0
3
6
221
0
3
6
222
0
3
5
223
0
3
3
224
0
3
1
225
0
3
0
226
0
3
0
227
0
3
0
228
0
3
2
229
0
3
4
230
0
3
5
231
0
3
3
232
0
3
0
233
0
2
255
234
0
3
1
235
0
3
4
236
0
3
9
237
0
3
15
238
0
3
18
239
0
3
18
240
0
3
15
241
0
3
11
242
0
3
8
243
0
3
7
244
0
3
6
245
0
3
4
246
0
3
1
247
0
2
253
248
0
2
249
249
0
2
247
250
0
2
249
251
0
3
0
252
0
3
9
253
0
3
17
254
0
3
22
255
0
3
24
0
0
3
25
1
0
3
27
2
0
3
29
3
0
3
30
4
0
3
28
5
0
3
25
6
0
3
22
7
0
3
19
8
0
3
17
9
0
3
17
10
0
3
21
11
0
3
29
12
0
3
39
13
0
3
49
14
0
3
55
15
0
3
56
16
0
3
54
17
0
3
51
18
0
3
49
19
0
3
49
20
0
3
52
21
0
3
57
22
0
3
60
23
0
3
59
24
0
3
56
25
0
3
53
26
0
3
48
27
0
3
43
28
0
3
37
29
0
3
32
30
0
3
28
31
0
3
26
32
0
3
24
33
0
3
21
34
0
3
18
35
0
3
15
36
0
3
12
37
0
3
8
38
0
3
3
39
0
2
255
40
0
2
253
41
0
2
253
42
0
2
254
43
0
2
255
44
0
2
255
45
0
2
252
46
0
2
249
47
0
2
247
48
0
2
244
49
0
2
240
50
0
2
236
51
0
2
233
52
0
2
232
53
0
2
231
54
0
2
230
55
0
2
228
56
0
2
227
57
0
2
227
58
0
2
226
59
0
2
223
60
0
2
220
61
0
2
216
62
0
2
212
63
0
2
207
64
0
2
203
65
0
2
201
66
0
2
200
67
0
2
200
68
0
2
200
69
0
2
201
70
0
2
203
71
0
2
206
72
0
2
209
73
0
2
211
74
0
2
211
75
0
2
209
76
0
2
206
77
0
2
202
78
0
2
198
79
0
2
195
80
0
2
194
81
0
2
193
82
0
2
192
83
0
2
191
84
0
2
190
85
0
2
192
86
0
2
198
87
0
2
206
88
0
2
214
89
0
2
219
90
0
2
221
91
0
2
222
92
0
2
222
93
0
2
220
94
0
2
218
95
0
2
218
96
0
2
218
97
0
2
217
98
0
2
214
99
0
2
211
100
0
2
210
101
0
2
210
102
0
2
210
103
0
2
209
104
0
2
208
105
0
2
206
106
0
2
204
107
0
2
200
108
0
2
197
109
0
2
196
110
0
2
197
111
0
2
197
112
0
2
196
113
0
2
193
114
0
2
190
115
0
2
188
116
0
2
187
117
0
2
187
118
0
2
186
119
0
2
185
120
0
2
183
121
0
2
180
122
0
2
176
123
0
2
173
124
0
2
173
125
0
2
177
126
0
2
182
127
0
2
186
128
0
2
189
129
0
2
192
130
0
2
196
131
0
2
200
132
0
2
203
133
0
2
203
134
0
2
201
135
0
2
197
136
0
2
193
137
0
2
189
138
0
2
187
139
0
2
189
140
0
2
196
141
0
2
206
142
0
2
216
143
0
2
223
144
0
2
226
145
0
2
225
146
0
2
224
147
0
2
224
148
0
2
226
149
0
2
230
150
0
2
234
151
0
2
236
152
0
2
234
153
0
2
232
154
0
2
229
155
0
2
225
156
0
2
222
157
0
2
220
158
0
2
219
159
0
2
219
160
0
2
218
161
0
2
215
162
0
2
212
163
0
2
209
164
0
2
207
165
0
2
206
166
0
2
205
167
0
2
204
168
0
2
201
169
0
2
199
170
0
2
198
171
0
2
197
172
0
2
195
173
0
2
192
174
0
2
189
175
0
2
186
176
0
2
183
177
0
2
180
178
0
2
177
179
0
2
174
180
0
2
171
181
0
2
167
182
0
2
163
183
0
2
159
184
0
2
155
185
0
2
153
186
0
2
152
187
0
2
153
188
0
2
154
189
0
2
154
190
0
2
153
191
0
2
150
192
0
2
147
193
0
2
145
194
0
2
144
195
0
2
143
196
0
2
141
197
0
2
138
198
0
2
137
199
0
2
138
200
0
2
140
201
0
2
143
202
0
2
147
203
0
2
152
204
0
2
158
205
0
2
162
206
0
2
164
207
0
2
163
208
0
2
160
209
0
2
156
210
0
2
152
211
0
2
148
212
0
2
145
213
0
2
143
214
0
2
142
215
0
2
141
216
0
2
142
217
0
2
146
218
0
2
153
219
0
2
161
220
0
2
167
221
0
2
170
222
0
2
171
223
0
2
170
224
0
2
167
225
0
2
163
226
0
2
159
227
0
2
155
228
0
2
152
229
0
2
149
230
0
2
146
231
0
2
145
232
0
2
145
233
0
2
146
234
0
2
147
235
0
2
146
236
0
2
143
237
0
2
140
238
0
2
138
239
0
2
136
240
0
2
134
241
0
2
132
242
0
2
131
243
0
2
131
244
0
2
132
245
0
2
133
246
0
2
134
247
0
2
136
248
0
2
139
249
0
2
141
250
0
2
141
251
0
2
139
252
0
2
137
253
0
2
136
254
0
2
137
255
0
2
139
0
0
2
142
1
0
2
147
2
0
2
154
3
0
2
162
4
0
2
170
5
0
2
178
6
0
2
185
7
0
2
190
8
0
2
193
9
0
2
192
10
0
2
191
11
0
2
192
12
0
2
196
13
0
2
203
14
0
2
212
15
0
2
222
16
0
2
231
17
0
2
238
18
0
2
241
19
0
2
241
20
0
2
239
21
0
2
238
22
0
2
238
23
0
2
239
24
0
2
239
25
0
2
239
26
0
2
238
27
0
2
238
28
0
2
239
29
0
2
241
30
0
2
243
31
0
2
246
32
0
2
249
33
0
2
251
34
0
2
250
35
0
2
248
36
0
2
247
37
0
2
247
38
0
2
247
39
0
2
247
40
0
2
247
41
0
2
245
42
0
2
242
43
0
2
238
44
0
2
234
45
0
2
231
46
0
2
229
47
0
2
227
48
0
2
224
49
0
2
220
50
0
2
216
51
0
2
213
52
0
2
211
53
0
2
211
54
0
2
212
55
0
2
213
56
0
2
212
57
0
2
209
58
0
2
205
59
0
2
201
60
0
2
196
61
0
2
191
62
0
2
186
63
0
2
181
64
0
2
177
65
0
2
174
66
0
2
174
67
0
2
176
68
0
2
181
69
0
2
186
70
0
2
189
71
0
2
190
72
0
2
189
73
0
2
187
74
0
2
184
75
0
2
181
76
0
2
179
77
0
2
178
78
0
2
178
79
0
2
177
80
0
2
177
81
0
2
178
82
0
2
181
83
0
2
185
84
0
2
188
85
0
2
189
86
0
2
188
87
0
2
185
88
0
2
182
89
0
2
180
90
0
2
180
91
0
2
183
92
0
2
186
93
0
2
188
94
0
2
187
95
0
2
184
96
0
2
181
97
0
2
178
98
0
2
177
99
0
2
177
100
0
2
176
101
0
2
173
102
0
2
171
103
0
2
170
104
0
2
170
105
0
2
172
106
0
2
175
107
0
2
178
108
0
2
181
109
0
2
182
110
0
2
180
111
0
2
177
112
0
2
174
113
0
2
170
114
0
2
165
115
0
2
160
116
0
2
157
117
0
2
156
118
0
2
158
119
0
2
162
120
0
2
167
121
0
2
172
122
0
2
178
123
0
2
184
124
0
2
188
125
0
2
189
126
0
2
187
127
0
2
183
128
0
2
179
129
0
2
175
130
0
2
171
131
0
2
169
132
0
2
169
133
0
2
171
134
0
2
174
135
0
2
178
136
0
2
183
137
0
2
189
138
0
2
195
139
0
2
198
140
0
2
198
141
0
2
200
142
0
2
203
143
0
2
206
144
0
2
207
145
0
2
207
146
0
2
207
147
0
2
207
148
0
2
206
149
0
2
203
150
0
2
201
151
0
2
199
152
0
2
195
153
0
2
192
154
0
2
189
155
0
2
185
156
0
2
183
157
0
2
184
158
0
2
186
159
0
2
189
160
0
2
191
161
0
2
192
162
0
2
192
163
0
2
190
164
0
2
186
165
0
2
182
166
0
2
178
167
0
2
175
168
0
2
171
169
0
2
167
170
0
2
163
171
0
2
161
172
0
2
159
173
0
2
155
174
0
2
152
175
0
2
150
176
0
2
149
177
0
2
148
178
0
2
147
179
0
2
145
180
0
2
143
181
0
2
140
182
0
2
137
183
0
2
134
184
0
2
131
185
0
2
127
186
0
2
124
187
0
2
121
188
0
2
117
189
0
2
114
190
0
2
112
191
0
2
111
192
0
2
110
193
0
2
108
194
0
2
105
195
0
2
102
196
0
2
100
197
0
2
101
198
0
2
103
199
0
2
106
200
0
2
108
201
0
2
109
202
0
2
109
203
0
2
108
204
0
2
105
205
0
2
103
206
0
2
101
207
0
2
99
208
0
2
96
209
0
2
93
210
0
2
90
211
0
2
88
212
0
2
87
213
0
2
86
214
0
2
85
215
0
2
83
216
0
2
81
217
0
2
78
218
0
2
75
219
0
2
73
220
0
2
72
221
0
2
72
222
0
2
72
223
0
2
70
224
0
2
68
225
0
2
66
226
0
2
64
227
0
2
61
228
0
2
58
229
0
2
56
230
0
2
55
231
0
2
54
232
0
2
52
233
0
2
49
234
0
2
47
235
0
2
46
236
0
2
47
237
0
2
49
238
0
2
50
239
0
2
50
240
0
2
48
241
0
2
46
242
0
2
43
243
0
2
40
244
0
2
38
245
0
2
36
246
0
2
33
247
0
2
30
248
0
2
28
249
0
2
26
250
0
2
25
251
0
2
25
252
0
2
26
253
0
2
26
254
0
2
24
255
0
2
22
0
0
2
20
1
0
2
17
2
0
2
15
3
0
2
13
4
0
2
10
5
0
2
8
6
0
2
7
7
0
2
6
8
0
2
6
9
0
2
6
10
0
2
7
11
0
2
8
12
0
2
6
13
0
2
5
14
0
2
6
15
0
2
8
16
0
2
9
17
0
2
9
18
0
2
8
19
0
2
7
20
0
2
6
21
0
2
3
22
0
2
0
23
0
1
253
24
0
1
250
25
0
1
248
26
0
1
246
27
0
1
243
28
0
1
242
29
0
1
242
30
0
1
243
31
0
1
245
32
0
1
247
33
0
1
249
34
0
1
251
35
0
1
252
36
0
1
251
37
0
1
250
38
0
1
250
39
0
1
250
40
0
1
250
41
0
1
249
42
0
1
247
43
0
1
246
44
0
1
246
45
0
1
246
46
0
1
245
47
0
1
243
48
0
1
243
49
0
1
244
50
0
1
245
51
0
1
246
52
0
1
246
53
0
1
245
54
0
1
243
55
0
1
241
56
0
1
239
57
0
1
237
58
0
1
235
59
0
1
232
60
0
1
230
61
0
1
228
62
0
1
228
63
0
1
229
64
0
1
231
65
0
1
235
66
0
1
239
67
0
1
242
68
0
1
242
69
0
1
241
70
0
1
242
71
0
1
244
72
0
1
246
73
0
1
248
74
0
1
250
75
0
1
251
76
0
1
252
77
0
1
252
78
0
1
251
79
0
1
250
80
0
1
250
81
0
1
249
82
0
1
247
83
0
1
246
84
0
1
245
85
0
1
244
86
0
1
242
87
0
1
240
88
0
1
238
89
0
1
236
90
0
1
234
91
0
1
232
92
0
1
229
93
0
1
227
94
0
1
225
95
0
1
222
96
0
1
220
97
0
1
218
98
0
1
216
99
0
1
213
100
0
1
210
101
0
1
207
102
0
1
204
103
0
1
202
104
0
1
199
105
0
1
197
106
0
1
195
107
0
1
194
108
0
1
192
109
0
1
190
110
0
1
188
111
0
1
185
112
0
1
182
113
0
1
179
114
0
1
176
115
0
1
173
116
0
1
171
117
0
1
168
118
0
1
165
119
0
1
162
120
0
1
160
121
0
1
159
122
0
1
158
123
0
1
157
124
0
1
155
125
0
1
153
126
0
1
150
127
0
1
148
128
0
1
145
129
0
1
142
130
0
1
140
131
0
1
138
132
0
1
135
133
0
1
132
134
0
1
129
135
0
1
126
136
0
1
124
137
0
1
123
138
0
1
123
139
0
1
123
140
0
1
123
141
0
1
122
142
0
1
122
143
0
1
123
144
0
1
125
145
0
1
126
146
0
1
126
147
0
1
126
148
0
1
125
149
0
1
123
150
0
1
121
151
0
1
120
152
0
1
119
153
0
1
117
154
0
1
116
155
0
1
115
156
0
1
113
157
0
1
111
158
0
1
110
159
0
1
109
160
0
1
108
161
0
1
108
162
0
1
108
163
0
1
108
164
0
1
107
165
0
1
106
166
0
1
106
167
0
1
107
168
0
1
108
169
0
1
108
170
0
1
107
171
0
1
106
172
0
1
106
173
0
1
107
174
0
1
109
175
0
1
111
176
0
1
112
177
0
1
112
178
0
1
111
179
0
1
110
180
0
1
110
181
0
1
109
182
0
1
108
183
0
1
107
184
0
1
106
185
0
1
105
186
0
1
105
187
0
1
105
188
0
1
105
189
0
1
105
190
0
1
105
191
0
1
105
192
0
1
104
193
0
1
103
194
0
1
103
195
0
1
103
196
0
1
103
197
0
1
102
198
0
1
101
199
0
1
100
200
0
1
99
201
0
1
99
202
0
1
99
203
0
1
99
204
0
1
98
205
0
1
97
206
0
1
96
207
0
1
95
208
0
1
94
209
0
1
93
210
0
1
92
211
0
1
91
212
0
1
89
213
0
1
87
214
0
1
86
215
0
1
85
216
0
1
83
217
0
1
81
218
0
1
80
219
0
1
79
220
0
1
79
221
0
1
80
222
0
1
80
223
0
1
79
224
0
1
78
225
0
1
78
226
0
1
78
227
0
1
78
228
0
1
78
229
0
1
78
230
0
1
78
231
0
1
77
232
0
1
75
233
0
1
73
234
0
1
72
235
0
1
72
236
0
1
72
237
0
1
72
238
0
1
71
239
0
1
69
240
0
1
68
241
0
1
68
242
0
1
69
243
0
1
70
244
0
1
71
245
0
1
72
246
0
1
73
247
0
1
73
248
0
1
73
249
0
1
73
250
0
1
72
251
0
1
71
252
0
1
70
253
0
1
69
254
0
1
68
255
0
1
67
0
0
1
67
1
0
1
68
2
0
1
69
3
0
1
69
4
0
1
70
5
0
1
71
6
0
1
72
7
0
1
73
8
0
1
73
9
0
1
73
10
0
1
73
11
0
1
73
12
0
1
73
13
0
1
73
14
0
1
72
15
0
1
72
16
0
1
73
17
0
1
74
18
0
1
76
19
0
1
79
20
0
1
83
21
0
1
86
22
0
1
87
23
0
1
87
24
0
1
87
25
0
1
86
26
0
1
85
27
0
1
84
28
0
1
83
29
0
1
82
30
0
1
82
31
0
1
82
32
0
1
82
33
0
1
83
34
0
1
85
35
0
1
88
36
0
1
91
37
0
1
92
38
0
1
91
39
0
1
90
40
0
1
90
41
0
1
90
42
0
1
90
43
0
1
89
44
0
1
88
45
0
1
87
46
0
1
85
47
0
1
83
48
0
1
81
49
0
1
80
50
0
1
79
51
0
1
78
52
0
1
76
53
0
1
75
54
0
1
73
55
0
1
71
56
0
1
69
57
0
1
67
58
0
1
65
59
0
1
63
60
0
1
61
61
0
1
60
62
0
1
59
63
0
1
57
64
0
1
55
65
0
1
54
66
0
1
53
67
0
1
52
68
0
1
51
69
0
1
50
70
0
1
50
71
0
1
51
72
0
1
51
73
0
1
51
74
0
1
51
75
0
1
52
76
0
1
52
77
0
1
52
78
0
1
51
79
0
1
50
80
0
1
49
81
0
1
47
82
0
1
45
83
0
1
43
84
0
1
42
85
0
1
41
86
0
1
40
87
0
1
39
88
0
1
38
89
0
1
38
90
0
1
38
91
0
1
38
92
0
1
37
93
0
1
36
94
0
1
35
95
0
1
35
96
0
1
35
97
0
1
35
98
0
1
34
99
0
1
33
100
0
1
32
101
0
1
31
102
0
1
29
103
0
1
27
104
0
1
25
105
0
1
24
106
0
1
23
107
0
1
21
108
0
1
19
109
0
1
17
110
0
1
16
111
0
1
16
112
0
1
16
113
0
1
16
114
0
1
16
115
0
1
16
116
0
1
15
117
0
1
13
118
0
1
11
119
0
1
9
120
0
1
7
121
0
1
6
122
0
1
5
123
0
1
3
124
0
1
2
125
0
1
1
126
0
1
0
127
0
1
0
128
0
1
0
129
0
0
255
130
0
0
255
131
0
0
255
132
0
0
254
133
0
0
253
134
0
0
253
135
0
0
254
136
0
0
255
137
0
0
255
138
0
0
255
139
0
0
255
140
0
0
255
141
0
1
0
142
0
1
1
143
0
1
2
144
0
1
2
145
0
1
1
146
0
1
0
147
0
0
255
148
0
0
255
149
0
0
255
150
0
1
0
151
0
0
255
152
0
0
254
153
0
0
254
154
0
0
254
155
0
0
253
156
0
0
252
157
0
0
251
158
0
0
250
159
0
0
250
160
0
0
250
161
0
0
250
162
0
0
250
163
0
0
250
164
0
0
250
165
0
0
250
166
0
0
251
167
0
0
252
168
0
0
253
169
0
0
254
170
0
0
254
171
0
0
253
172
0
0
253
173
0
0
252
174
0
0
252
175
0
0
252
176
0
0
252
177
0
0
252
178
0
0
251
179
0
0
250
180
0
0
249
181
0
0
248
182
0
0
248
183
0
0
250
184
0
0
253
185
0
0
255
186
0
1
0
187
0
0
255
188
0
0
254
189
0
0
253
190
0
0
252
191
0
0
252
192
0
0
252
193
0
0
252
194
0
0
253
195
0
0
254
196
0
1
0
197
0
1
0
198
0
1
0
199
0
0
255
200
0
0
255
201
0
0
255
202
0
0
255
203
0
0
254
204
0
0
254
205
0
0
255
206
0
1
0
207
0
1
1
208
0
1
2
209
0
1
3
210
0
1
4
211
0
1
4
212
0
1
3
213
0
1
1
214
0
0
255
215
0
0
254
216
0
0
253
217
0
0
252
218
0
0
251
219
0
0
250
220
0
0
249
221
0
0
248
222
0
0
247
223
0
0
247
224
0
0
247
225
0
0
247
226
0
0
247
227
0
0
246
228
0
0
245
229
0
0
245
230
0
0
244
231
0
0
243
232
0
0
242
233
0
0
241
234
0
0
241
235
0
0
241
236
0
0
240
237
0
0
239
238
0
0
238
239
0
0
238
240
0
0
238
241
0
0
237
242
0
0
237
243
0
0
236
244
0
0
235
245
0
0
234
246
0
0
234
247
0
0
234
248
0
0
233
249
0
0
233
250
0
0
234
251
0
0
235
252
0
0
235
253
0
0
235
254
0
0
235
255
0
0
234
0
0
0
234
1
0
0
233
2
0
0
232
3
0
0
231
4
0
0
230
5
0
0
230
6
0
0
230
7
0
0
230
8
0
0
229
9
0
0
228
10
0
0
228
11
0
0
228
12
0
0
228
13
0
0
227
14
0
0
226
15
0
0
225
16
0
0
224
17
0
0
224
18
0
0
223
19
0
0
222
20
0
0
221
21
0
0
220
22
0
0
219
23
0
0
218
24
0
0
217
25
0
0
217
26
0
0
217
27
0
0
217
28
0
0
217
29
0
0
216
30
0
0
215
31
0
0
214
32
0
0
214
33
0
0
214
34
0
0
214
35
0
0
215
36
0
0
216
37
0
0
216
38
0
0
216
39
0
0
216
40
0
0
215
41
0
0
214
42
0
0
213
43
0
0
212
44
0
0
211
45
0
0
210
46
0
0
209
47
0
0
208
48
0
0
208
49
0
0
209
50
0
0
211
51
0
0
213
52
0
0
215
53
0
0
216
54
0
0
216
55
0
0
216
56
0
0
216
57
0
0
216
58
0
0
218
59
0
0
220
60
0
0
221
61
0
0
222
62
0
0
223
63
0
0
223
64
0
0
223
65
0
0
224
66
0
0
224
67
0
0
223
68
0
0
223
69
0
0
222
70
0
0
222
71
0
0
222
72
0
0
222
73
0
0
223
74
0
0
225
75
0
0
226
76
0
0
226
77
0
0
226
78
0
0
225
79
0
0
224
80
0
0
223
81
0
0
222
82
0
0
221
83
0
0
221
84
0
0
221
85
0
0
220
86
0
0
220
87
0
0
219
88
0
0
219
89
0
0
219
90
0
0
220
91
0
0
221
92
0
0
223
93
0
0
224
94
0
0
224
95
0
0
224
96
0
0
224
97
0
0
224
98
0
0
225
99
0
0
225
100
0
0
225
101
0
0
224
102
0
0
224
103
0
0
224
104
0
0
224
105
0
0
224
106
0
0
224
107
0
0
225
108
0
0
227
109
0
0
229
110
0
0
230
111
0
0
230
112
0
0
230
113
0
0
230
114
0
0
230
115
0
0
230
116
0
0
229
117
0
0
229
118
0
0
228
119
0
0
227
120
0
0
226
121
0
0
226
122
0
0
226
123
0
0
226
124
0
0
225
125
0
0
224
126
0
0
223
127
0
0
223
128
0
0
223
129
0
0
222
130
0
0
221
131
0
0
220
132
0
0
220
133
0
0
219
134
0
0
218
135
0
0
217
136
0
0
216
137
0
0
215
138
0
0
214
139
0
0
213
140
0
0
212
141
0
0
211
142
0
0
211
143
0
0
211
144
0
0
212
145
0
0
213
146
0
0
213
147
0
0
212
148
0
0
212
149
0
0
212
150
0
0
212
151
0
0
212
152
0
0
212
153
0
0
212
154
0
0
211
155
0
0
211
156
0
0
212
157
0
0
212
158
0
0
212
159
0
0
212
160
0
0
212
161
0
0
212
162
0
0
211
163
0
0
210
164
0
0
209
165
0
0
208
166
0
0
207
167
0
0
206
168
0
0
205
169
0
0
204
170
0
0
204
171
0
0
204
172
0
0
205
173
0
0
206
174
0
0
206
175
0
0
206
176
0
0
206
177
0
0
206
178
0
0
206
179
0
0
206
180
0
0
206
181
0
0
206
182
0
0
206
183
0
0
206
184
0
0
205
185
0
0
204
186
0
0
203
187
0
0
202
188
0
0
201
189
0
0
200
190
0
0
199
191
0
0
198
192
0
0
197
193
0
0
197
194
0
0
197
195
0
0
197
196
0
0
197
197
0
0
196
198
0
0
195
199
0
0
194
200
0
0
193
201
0
0
192
202
0
0
191
203
0
0
190
204
0
0
189
205
0
0
188
206
0
0
187
207
0
0
187
208
0
0
187
209
0
0
187
210
0
0
186
211
0
0
185
212
0
0
184
213
0
0
183
214
0
0
182
215
0
0
181
216
0
0
180
217
0
0
179
218
0
0
178
219
0
0
177
220
0
0
176
221
0
0
175
222
0
0
175
223
0
0
175
224
0
0
174
225
0
0
173
226
0
0
172
227
0
0
171
228
0
0
170
229
0
0
169
230
0
0
168
231
0
0
167
232
0
0
166
233
0
0
165
234
0
0
164
235
0
0
163
236
0
0
162
237
0
0
161
238
0
0
161
239
0
0
161
240
0
0
160
241
0
0
159
242
0
0
158
243
0
0
157
244
0
0
156
245
0
0
155
246
0
0
154
247
0
0
153
248
0
0
153
249
0
0
153
250
0
0
153
251
0
0
153
252
0
0
152
253
0
0
151
254
0
0
150
255
0
0
149
0
0
0
148
1
0
0
147
2
0
0
146
3
0
0
145
4
0
0
144
5
0
0
143
6
0
0
142
7
0
0
141
8
0
0
141
9
0
0
141
10
0
0
141
11
0
0
140
12
0
0
139
13
0
0
138
14
0
0
137
15
0
0
136
16
0
0
136
17
0
0
135
18
0
0
135
19
0
0
134
20
0
0
133
21
0
0
132
22
0
0
132
23
0
0
131
24
0
0
130
25
0
0
130
26
0
0
129
27
0
0
128
28
0
0
128
29
0
0
127
30
0
0
128
31
0
0
128
32
0
0
128
33
0
0
127
34
0
0
128
35
0
0
128
36
0
0
128
37
0
0
127
38
0
0
128
39
0
0
127
40
0
0
127
41
0
0
127
42
0
0
127
43
0
0
127
44
0
0
127
45
0
0
127
46
0
0
127
47
0
0
127
48
0
0
127
49
0
0
127
50
0
0
127
51
0
0
127
52
0
0
127
53
0
0
127
54
0
0
127
55
0
0
128
56
0
0
127
57
0
0
127
58
0
0
127
59
0
0
127
60
0
0
127
61
0
0
127
62
0
0
127
63
0
0
127
64
0
0
127
65
0
0
127
66
0
0
128
67
0
0
128
68
0
0
128
69
0
0
128
70
0
0
128
71
0
0
128
72
0
0
128
73
0
0
128
74
0
0
127
75
0
0
127
76
0
0
127
77
0
0
127
78
0
0
127
79
0
0
127
80
0
0
127
81
0
0
127
82
0
0
127
83
0
0
128
84
0
0
128
85
0
0
128
86
0
0
128
87
0
0
127
88
0
0
127
89
0
0
127
90
0
0
127
91
0
0
127
92
0
0
127
93
0
0
127
94
0
0
127
95
0
0
127
96
0
0
127
97
0
0
127
98
0
0
127
99
0
0
128
100
0
0
128
101
0
0
128
102
0
0
128
103
0
0
127
104
0
0
127
105
0
0
127
106
0
0
128
107
0
0
128
108
0
0
128
109
0
0
127
110
0
0
127
111
0
0
127
112
0
0
127
113
0
0
127
114
0
0
127
115
0
0
127
116
0
0
127
117
0
0
128
118
0
0
127
119
0
0
127
120
0
0
127
121
0
0
127
122
0
0
128
123
0
0
128
124
0
0
127
125
0
0
127
126
0
0
127
127
0
0
127
128
0
0
127
129
0
0
127
130
0
0
127
131
0
0
128
132
0
0
127
133
0
0
127
134
0
0
128
135
0
0
127
136
0
0
128
137
0
0
128
138
0
0
128
139
0
0
127
140
0
0
127
141
0
0
127
142
0
0
127
143
0
0
127
144
0
0
127
145
0
0
127
146
0
0
127
147
0
0
127
148
0
0
127
149
0
0
127
150
0
0
128
151
0
0
127
152
0
0
127
153
0
0
127
154
0
0
127
155
0
0
127
156
0
0
127
157
0
0
127
158
0
0
127
159
0
0
127
160
0
0
127
161
0
0
127
162
0
0
127
163
0
0
127
164
0
0
127
165
0
0
127
166
0
0
128
167
0
0
128
168
0
0
127
169
0
0
127
170
0
0
127
171
0
0
128
172
0
0
127
173
0
0
128
174
0
0
128
175
0
0
128
176
0
0
127
177
0
0
127
178
0
0
127
179
0
0
127
180
0
0
127
181
0
0
128
182
0
0
128
183
0
0
127
184
0
0
127
185
0
0
128
186
0
0
128
187
0
0
128
188
0
0
128
189
0
0
128
190
0
0
127
191
0
0
127
192
0
0
127
193
0
0
127
194
0
0
127
195
0
0
128
196
0
0
128
197
0
0
128
198
0
0
127
199
0
0
127
200
0
0
127
201
0
0
127
202
0
0
128
203
0
0
127
204
0
0
127
205
0
0
127
206
0
0
127
207
0
0
128
208
0
0
128
209
0
0
128
210
0
0
128
211
0
0
128
212
0
0
129
213
0
0
130
214
0
0
130
215
0
0
130
216
0
0
130
217
0
0
130
218
0
0
129
219
0
0
128
220
0
0
128
221
0
0
127
222
0
0
128
223
0
0
128
224
0
0
127
225
0
0
128
226
0
0
128
227
0
0
128
228
0
0
127
229
0
0
127
230
0
0
128
231
0
0
128
232
0
0
127
233
0
0
128
234
0
0
128
235
0
0
128
236
0
0
128
237
0
0
128
238
0
0
127
239
0
0
127
240
0
0
127
241
0
0
128
242
0
0
128
243
0
0
128
244
0
0
128
245
0
0
127
246
0
0
127
247
0
0
128
248
0
0
127
249
0
0
128
250
0
0
127
251
0
0
127
252
0
0
127
253
0
0
127
254
0
0
127
255
0
0
127
0
0
0
127
1
0
0
127
2
0
0
128
3
0
0
128
4
0
0
128
5
0
0
127
6
0
0
127
7
0
0
127
8
0
0
127
9
0
0
127
10
0
0
127
11
0
0
127
12
0
0
127
13
0
0
127
14
0
0
127
15
0
0
127
16
0
0
127
17
0
0
127
18
0
0
127
19
0
0
127
20
0
0
127
21
0
0
127
22
0
0
127
23
0
0
128
24
0
0
127
25
0
0
128
26
0
0
128
27
0
0
127
28
0
0
127
29
0
0
127
30
0
0
127
31
0
0
127
32
0
0
127
33
0
0
127
34
0
0
127
35
0
0
127
36
0
0
127
37
0
0
127
38
0
0
127
39
0
0
127
40
0
0
127
41
0
0
127
42
0
0
127
43
0
0
127
44
0
0
127
45
0
0
127
46
0
0
128
47
0
0
128
48
0
0
127
49
0
0
127
50
0
0
127
51
0
0
127
52
0
0
127
53
0
0
127
54
0
0
127
55
0
0
127
56
0
0
127
57
0
0
127
58
0
0
127
59
0
0
127
60
0
0
128
61
0
0
127
62
0
0
127
63
0
0
127
64
0
0
128
65
0
0
127
66
0
0
127
67
0
0
127
68
0
0
127
69
0
0
127
70
0
0
127
71
0
0
128
72
0
0
128
73
0
0
128
74
0
0
127
75
0
0
128
76
0
0
128
77
0
0
128
78
0
0
127
79
0
0
127
80
0
0
127
81
0
0
127
82
0
0
127
83
0
0
127
84
0
0
127
85
0
0
127
86
0
0
128
87
0
0
128
88
0
0
128
89
0
0
127
90
0
0
128
91
0
0
128
92
0
0
127
93
0
0
127
94
0
0
127
95
0
0
127
96
0
0
128
97
0
0
127
98
0
0
127
99
0
0
127
100
0
0
128
101
0
0
128
102
0
0
128
103
0
0
128
104
0
0
128
105
0
0
128
106
0
0
127
107
0
0
127
108
0
0
127
109
0
0
127
110
0
0
128
111
0
0
128
112
0
0
127
113
0
0
127
114
0
0
127
115
0
0
127
116
0
0
127
117
0
0
127
118
0
0
127
119
0
0
127
120
0
0
127
121
0
0
127
122
0
0
127
123
0
0
127
124
0
0
127
125
0
0
127
126
0
0
128
127
0
0
128
128
0
0
127
129
0
0
127
130
0
0
127
131
0
0
127
132
0
0
127
133
0
0
128
134
0
0
128
135
0
0
127
136
0
0
127
137
0
0
127
138
0
0
128
139
0
0
128
140
0
0
127
141
0
0
127
142
0
0
128
143
0
0
127
144
0
0
127
145
0
0
127
146
0
0
127
147
0
0
127
148
0
0
127
149
0
0
127
150
0
0
127
151
0
0
127
152
0
0
127
153
0
0
127
154
0
0
127
155
0
0
127
156
0
0
127
157
0
0
127
158
0
0
127
159
0
0
128
160
0
0
127
161
0
0
128
162
0
0
128
163
0
0
127
164
0
0
127
165
0
0
127
166
0
0
127
167
0
0
127
168
0
0
127
169
0
0
127
170
0
0
128
171
0
0
127
172
0
0
128
173
0
0
127
174
0
0
127
175
0
0
127
176
0
0
128
177
0
0
127
178
0
0
127
179
0
0
127
180
0
0
127
181
0
0
127
182
0
0
128
183
0
0
128
184
0
0
128
185
0
0
127
186
0
0
127
187
0
0
127
188
0
0
128
189
0
0
128
190
0
0
128
191
0
0
128
192
0
0
128
193
0
0
128
194
0
0
127
195
0
0
127
196
0
0
127
197
0
0
128
198
0
0
127
199
0
0
127
200
0
0
128
201
0
0
128
202
0
0
128
203
0
0
129
204
0
0
129
205
0
0
129
206
0
0
130
207
0
0
131
208
0
0
131
209
0
0
131
210
0
0
131
211
0
0
131
212
0
0
130
213
0
0
129
214
0
0
128
215
0
0
127
216
0
0
127
217
0
0
127
218
0
0
128
219
0
0
128
220
0
0
127
221
0
0
128
222
0
0
128
223
0
0
128
224
0
0
127
225
0
0
128
226
0
0
128
227
0
0
127
228
0
0
127
229
0
0
128
230
0
0
128
231
0
0
128
232
0
0
128
233
0
0
128
234
0
0
127
235
0
0
127
236
0
0
128
237
0
0
128
238
0
0
128
239
0
0
127
240
0
0
127
241
0
0
127
242
0
0
128
243
0
0
127
244
0
0
127
245
0
0
127
246
0
0
128
247
0
0
127
248
0
0
127
249
0
0
127
250
0
0
127
251
0
0
127
252
0
0
127
253
0
0
127
254
0
0
127
255
0
0
127
0
0
0
127
1
0
0
127
2
0
0
127
3
0
0
127
4
0
0
128
5
0
0
128
6
0
0
128
7
0
0
128
8
0
0
127
9
0
0
127
10
0
0
128
11
0
0
128
12
0
0
127
13
0
0
127
14
0
0
127
15
0
0
128
16
0
0
127
17
0
0
127
18
0
0
127
19
0
0
127
20
0
0
127
21
0
0
127
22
0
0
128
23
0
0
127
24
0
0
127
25
0
0
127
26
0
0
127
27
0
0
127
28
0
0
128
29
0
0
127
30
0
0
127
31
0
0
127
32
0
0
127
33
0
0
127
34
0
0
127
35
0
0
127
36
0
0
127
37
0
0
127
38
0
0
128
39
0
0
127
40
0
0
127
41
0
0
127
42
0
0
127
43
0
0
127
44
0
0
127
45
0
0
127
46
0
0
127
47
0
0
127
48
0
0
127
49
0
0
127
50
0
0
127
51
0
0
127
52
0
0
127
53
0
0
127
54
0
0
127
55
0
0
127
56
0
0
127
57
0
0
127
58
0
0
127
59
0
0
127
60
0
0
127
61
0
0
127
62
0
0
127
63
0
0
127
64
0
0
127
65
0
0
127
66
0
0
127
67
0
0
127
68
0
0
128
69
0
0
127
70
0
0
128
71
0
0
128
72
0
0
127
73
0
0
127
74
0
0
128
75
0
0
127
76
0
0
127
77
0
0
128
78
0
0
128
79
0
0
128
80
0
0
128
81
0
0
128
82
0
0
128
83
0
0
128
84
0
0
127
85
0
0
127
86
0
0
127
87
0
0
127
88
0
0
127
89
0
0
127
90
0
0
127
91
0
0
128
92
0
0
129
93
0
0
130
94
0
0
130
95
0
0
130
96
0
0
130
97
0
0
130
98
0
0
129
99
0
0
128
100
0
0
127
101
0
0
127
102
0
0
127
103
0
0
127
104
0
0
127
105
0
0
127
106
0
0
128
107
0
0
128
108
0
0
128
109
0
0
128
110
0
0
128
111
0
0
127
112
0
0
127
113
0
0
127
114
0
0
127
115
0
0
127
116
0
0
127
117
0
0
127
118
0
0
127
119
0
0
127
120
0
0
127
121
0
0
127
122
0
0
127
123
0
0
127
124
0
0
127
125
0
0
127
126
0
0
127
127
0
0
127
128
0
0
127
129
0
0
128
130
0
0
128
131
0
0
128
132
0
0
127
133
0
0
127
134
0
0
127
135
0
0
127
136
0
0
127
137
0
0
127
138
0
0
127
139
0
0
127
140
0
0
127
141
0
0
127
142
0
0
127
143
0
0
127
144
0
0
127
145
0
0
128
146
0
0
127
147
0
0
127
148
0
0
127
149
0
0
128
150
0
0
127
151
0
0
128
152
0
0
127
153
0
0
127
154
0
0
127
155
0
0
128
156
0
0
127
157
0
0
127
158
0
0
127
159
0
0
128
160
0
0
127
161
0
0
127
162
0
0
127
163
0
0
127
164
0
0
127
165
0
0
127
166
0
0
127
167
0
0
128
168
0
0
127
169
0
0
127
170
0
0
127
171
0
0
127
172
0
0
128
173
0
0
128
174
0
0
128
175
0
0
128
176
0
0
128
177
0
0
127
178
0
0
128
179
0
0
127
180
0
0
127
181
0
0
127
182
0
0
127
183
0
0
127
184
0
0
127
185
0
0
127
186
0
0
127
187
0
0
127
188
0
0
127
189
0
0
127
190
0
0
127
191
0
0
127
192
0
0
127
193
0
0
127
194
0
0
127
195
0
0
128
196
0
0
127
197
0
0
127
198
0
0
128
199
0
0
128
200
0
0
127
201
0
0
127
202
0
0
128
203
0
0
127
204
0
0
127
205
0
0
127
206
0
0
128
207
0
0
128
208
0
0
128
209
0
0
128
210
0
0
127
211
0
0
127
212
0
0
127
213
0
0
127
214
0
0
127
215
0
0
127
216
0
0
127
217
0
0
127
218
0
0
127
219
0
0
127
220
0
0
127
221
0
0
128
222
0
0
128
223
0
0
128
224
0
0
128
225
0
0
128
226
0
0
128
227
0
0
127
228
0
0
127
229
0
0
127
230
0
0
127
231
0
0
127
232
0
0
128
233
0
0
127
234
0
0
127
235
0
0
128
236
0
0
128
237
0
0
127
238
0
0
127
239
0
0
127
240
0
0
128
241
0
0
128
242
0
0
129
243
0
0
129
244
0
0
128
245
0
0
127
246
0
0
128
247
0
0
128
248
0
0
127
249
0
0
127
250
0
0
127
251
0
0
128
252
0
0
127
253
0
0
127
254
0
0
127
255
0
0
128
0
0
0
127
1
0
0
128
2
0
0
127
3
0
0
127
4
0
0
127
5
0
0
128
6
0
0
127
7
0
0
128
8
0
0
128
9
0
0
127
10
0
0
127
11
0
0
127
12
0
0
127
13
0
0
128
14
0
0
128
15
0
0
127
16
0
0
128
17
0
0
127
18
0
0
127
19
0
0
128
20
0
0
128
21
0
0
128
22
0
0
127
23
0
0
128
24
0
0
127
25
0
0
127
26
0
0
127
27
0
0
127
28
0
0
127
29
0
0
127
30
0
0
127
31
0
0
127
32
0
0
127
33
0
0
127
34
0
0
127
35
0
0
127
36
0
0
127
37
0
0
128
38
0
0
128
39
0
0
127
40
0
0
127
41
0
0
127
42
0
0
127
43
0
0
127
44
0
0
127
45
0
0
127
46
0
0
127
47
0
0
127
48
0
0
127
49
0
0
127
50
0
0
128
51
0
0
129
52
0
0
129
53
0
0
128
54
0
0
128
55
0
0
128
56
0
0
128
57
0
0
128
58
0
0
127
59
0
0
127
60
0
0
127
61
0
0
127
62
0
0
127
63
0
0
127
64
0
0
127
65
0
0
127
66
0
0
127
67
0
0
127
68
0
0
127
69
0
0
127
70
0
0
127
71
0
0
127
72
0
0
127
73
0
0
127
74
0
0
127
75
0
0
127
76
0
0
128
77
0
0
128
78
0
0
127
79
0
0
128
80
0
0
127
81
0
0
127
82
0
0
127
83
0
0
127
84
0
0
127
85
0
0
127
86
0
0
127
87
0
0
127
88
0
0
127
89
0
0
127
90
0
0
127
91
0
0
128
92
0
0
127
93
0
0
127
94
0
0
127
95
0
0
127
96
0
0
127
97
0
0
128
98
0
0
127
99
0
0
127
100
0
0
127
101
0
0
127
102
0
0
127
103
0
0
127
104
0
0
128
105
0
0
127
106
0
0
128
107
0
0
127
108
0
0
127
109
0
0
127
110
0
0
127
111
0
0
127
112
0
0
127
113
0
0
127
114
0
0
127
115
0
0
127
116
0
0
128
117
0
0
127
118
0
0
127
119
0
0
127
120
0
0
128
121
0
0
127
122
0
0
127
123
0
0
127
124
0
0
127
125
0
0
127
126
0
0
127
127
0
0
127
128
0
0
127
129
0
0
127
130
0
0
127
131
0
0
127
132
0
0
127
133
0
0
127
134
0
0
127
135
0
0
127
136
0
0
127
137
0
0
127
138
0
0
127
139
0
0
127
140
0
0
127
141
0
0
127
142
0
0
128
143
0
0
128
144
0
0
127
145
0
0
127
146
0
0
127
147
0
0
127
148
0
0
127
149
0
0
127
150
0
0
127
151
0
0
128
152
0
0
128
153
0
0
127
154
0
0
127
155
0
0
128
156
0
0
128
157
0
0
127
158
0
0
128
159
0
0
128
160
0
0
128
161
0
0
128
162
0
0
128
163
0
0
128
164
0
0
128
165
0
0
127
166
0
0
127
167
0
0
128
168
0
0
128
169
0
0
128
170
0
0
128
171
0
0
127
172
0
0
127
173
0
0
127
174
0
0
128
175
0
0
127
176
0
0
127
177
0
0
127
178
0
0
127
179
0
0
127
180
0
0
127
181
0
0
127
182
0
0
127
183
0
0
127
184
0
0
127
185
0
0
127
186
0
0
127
187
0
0
127
188
0
0
127
189
0
0
127
190
0
0
127
191
0
0
127
192
0
0
127
193
0
0
127
194
0
0
127
195
0
0
128
196
0
0
127
197
0
0
127
198
0
0
127
199
0
0
128
200
0
0
127
201
0
0
128
202
0
0
127
203
0
0
127
204
0
0
127
205
0
0
128
206
0
0
128
207
0
0
127
208
0
0
127
209
0
0
127
210
0
0
127
211
0
0
128
212
0
0
127
213
0
0
127
214
0
0
128
215
0
0
127
216
0
0
127
217
0
0
128
218
0
0
127
219
0
0
127
220
0
0
127
221
0
0
127
222
0
0
127
223
0
0
127
224
0
0
127
225
0
0
127
226
0
0
127
227
0
0
127
228
0
0
127
229
0
0
127
230
0
0
127
231
0
0
127
232
0
0
127
233
0
0
127
234
0
0
127
235
0
0
127
236
0
0
127
237
0
0
127
238
0
0
127
239
0
0
127
240
0
0
127
241
0
0
127
242
0
0
127
243
0
0
127
244
0
0
127
245
0
0
127
246
0
0
127
247
0
0
128
248
0
0
127
249
0
0
127
250
0
0
127
251
0
0
127
252
0
0
128
253
0
0
128
254
0
0
127
255
0
0
128
0
0
0
128
1
0
0
128
2
0
0
127
3
0
0
127
4
0
0
128
5
0
0
128
6
0
0
128
7
0
0
127
8
0
0
127
9
0
0
127
10
0
0
127
11
0
0
127
12
0
0
127
13
0
0
127
14
0
0
127
15
0
0
127
16
0
0
127
17
0
0
127
18
0
0
127
19
0
0
128
20
0
0
127
21
0
0
127
22
0
0
127
23
0
0
127
24
0
0
127
25
0
0
128
26
0
0
128
27
0
0
128
28
0
0
127
29
0
0
128
30
0
0
127
31
0
0
127
32
0
0
127
33
0
0
127
34
0
0
127
35
0
0
127
36
0
0
127
37
0
0
127
38
0
0
127
39
0
0
127
40
0
0
127
41
0
0
127
42
0
0
127
43
0
0
127
44
0
0
127
45
0
0
128
46
0
0
127
47
0
0
127
48
0
0
127
49
0
0
127
50
0
0
127
51
0
0
127
52
0
0
127
53
0
0
127
54
0
0
127
55
0
0
127
56
0
0
127
57
0
0
127
58
0
0
127
59
0
0
127
60
0
0
127
61
0
0
127
62
0
0
127
63
0
0
127
64
0
0
127
65
0
0
127
66
0
0
127
67
0
0
127
68
0
0
127
69
0
0
127
70
0
0
127
71
0
0
127
72
0
0
127
73
0
0
127
74
0
0
127
75
0
0
127
76
0
0
127
77
0
0
127
78
0
0
127
79
0
0
127
80
0
0
127
81
0
0
127
82
0
0
127
83
0
0
127
84
0
0
127
85
0
0
127
86
0
0
127
87
0
0
127
88
0
0
127
89
0
0
127
90
0
0
127
91
0
0
127
92
0
0
127
93
0
0
128
94
0
0
128
95
0
0
127
96
0
0
127
97
0
0
127
98
0
0
128
99
0
0
127
100
0
0
127
101
0
0
127
102
0
0
128
103
0
0
127
104
0
0
127
105
0
0
127
106
0
0
127
107
0
0
127
108
0
0
127
109
0
0
127
110
0
0
127
111
0
0
127
112
0
0
128
113
0
0
127
114
0
0
127
115
0
0
127
116
0
0
127
117
0
0
127
118
0
0
127
119
0
0
127
120
0
0
127
121
0
0
127
122
0
0
127
123
0
0
127
124
0
0
127
125
0
0
127
126
0
0
127
127
0
0
127
128
0
0
127
129
0
0
127
130
0
0
127
131
0
0
127
132
0
0
127
133
0
0
127
134
0
0
127
135
0
0
127
136
0
0
127
137
0
0
127
138
0
0
127
139
0
0
127
140
0
0
127
141
0
0
127
142
0
0
127
143
0
0
127
144
0
0
128
145
0
0
127
146
0
0
127
147
0
0
127
148
0
0
127
149
0
0
127
150
0
0
128
151
0
0
128
152
0
0
128
153
0
0
128
154
0
0
127
155
0
0
127
156
0
0
127
157
0
0
127
158
0
0
127
159
0
0
127
160
0
0
127
161
0
0
127
162
0
0
127
163
0
0
127
164
0
0
127
165
0
0
127
166
0
0
127
167
0
0
127
168
0
0
127
169
0
0
127
170
0
0
127
171
0
0
127
172
0
0
127
173
0
0
127
174
0
0
127
175
0
0
127
176
0
0
127
177
0
0
127
178
0
0
127
179
0
0
127
180
0
0
127
181
0
0
127
182
0
0
127
183
0
0
127
184
0
0
127
185
0
0
127
186
0
0
127
187
0
0
127
188
0
0
127
189
0
0
127
190
0
0
127
191
0
0
127
192
0
0
127
193
0
0
127
194
0
0
127
195
0
0
127
196
0
0
127
197
0
0
127
198
0
0
127
199
0
0
127
200
0
0
127
201
0
0
127
202
0
0
127
203
0
0
127
204
0
0
127
205
0
0
127
206
0
0
127
207
0
0
127
208
0
0
127
209
0
0
127
210
0
0
128
211
0
0
127
212
0
0
127
213
0
0
128
214
0
0
127
215
0
0
127
216
0
0
127
217
0
0
127
218
0
0
127
219
0
0
127
220
0
0
127
221
0
0
127
222
0
0
127
223
0
0
127
224
0
0
127
225
0
0
127
226
0
0
127
227
0
0
127
228
0
0
128
229
0
0
128
230
0
0
127
231
0
0
127
232
0
0
127
233
0
0
127
234
0
0
127
235
0
0
127
236
0
0
127
237
0
0
127
238
0
0
127
239
0
0
127
240
0
0
127
241
0
0
127
242
0
0
127
243
0
0
127
244
0
0
127
245
0
0
128
246
0
0
127
247
0
0
127
248
0
0
127
249
0
0
127
250
0
0
127
251
0
0
127
252
0
0
127
253
0
0
127
254
0
0
127
255
0
0
127
0
0
0
127
1
0
0
127
2
0
0
127
3
0
0
128
4
0
0
128
5
0
0
128
6
0
0
128
7
0
0
127
8
0
0
127
9
0
0
127
10
0
0
127
11
0
0
127
12
0
0
127
13
0
0
127
14
0
0
127
15
0
0
127
16
0
0
127
17
0
0
127
18
0
0
127
19
0
0
127
20
0
0
127
21
0
0
127
22
0
0
127
23
0
0
127
24
0
0
127
25
0
0
127
26
0
0
127
27
0
0
127
28
0
0
127
29
0
0
127
30
0
0
127
31
0
0
127
32
0
0
127
33
0
0
127
34
0
0
127
35
0
0
127
36
0
0
127
37
0
0
127
38
0
0
127
39
0
0
127
40
0
0
127
41
0
0
127
42
0
0
127
43
0
0
127
44
0
0
127
45
0
0
127
46
0
0
127
47
0
0
127
48
0
0
127
49
0
0
127
50
0
0
127
51
0
0
127
52
0
0
127
53
0
0
127
54
0
0
127
55
0
0
127
56
0
0
127
57
0
0
127
58
0
0
128
59
0
0
128
60
0
0
127
61
0
0
127
62
0
0
127
63
0
0
127
64
0
0
127
65
0
0
128
66
0
0
127
67
0
0
127
68
0
0
127
69
0
0
127
70
0
0
127
71
0
0
127
72
0
0
128
73
0
0
128
74
0
0
127
75
0
0
128
76
0
0
127
77
0
0
128
78
0
0
127
79
0
0
128
80
0
0
127
81
0
0
128
82
0
0
128
83
0
0
127
84
0
0
127
85
0
0
127
86
0
0
127
87
0
0
127
88
0
0
127
89
0
0
127
90
0
0
127
91
0
0
127
92
0
0
127
93
0
0
127
94
0
0
127
95
0
0
127
96
0
0
127
97
0
0
127
98
0
0
127
99
0
0
127
100
0
0
127
101
0
0
127
102
0
0
127
103
0
0
127
104
0
0
127
105
0
0
127
106
0
0
127
107
0
0
127
108
0
0
127
109
0
0
128
110
0
0
128
111
0
0
127
112
0
0
127
113
0
0
127
114
0
0
127
115
0
0
127
116
0
0
127
117
0
0
127
118
0
0
127
119
0
0
127
120
0
0
127
121
0
0
127
122
0
0
127
123
0
0
127
124
0
0
127
125
0
0
127
126
0
0
127
127
0
0
127
128
0
0
127
129
0
0
127
130
0
0
127
131
0
0
127
132
0
0
127
133
0
0
127
134
0
0
127
135
0
0
127
136
0
0
127
137
0
0
127
138
0
0
127
139
0
0
127
140
0
0
127
141
0
0
127
142
0
0
127
143
0
0
127
144
0
0
127
145
0
0
127
146
0
0
127
147
0
0
127
148
0
0
127
149
0
0
127
150
0
0
127
151
0
0
127
152
0
0
127
153
0
0
127
154
0
0
127
155
0
0
127
156
0
0
127
157
0
0
127
158
0
0
127
159
0
0
127
160
0
0
127
161
0
0
127
162
0
0
127
163
0
0
127
164
0
0
127
165
0
0
127
166
0
0
127
167
0
0
127
168
0
0
127
169
0
0
127
170
0
0
127
171
0
0
127
172
0
0
127
173
0
0
127
174
0
0
127
175
0
0
127
176
0
0
127
177
0
0
127
178
0
0
127
179
0
0
127
180
0
0
127
181
0
0
127
182
0
0
127
183
0
0
127
184
0
0
127
185
0
0
127
186
0
0
127
187
0
0
127
188
0
0
127
189
0
0
127
190
0
0
127
191
0
0
127
192
0
0
127
193
0
0
127
194
0
0
128
195
0
0
127
196
0
0
127
197
0
0
127
198
0
0
127
199
0
0
127
200
0
0
128
201
0
0
127
202
0
0
127
203
0
0
127
204
0
0
127
205
0
0
127
206
0
0
127
207
0
0
127
208
0
0
127
209
0
0
127
210
0
0
127
211
0
0
127
212
0
0
128
213
0
0
128
214
0
0
128
215
0
0
128
216
0
0
127
217
0
0
127
218
0
0
127
219
0
0
127
220
0
0
127
221
0
0
128
222
0
0
128
223
0
0
128
224
0
0
127
225
0
0
128
226
0
0
127
227
0
0
128
228
0
0
128
229
0
0
128
230
0
0
128
231
0
0
128
232
0
0
128
233
0
0
128
234
0
0
128
235
0
0
128
236
0
0
128
237
0
0
128
238
0
0
128
239
0
0
127
240
0
0
128
241
0
0
127
242
0
0
128
243
0
0
127
244
0
0
128
245
0
0
127
246
0
0
127
247
0
0
128
248
0
0
127
249
0
0
127
250
0
0
127
251
0
0
127
252
0
0
127
253
0
0
127
254
0
0
127
255
0
0
128
0
0
0
127
1
0
0
127
2
0
0
127
3
0
0
128
4
0
0
127
5
0
0
128
6
0
0
128
7
0
0
128
8
0
0
128
9
0
0
127
10
0
0
128
11
0
0
127
12
0
0
127
13
0
0
127
14
0
0
128
15
0
0
127
16
0
0
127
17
0
0
127
18
0
0
127
19
0
0
127
20
0
0
127
21
0
0
127
22
0
0
127
23
0
0
127
24
0
0
127
25
0
0
127
26
0
0
127
27
0
0
128
28
0
0
128
29
0
0
127
30
0
0
127
31
0
0
127
32
0
0
127
33
0
0
128
34
0
0
128
35
0
0
127
36
0
0
127
37
0
0
127
38
0
0
127
39
0
0
127
40
0
0
127
41
0
0
127
42
0
0
127
43
0
0
127
44
0
0
127
45
0
0
127
46
0
0
127
47
0
0
127
48
0
0
127
49
0
0
127
50
0
0
127
51
0
0
127
52
0
0
127
53
0
0
127
54
0
0
127
55
0
0
127
56
0
0
127
57
0
0
127
58
0
0
127
59
0
0
127
60
0
0
127
61
0
0
127
62
0
0
127
63
0
0
127
64
0
0
127
65
0
0
127
66
0
0
127
67
0
0
127
68
0
0
127
69
0
0
127
70
0
0
127
71
0
0
127
72
0
0
127
73
0
0
127
74
0
0
127
75
0
0
127
76
0
0
127
77
0
0
127
78
0
0
128
79
0
0
127
80
0
0
128
81
0
0
127
82
0
0
127
83
0
0
127
84
0
0
128
85
0
0
128
86
0
0
127
87
0
0
127
88
0
0
127
89
0
0
127
90
0
0
127
91
0
0
127
92
0
0
127
93
0
0
127
94
0
0
127
95
0
0
127
96
0
0
127
97
0
0
127
98
0
0
127
99
0
0
127
100
0
0
128
101
0
0
127
102
0
0
127
103
0
0
127
104
0
0
127
105
0
0
127
106
0
0
127
107
0
0
127
108
0
0
127
109
0
0
127
110
0
0
127
111
0
0
127
112
0
0
128
113
0
0
128
114
0
0
127
115
0
0
128
116
0
0
127
117
0
0
127
118
0
0
127
119
0
0
127
120
0
0
127
121
0
0
127
122
0
0
127
123
0
0
127
124
0
0
127
125
0
0
127
126
0
0
127
127
0
0
127
128
0
0
127
129
0
0
127
130
0
0
127
131
0
0
127
132
0
0
127
133
0
0
127
134
0
0
127
135
0
0
127
136
0
0
127
137
0
0
127
138
0
0
127
139
0
0
127
140
0
0
127
141
0
0
127
142
0
0
127
143
0
0
127
144
0
0
127
145
0
0
127
146
0
0
127
147
0
0
127
148
0
0
127
149
0
0
127
150
0
0
127
151
0
0
127
152
0
0
128
153
0
0
127
154
0
0
127
155
0
0
127
156
0
0
127
157
0
0
127
158
0
0
127
159
0
0
127
160
0
0
127
161
0
0
127
162
0
0
127
163
0
0
127
164
0
0
128
165
0
0
128
166
0
0
127
167
0
0
127
168
0
0
127
169
0
0
127
170
0
0
127
171
0
0
127
172
0
0
127
173
0
0
127
174
0
0
127
175
0
0
128
176
0
0
128
177
0
0
128
178
0
0
128
179
0
0
128
180
0
0
127
181
0
0
127
182
0
0
127
183
0
0
127
184
0
0
127
185
0
0
127
186
0
0
127
187
0
0
127
188
0
0
127
189
0
0
127
190
0
0
127
191
0
0
127
192
0
0
127
193
0
0
127
194
0
0
127
195
0
0
127
196
0
0
127
197
0
0
127
198
0
0
127
199
0
0
127
200
0
0
127
201
0
0
127
202
0
0
127
203
0
0
127
204
0
0
127
205
0
0
127
206
0
0
127
207
0
0
127
208
0
0
127
209
0
0
127
210
0
0
127
211
0
0
128
212
0
0
127
213
0
0
127
214
0
0
127
215
0
0
127
216
0
0
127
217
0
0
127
218
0
0
128
219
0
0
127
220
0
0
128
221
0
0
128
222
0
0
127
223
0
0
127
224
0
0
127
225
0
0
127
226
0
0
127
227
0
0
127
228
0
0
127
229
0
0
127
230
0
0
127
231
0
0
127
232
0
0
127
233
0
0
127
234
0
0
127
235
0
0
127
236
0
0
127
237
0
0
127
238
0
0
127
239
0
0
127
240
0
0
127
241
0
0
127
242
0
0
127
243
0
0
127
244
0
0
128
245
0
0
127
246
0
0
127
247
0
0
127
248
0
0
127
249
0
0
127
250
0
0
127
251
0
0
127
252
0
0
127
253
0
0
127
254
0
0
128
255
0
0
127
0
0
0
127
1
0
0
127
2
0
0
127
3
0
0
127
4
0
0
127
5
0
0
127
6
0
0
127
7
0
0
127
8
0
0
127
9
0
0
127
10
0
0
127
11
0
0
127
12
0
0
127
13
0
0
127
14
0
0
127
15
0
0
127
16
0
0
127
17
0
0
127
18
0
0
127
19
0
0
127
20
0
0
127
21
0
0
127
22
0
0
127
23
0
0
127
24
0
0
127
25
0
0
127
26
0
0
128
27
0
0
127
28
0
0
127
29
0
0
127
30
0
0
127
31
0
0
128
32
0
0
127
33
0
0
127
34
0
0
127
35
0
0
127
36
0
0
127
37
0
0
127
38
0
0
127
39
0
0
127
40
0
0
127
41
0
0
127
42
0
0
127
43
0
0
127
44
0
0
127
45
0
0
127
46
0
0
127
47
0
0
127
48
0
0
127
49
0
0
127
50
0
0
127
51
0
0
127
52
0
0
127
53
0
0
127
54
0
0
127
55
0
0
128
56
0
0
127
57
0
0
127
58
0
0
127
59
0
0
127
60
0
0
127
61
0
0
127
62
0
0
127
63
0
0
127
64
0
0
127
65
0
0
127
66
0
0
127
67
0
0
127
68
0
0
127
69
0
0
127
70
0
0
127
71
0
0
127
72
0
0
127
73
0
0
127
74
0
0
128
75
0
0
127
76
0
0
127
77
0
0
127
78
0
0
127
79
0
0
127
80
0
0
127
81
0
0
127
82
0
0
127
83
0
0
127
84
0
0
127
85
0
0
127
86
0
0
127
87
0
0
127
88
0
0
127
89
0
0
127
90
0
0
127
91
0
0
127
92
0
0
127
93
0
0
127
94
0
0
127
95
0
0
127
96
0
0
127
97
0
0
127
98
0
0
128
99
0
0
128
100
0
0
127
101
0
0
127
102
0
0
127
103
0
0
127
104
0
0
127
105
0
0
127
106
0
0
127
107
0
0
127
108
0
0
127
109
0
0
127
110
0
0
127
111
0
0
127
112
0
0
127
113
0
0
127
114
0
0
127
115
0
0
127
116
0
0
127
117
0
0
127
118
0
0
127
119
0
0
127
120
0
0
127
121
0
0
127
122
0
0
127
123
0
0
127
124
0
0
127
125
0
0
127
126
0
0
127
127
0
0
127
128
0
0
127
129
0
0
127
130
0
0
127
131
0
0
127
132
0
0
127
133
0
0
127
134
0
0
127
135
0
0
127
136
0
0
127
137
0
0
127
138
0
0
127
139
0
0
127
140
0
0
127
141
0
0
127
142
0
0
127
143
0
0
127
144
0
0
127
145
0
0
127
146
0
0
127
147
0
0
127
148
0
0
127
149
0
0
127
150
0
0
127
151
0
0
127
152
0
0
127
153
0
0
127
154
0
0
127
155
0
0
127
156
0
0
127
157
0
0
127
158
0
0
127
159
0
0
127
160
0
0
127
161
0
0
127
162
0
0
127
163
0
0
127
164
0
0
127
165
0
0
127
166
0
0
127
167
0
0
127
168
0
0
127
169
0
0
127
170
0
0
127
171
0
0
127
172
0
0
127
173
0
0
127
174
0
0
127
175
0
0
128
176
0
0
128
177
0
0
127
178
0
0
127
179
0
0
127
180
0
0
127
181
0
0
127
182
0
0
127
183
0
0
127
184
0
0
127
185
0
0
127
186
0
0
127
187
0
0
127
188
0
0
127
189
0
0
127
190
0
0
127
191
0
0
127
192
0
0
127
193
0
0
127
194
0
0
127
195
0
0
127
196
0
0
127
197
0
0
127
198
0
0
127
199
0
0
127
200
0
0
127
201
0
0
127
202
0
0
127
203
0
0
128
204
0
0
128
205
0
0
127
206
0
0
127
207
0
0
127
208
0
0
128
209
0
0
128
210
0
0
127
211
0
0
127
212
0
0
127
213
0
0
127
214
0
0
127
215
0
0
127
216
0
0
127
217
0
0
127
218
0
0
127
219
0
0
127
220
0
0
127
221
0
0
127
222
0
0
127
223
0
0
127
224
0
0
127
225
0
0
127
226
0
0
127
227
0
0
127
228
0
0
128
229
0
0
128
230
0
0
127
231
0
0
128
232
0
0
127
233
0
0
127
234
0
0
127
235
0
0
127
236
0
0
127
237
0
0
127
238
0
0
127
239
0
0
127
240
0
0
127
241
0
0
127
242
0
0
127
243
0
0
127
244
0
0
127
245
0
0
127
246
0
0
127
247
0
0
127
248
0
0
127
249
0
0
127
250
0
0
127
251
0
0
127
252
0
0
127
253
0
0
127
254
0
0
127
255
0
0
127
0
0
0
127
1
0
0
127
2
0
0
127
3
0
0
127
4
0
0
127
5
0
0
127
6
0
0
127
7
0
0
127
8
0
0
127
9
0
0
127
10
0
0
127
11
0
0
128
12
0
0
128
13
0
0
128
14
0
0
127
15
0
0
127
16
0
0
127
17
0
0
127
18
0
0
127
19
0
0
127
20
0
0
127
21
0
0
127
22
0
0
127
23
0
0
127
24
0
0
127
25
0
0
127
26
0
0
127
27
0
0
127
28
0
0
127
29
0
0
127
30
0
0
127
31
0
0
127
32
0
0
127
33
0
0
127
34
0
0
127
35
0
0
127
36
0
0
127
37
0
0
128
38
0
0
127
39
0
0
128
40
0
0
128
41
0
0
128
42
0
0
128
43
0
0
128
44
0
0
128
45
0
0
128
46
0
0
127
47
0
0
128
48
0
0
127
49
0
0
128
50
0
0
127
51
0
0
127
52
0
0
127
53
0
0
127
54
0
0
127
55
0
0
127
56
0
0
127
57
0
0
127
58
0
0
127
59
0
0
127
60
0
0
127
61
0
0
127
62
0
0
127
63
0
0
127
64
0
0
127
65
0
0
127
66
0
0
127
67
0
0
127
68
0
0
127
69
0
0
127
70
0
0
127
71
0
0
127
72
0
0
127
73
0
0
127
74
0
0
127
75
0
0
127
76
0
0
127
77
0
0
127
78
0
0
127
79
0
0
127
80
0
0
127
81
0
0
128
82
0
0
127
83
0
0
127
84
0
0
127
85
0
0
127
86
0
0
127
87
0
0
127
88
0
0
127
89
0
0
127
90
0
0
127
91
0
0
127
92
0
0
128
93
0
0
127
94
0
0
127
95
0
0
127
96
0
0
128
97
0
0
127
98
0
0
128
99
0
0
127
100
0
0
127
101
0
0
127
102
0
0
127
103
0
0
127
104
0
0
127
105
0
0
127
106
0
0
127
107
0
0
127
108
0
0
127
109
0
0
128
110
0
0
127
111
0
0
127
112
0
0
127
113
0
0
127
114
0
0
127
115
0
0
127
116
0
0
127
117
0
0
127
118
0
0
127
119
0
0
127
120
0
0
127
121
0
0
127
122
0
0
127
123
0
0
127
124
0
0
127
125
0
0
127
126
0
0
127
127
0
0
127
128
0
0
127
129
0
0
127
130
0
0
127
131
0
0
127
132
0
0
127
133
0
0
127
134
0
0
127
135
0
0
127
136
0
0
127
137
0
0
127
138
0
0
127
139
0
0
127
140
0
0
127
141
0
0
127
142
0
0
127
143
0
0
127
144
0
0
127
145
0
0
127
146
0
0
127
147
0
0
127
148
0
0
127
149
0
0
127
150
0
0
127
151
0
0
128
152
0
0
127
153
0
0
127
154
0
0
127
155
0
0
127
156
0
0
127
157
0
0
127
158
0
0
127
159
0
0
127
160
0
0
127
161
0
0
127
162
0
0
127
163
0
0
127
164
0
0
127
165
0
0
127
166
0
0
127
167
0
0
127
168
0
0
127
169
0
0
127
170
0
0
128
171
0
0
127
172
0
0
127
173
0
0
128
174
0
0
127
175
0
0
128
176
0
0
127
177
0
0
128
178
0
0
128
179
0
0
127
180
0
0
127
181
0
0
127
182
0
0
127
183
0
0
127
184
0
0
127
185
0
0
127
186
0
0
127
187
0
0
127
188
0
0
127
189
0
0
127
190
0
0
127
191
0
0
127
192
0
0
127
193
0
0
127
194
0
0
127
195
0
0
127
196
0
0
127
197
0
0
127
198
0
0
127
199
0
0
127
200
0
0
127
201
0
0
127
202
0
0
127
203
0
0
127
204
0
0
127
205
0
0
127
206
0
0
127
207
0
0
127
208
0
0
127
209
0
0
127
210
0
0
127
211
0
0
127
212
0
0
127
213
0
0
127
214
0
0
127
215
0
0
127
216
0
0
127
217
0
0
127
218
0
0
127
219
0
0
127
220
0
0
127
221
0
0
127
222
0
0
127
223
0
0
127
224
0
0
127
225
0
0
127
226
0
0
127
227
0
0
127
228
0
0
127
229
0
0
127
230
0
0
127
231
0
0
127
232
0
0
128
233
0
0
127
234
0
0
127
235
0
0
128
236
0
0
127
237
0
0
127
238
0
0
127
239
0
0
127
240
0
0
127
241
0
0
127
242
0
0
127
243
0
0
127
244
0
0
127
245
0
0
127
246
0
0
127
247
0
0
127
248
0
0
127
249
0
0
127
250
0
0
127
251
0
0
127
252
0
0
127
253
0
0
127
254
0
0
127
255
0
0
127
0
0
0
127
1
0
0
127
2
0
0
127
3
0
0
127
4
0
0
127
5
0
0
127
6
0
0
127
7
0
0
127
8
0
0
127
9
0
0
127
10
0
0
128
11
0
0
127
12
0
0
127
13
0
0
127
14
0
0
127
15
0
0
127
16
0
0
127
17
0
0
127
18
0
0
127
19
0
0
127
20
0
0
127
21
0
0
127
22
0
0
127
23
0
0
127
24
0
0
127
25
0
0
127
26
0
0
127
27
0
0
127
28
0
0
127
29
0
0
127
30
0
0
127
31
0
0
127
32
0
0
127
33
0
0
127
34
0
0
127
35
0
0
127
36
0
0
127
37
0
0
127
38
0
0
127
39
0
0
127
40
0
0
127
41
0
0
127
42
0
0
127
43
0
0
127
44
0
0
127
45
0
0
127
46
0
0
127
47
0
0
127
48
0
0
127
49
0
0
127
50
0
0
127
51
0
0
127
52
0
0
127
53
0
0
127
54
0
0
127
55
0
0
127
56
0
0
127
57
0
0
127
58
0
0
128
59
0
0
127
60
0
0
127
61
0
0
127
62
0
0
127
63
0
0
127
64
0
0
127
65
0
0
127
66
0
0
127
67
0
0
127
68
0
0
127
69
0
0
127
70
0
0
127
71
0
0
127
72
0
0
127
73
0
0
127
74
0
0
127
75
0
0
127
76
0
0
127
77
0
0
127
78
0
0
127
79
0
0
127
80
0
0
127
81
0
0
127
82
0
0
127
83
0
0
127
84
0
0
127
85
0
0
127
86
0
0
127
87
0
0
127
88
0
0
127
89
0
0
127
90
0
0
127
91
0
0
127
92
0
0
127
93
0
0
127
94
0
0
127
95
0
0
127
96
0
0
127
97
0
0
127
98
0
0
127
99
0
0
127
100
0
0
127
101
0
0
127
102
0
0
127
103
0
0
127
104
0
0
127
105
0
0
127
106
0
0
127
107
0
0
127
108
0
0
127
109
0
0
127
110
0
0
127
111
0
0
127
112
0
0
127
113
0
0
127
114
0
0
127
115
0
0
127
116
0
0
127
117
0
0
127
118
0
0
127
119
0
0
127
120
0
0
127
121
0
0
127
122
0
0
127
123
0
0
127
124
0
0
127
125
0
0
127
126
0
0
127
127
0
0
127
128
0
0
127
129
0
0
127
130
0
0
127
131
0
0
127
132
0
0
127
133
0
0
127
134
0
0
127
135
0
0
127
136
0
0
127
137
0
0
127
138
0
0
127
139
0
0
127
140
0
0
127
141
0
0
127
142
0
0
127
143
0
0
127
144
0
0
127
145
0
0
127
146
0
0
127
147
0
0
127
148
0
0
127
149
0
0
127
150
0
0
127
151
0
0
127
152
0
0
127
153
0
0
127
154
0
0
127
155
0
0
127
156
0
0
127
157
0
0
127
158
0
0
127
159
0
0
127
160
0
0
127
161
0
0
127
162
0
0
127
163
0
0
127
164
0
0
127
165
0
0
127
166
0
0
127
167
0
0
127
168
0
0
127
169
0
0
127
170
0
0
127
171
0
0
127
172
0
0
127
173
0
0
127
174
0
0
127
175
0
0
127
176
0
0
127
177
0
0
127
178
0
0
127
179
0
0
127
180
0
0
127
181
0
0
127
182
0
0
127
183
0
0
128
184
0
0
128
185
0
0
127
186
0
0
127
187
0
0
127
188
0
0
128
189
0
0
127
190
0
0
127
191
0
0
127
192
0
0
127
193
0
0
127
194
0
0
127
195
0
0
127
196
0
0
127
197
0
0
127
198
0
0
128
199
0
0
127
200
0
0
127
201
0
0
127
202
0
0
127
203
0
0
128
204
0
0
127
205
0
0
127
206
0
0
127
207
0
0
127
208
0
0
127
209
0
0
127
210
0
0
127
211
0
0
127
212
0
0
127
213
0
0
127
214
0
0
127
215
0
0
127
216
0
0
127
217
0
0
127
218
0
0
127
219
0
0
127
220
0
0
127
221
0
0
127
222
0
0
127
223
0
0
127
224
0
0
127
225
0
0
127
226
0
0
127
227
0
0
127
228
0
0
127
229
0
0
127
230
0
0
127
231
0
0
127
232
0
0
127
233
0
0
127
234
0
0
127
235
0
0
127
236
0
0
127
237
0
0
127
238
0
0
127
239
0
0
127
240
0
0
127
241
0
0
127
242
0
0
127
243
0
0
127
244
0
0
127
245
0
0
127
246
0
0
127
247
0
0
127
248
0
0
127
249
0
0
127
250
0
0
127
251
0
0
127
252
0
0
127
253
0
0
127
254
0
0
127
255
0
0
127
0
0
0
127
1
0
0
127
2
0
0
127
3
0
0
127
4
0
0
127
5
0
0
127
6
0
0
127
7
0
0
127
8
0
0
127
9
0
0
127
10
0
0
127
11
0
0
127
12
0
0
127
13
0
0
127
14
0
0
127
15
0
0
127
16
0
0
127
17
0
0
127
18
0
0
127
19
0
0
127
20
0
0
127
21
0
0
127
22
0
0
127
23
0
0
128
24
0
0
127
25
0
0
128
26
0
0
127
27
0
0
128
28
0
0
127
29
0
0
127
30
0
0
127
31
0
0
128
32
0
0
127
33
0
0
128
34
0
0
127
35
0
0
127
36
0
0
128
37
0
0
127
38
0
0
128
39
0
0
128
40
0
0
127
41
0
0
128
42
0
0
127
43
0
0
127
44
0
0
127
45
0
0
127
46
0
0
127
47
0
0
127
48
0
0
127
49
0
0
127
50
0
0
127
51
0
0
127
52
0
0
127
53
0
0
127
54
0
0
127
55
0
0
127
56
0
0
127
57
0
0
128
58
0
0
128
59
0
0
127
60
0
0
127
61
0
0
127
62
0
0
127
63
0
0
127
64
0
0
127
65
0
0
127
66
0
0
127
67
0
0
127
68
0
0
127
69
0
0
127
70
0
0
127
71
0
0
127
72
0
0
127
73
0
0
127
74
0
0
127
75
0
0
127
76
0
0
127
77
0
0
127
78
0
0
127
79
0
0
127
80
0
0
127
81
0
0
127
82
0
0
127
83
0
0
127
84
0
0
127
85
0
0
127
86
0
0
127
87
0
0
127
88
0
0
127
89
0
0
127
90
0
0
127
91
0
0
127
92
0
0
127
93
0
0
127
94
0
0
127
95
0
0
127
96
0
0
127
97
0
0
127
98
0
0
127
99
0
0
127
100
0
0
127
101
0
0
127
102
0
0
127
103
0
0
127
104
0
0
127
105
0
0
127
106
0
0
127
107
0
0
128
108
0
0
127
109
0
0
128
110
0
0
127
111
0
0
128
112
0
0
128
113
0
0
127
114
0
0
127
115
0
0
128
116
0
0
128
117
0
0
127
118
0
0
128
119
0
0
128
120
0
0
127
121
0
0
127
122
0
0
127
123
0
0
127
124
0
0
127
125
0
0
127
126
0
0
127
127
0
0
127
128
0
0
127
129
0
0
127
130
0
0
127
131
0
0
128
132
0
0
127
133
0
0
127
134
0
0
127
135
0
0
127
136
0
0
127
137
0
0
127
138
0
0
127
139
0
0
127
140
0
0
127
141
0
0
127
142
0
0
127
143
0
0
127
144
0
0
127
145
0
0
127
146
0
0
127
147
0
0
127
148
0
0
127
149
0
0
127
150
0
0
127
151
0
0
127
152
0
0
127
153
0
0
127
154
0
0
127
155
0
0
127
156
0
0
127
157
0
0
127
158
0
0
127
159
0
0
127
160
0
0
127
161
0
0
127
162
0
0
127
163
0
0
127
164
0
0
128
165
0
0
127
166
0
0
127
167
0
0
127
168
0
0
127
169
0
0
127
170
0
0
127
171
0
0
127
172
0
0
127
173
0
0
127
174
0
0
127
175
0
0
127
176
0
0
127
177
0
0
127
178
0
0
127
179
0
0
127
180
0
0
127
181
0
0
127
182
0
0
127
183
0
0
127
184
0
0
127
185
0
0
127
186
0
0
127
187
0
0
127
188
0
0
127
189
0
0
127
190
0
0
127
191
0
0
127
192
0
0
127
193
0
0
127
194
0
0
127
195
0
0
127
196
0
0
127
197
0
0
127
198
0
0
127
199
0
0
127
200
0
0
127
201
0
0
127
202
0
0
127
203
0
0
127
204
0
0
127
205
0
0
127
206
0
0
127
207
0
0
127
208
0
0
127
209
0
0
127
210
0
0
127
211
0
0
127
212
0
0
127
213
0
0
127
214
0
0
127
215
0
0
127
216
0
0
127
217
0
0
127
218
0
0
127
219
0
0
127
220
0
0
127
221
0
0
127
222
0
0
127
223
0
0
127
224
0
0
128
225
0
0
127
226
0
0
128
227
0
0
127
228
0
0
127
229
0
0
127
230
0
0
127
231
0
0
127
232
0
0
127
233
0
0
127
234
0
0
127
235
0
0
127
236
0
0
127
237
0
0
127
238
0
0
128
239
0
0
127
240
0
0
127
241
0
0
127
242
0
0
127
243
0
0
127
244
0
0
127
245
0
0
127
246
0
0
127
247
0
0
127
248
0
0
127
249
0
0
127
250
0
0
127
251
0
0
127
252
0
0
128
253
0
0
127
254
0
0
127
255
0
0
127
0
0
0
127
1
0
0
127
2
0
0
127
3
0
0
127
4
0
0
127
5
0
0
127
6
0
0
127
7
0
0
127
8
0
0
127
9
0
0
127
10
0
0
127
11
0
0
127
12
0
0
127
13
0
0
127
14
0
0
127
15
0
0
127
16
0
0
127
17
0
0
127
18
0
0
127
19
0
0
127
20
0
0
127
21
0
0
127
22
0
0
127
23
0
0
128
24
0
0
127
25
0
0
127
26
0
0
127
27
0
0
127
28
0
0
127
29
0
0
127
30
0
0
127
31
0
0
127
32
0
0
127
33
0
0
127
34
0
0
127
35
0
0
127
36
0
0
127
37
0
0
127
38
0
0
127
39
0
0
127
40
0
0
127
41
0
0
127
42
0
0
127
43
0
0
127
44
0
0
127
45
0
0
127
46
0
0
127
47
0
0
127
48
0
0
128
49
0
0
127
50
0
0
127
51
0
0
127
52
0
0
127
53
0
0
127
54
0
0
127
55
0
0
127
56
0
0
127
57
0
0
127
58
0
0
127
59
0
0
127
60
0
0
127
61
0
0
127
62
0
0
127
63
0
0
127
64
0
0
127
65
0
0
127
66
0
0
127
67
0
0
127
68
0
0
127
69
0
0
127
70
0
0
127
71
0
0
127
72
0
0
127
73
0
0
127
74
0
0
127
75
0
0
127
76
0
0
127
77
0
0
128
78
0
0
127
79
0
0
127
80
0
0
127
81
0
0
127
82
0
0
127
83
0
0
127
84
0
0
127
85
0
0
127
86
0
0
127
87
0
0
127
88
0
0
127
89
0
0
127
90
0
0
127
91
0
0
127
92
0
0
127
93
0
0
127
94
0
0
127
95
0
0
127
96
0
0
127
97
0
0
127
98
0
0
127
99
0
0
127
100
0
0
127
101
0
0
127
102
0
0
127
103
0
0
127
104
0
0
127
105
0
0
127
106
0
0
127
107
0
0
127
108
0
0
127
109
0
0
127
110
0
0
127
111
0
0
127
112
0
0
127
113
0
0
127
114
0
0
127
115
0
0
127
116
0
0
127
117
0
0
127
118
0
0
127
119
0
0
127
120
0
0
127
121
0
0
127
122
0
0
127
123
0
0
127
124
0
0
127
125
0
0
127
126
0
0
127
127
0
0
127
128
0
0
127
129
0
0
127
130
0
0
127
131
0
0
127
132
0
0
127
133
0
0
127
134
0
0
127
135
0
0
127
136
0
0
127
137
0
0
127
138
0
0
127
139
0
0
127
140
0
0
127
141
0
0
127
142
0
0
127
143
0
0
127
144
0
0
127
145
0
0
127
146
0
0
127
147
0
0
127
148
0
0
127
149
0
0
127
150
0
0
127
151
0
0
127
152
0
0
127
153
0
0
127
154
0
0
127
155
0
0
127
156
0
0
127
157
0
0
127
158
0
0
127
159
0
0
127
160
0
0
127
161
0
0
127
162
0
0
127
163
0
0
127
164
0
0
127
165
0
0
127
166
0
0
127
167
0
0
127
168
0
0
127
169
0
0
127
170
0
0
127
171
0
0
127
172
0
0
127
173
0
0
127
174
0
0
127
175
0
0
127
176
0
0
127
177
0
0
127
178
0
0
127
179
0
0
127
180
0
0
127
181
0
0
127
182
0
0
127
183
0
0
127
184
0
0
127
185
0
0
127
186
0
0
127
187
0
0
127
188
0
0
127
189
0
0
127
190
0
0
127
191
0
0
127
192
0
0
127
193
0
0
127
194
0
0
127
195
0
0
127
196
0
0
127
197
0
0
127
198
0
0
127
199
0
0
127
200
0
0
127
201
0
0
127
202
0
0
127
203
0
0
127
204
0
0
127
205
0
0
127
206
0
0
127
207
0
0
127
208
0
0
127
209
0
0
127
210
0
0
127
211
0
0
127
212
0
0
127
213
0
0
127
214
0
0
127
215
0
0
127
216
0
0
127
217
0
0
127
218
0
0
127
219
0
0
127
220
0
0
127
221
0
0
127
222
0
0
127
223
0
0
127
224
0
0
127
225
0
0
127
226
0
0
127
227
0
0
127
228
0
0
127
229
0
0
127
230
0
0
127
231
0
0
127
232
0
0
127
233
0
0
127
234
0
0
127
235
0
0
127
236
0
0
127
237
0
0
127
238
0
0
127
239
0
0
127
240
0
0
127
241
0
0
127
242
0
0
127
243
0
0
127
244
0
0
127
245
0
0
127
246
0
0
127
247
0
0
127
248
0
0
127
249
0
0
127
250
0
0
127
251
0
0
127
252
0
0
127
253
0
0
127
254
0
0
127
255
0
0
127
0
0
0
127
1
0
0
127
2
0
0
127
3
0
0
127
4
0
0
127
5
0
0
127
6
0
0
127
7
0
0
127
8
0
0
127
9
0
0
127
10
0
0
127
11
0
0
127
12
0
0
127
13
0
0
127
14
0
0
127
15
0
0
127
16
0
0
127
17
0
0
127
18
0
0
127
19
0
0
127
20
0
0
127
21
0
0
127
22
0
0
127
23
0
0
127
24
0
0
127
25
0
0
127
26
0
0
127
27
0
0
127
28
0
0
127
29
0
0
127
30
0
0
127
31
0
0
127
32
0
0
127
33
0
0
127
34
0
0
127
35
0
0
127
36
0
0
127
37
0
0
127
38
0
0
128
39
0
0
127
40
0
0
127
41
0
0
127
42
0
0
127
43
0
0
127
44
0
0
127
45
0
0
127
46
0
0
127
47
0
0
127
48
0
0
127
49
0
0
127
50
0
0
127
51
0
0
127
52
0
0
127
53
0
0
127
54
0
0
127
55
0
0
127
56
0
0
127
57
0
0
127
58
0
0
127
59
0
0
127
60
0
0
127
61
0
0
127
62
0
0
127
63
0
0
127
64
0
0
127
65
0
0
127
66
0
0
127
67
0
0
127
68
0
0
127
69
0
0
127
70
0
0
127
71
0
0
127
72
0
0
127
73
0
0
127
74
0
0
127
75
0
0
127
76
0
0
127
77
0
0
127
78
0
0
127
79
0
0
127
80
0
0
127
81
0
0
127
82
0
0
127
83
0
0
127
84
0
0
127
85
0
0
127
86
0
0
127
87
0
0
127
88
0
0
127
89
0
0
127
90
0
0
127
91
0
0
127
92
0
0
127
93
0
0
127
94
0
0
127
95
0
0
127
96
0
0
127
97
0
0
127
98
0
0
127
99
0
0
127
100
0
0
127
101
0
0
127
102
0
0
127
103
0
0
127
104
0
0
127
105
0
0
127
106
0
0
127
107
0
0
127
108
0
0
127
109
0
0
127
110
0
0
127
111
0
0
127
112
0
0
127
113
0
0
127
114
0
0
127
115
0
0
127
116
0
0
127
117
0
0
127
118
0
0
127
119
0
0
127
120
0
0
127
121
0
0
127
122
0
0
127
123
0
0
127
124
0
0
127
125
0
0
127
126
0
0
127
127
0
0
127
128
0
0
127
129
0
0
127
130
0
0
127
131
0
0
127
132
0
0
127
133
0
0
127
134
0
0
127
135
0
0
127
136
0
0
127
137
0
0
127
138
0
0
127
139
0
0
127
140
0
0
127
141
0
0
127
142
0
0
127
143
0
0
127
144
0
0
127
145
0
0
127
146
0
0
127
147
0
0
127
148
0
0
127
149
0
0
127
150
0
0
127
151
0
0
128
152
0
0
127
153
0
0
127
154
0
0
127
155
0
0
127
156
0
0
127
157
0
0
127
158
0
0
127
159
0
0
127
160
0
0
127
161
0
0
127
162
0
0
127
163
0
0
127
164
0
0
127
165
0
0
127
166
0
0
127
167
0
0
127
168
0
0
127
169
0
0
127
170
0
0
127
171
0
0
127
172
0
0
127
173
0
0
127
174
0
0
127
175
0
0
127
176
0
0
127
177
0
0
127
178
0
0
127
179
0
0
127
180
0
0
127
181
0
0
127
182
0
0
127
183
0
0
127
184
0
0
127
185
0
0
127
186
0
0
127
187
0
0
127
188
0
0
127
189
0
0
127
190
0
0
127
191
0
0
127
192
0
0
127
193
0
0
127
194
0
0
127
195
0
0
127
196
0
0
127
197
0
0
127
198
0
0
127
199
0
0
127
200
0
0
127
201
0
0
127
202
0
0
127
203
0
0
127
204
0
0
127
205
0
0
127
206
0
0
127
207
0
0
127
208
0
0
127
209
0
0
127
210
0
0
127
211
0
0
127
212
0
0
127
213
0
0
127
214
0
0
127
215
0
0
127
216
0
0
127
217
0
0
127
218
0
0
127
219
0
0
127
220
0
0
127
221
0
0
127
222
0
0
127
223
0
0
127
224
0
0
127
225
0
0
127
226
0
0
127
227
0
0
127
228
0
0
127
229
0
0
127
230
0
0
127
231
0
0
127
232
0
0
127
233
0
0
127
234
0
0
127
235
0
0
127
236
0
0
127
237
0
0
127
238
0
0
127
239
0
0
127
240
0
0
127
241
0
0
127
242
0
0
127
243
0
0
127
244
0
0
127
245
0
0
127
246
0
0
127
247
0
0
127
248
0
0
127
249
0
0
127
250
0
0
127
251
0
0
127
252
0
0
128
253
0
0
127
254
0
0
127
255
0
0
128
0
0
0
127
1
0
0
127
2
0
0
127
3
0
0
127
4
0
0
127
5
0
0
127
6
0
0
127
7
0
0
127
8
0
0
127
9
0
0
127
10
0
0
127
11
0
0
127
12
0
0
127
13
0
0
127
14
0
0
127
15
0
0
127
16
0
0
127
17
0
0
127
18
0
0
127
19
0
0
127
20
0
0
127
21
0
0
127
22
0
0
127
23
0
0
127
24
0
0
127
25
0
0
127
26
0
0
127
27
0
0
127
28
0
0
127
29
0
0
127
30
0
0
127
31
0
0
127
32
0
0
127
33
0
0
127
34
0
0
127
35
0
0
127
36
0
0
127
37
0
0
127
38
0
0
127
39
0
0
127
40
0
0
127
41
0
0
127
42
0
0
127
43
0
0
127
44
0
0
127
45
0
0
127
46
0
0
127
47
0
0
127
48
0
0
127
49
0
0
127
50
0
0
127
51
0
0
127
52
0
0
127
53
0
0
127
54
0
0
127
55
0
0
127
56
0
0
127
57
0
0
127
58
0
0
127
59
0
0
127
60
0
0
127
61
0
0
127
62
0
0
127
63
0
0
127
64
0
0
127
65
0
0
127
66
0
0
127
67
0
0
127
68
0
0
127
69
0
0
127
70
0
0
127
71
0
0
127
72
0
0
127
73
0
0
127
74
0
0
127
75
0
0
128
76
0
0
127
77
0
0
127
78
0
0
127
79
0
0
127
80
0
0
127
81
0
0
127
82
0
0
127
83
0
0
127
84
0
0
127
85
0
0
127
86
0
0
127
87
0
0
127
88
0
0
127
89
0
0
127
90
0
0
127
91
0
0
127
92
0
0
127
93
0
0
127
94
0
0
127
95
0
0
127
96
0
0
127
97
0
0
127
98
0
0
127
99
0
0
127
100
0
0
127
101
0
0
127
102
0
0
127
103
0
0
127
104
0
0
127
105
0
0
127
106
0
0
127
107
0
0
127
108
0
0
127
109
0
0
127
110
0
0
127
111
0
0
127
112
0
0
127
113
0
0
127
114
0
0
127
115
0
0
127
116
0
0
127
117
0
0
127
118
0
0
127
119
0
0
127
120
0
0
127
121
0
0
127
122
0
0
127
123
0
0
127
124
0
0
127
125
0
0
127
126
0
0
127
127
0
0
127
128
0
0
127
129
0
0
127
130
0
0
127
131
0
0
127
132
0
0
127
133
0
0
127
134
0
0
127
135
0
0
127
136
0
0
127
137
0
0
127
138
0
0
127
139
0
0
127
140
0
0
127
141
0
0
127
142
0
0
127
143
0
0
127
144
0
0
127
145
0
0
127
146
0
0
127
147
0
0
127
148
0
0
127
149
0
0
127
150
0
0
127
151
0
0
127
152
0
0
127
153
0
0
127
154
0
0
127
155
0
0
127
156
0
0
127
157
0
0
127
158
0
0
127
159
0
0
127
160
0
0
127
161
0
0
127
162
0
0
127
163
0
0
127
164
0
0
127
165
0
0
127
166
0
0
127
167
0
0
127
168
0
0
127
169
0
0
127
170
0
0
127
171
0
0
127
172
0
0
127
173
0
0
127
174
0
0
127
175
0
0
127
176
0
0
127
177
0
0
127
178
0
0
127
179
0
0
127
180
0
0
127
181
0
0
127
182
0
0
127
183
0
0
127
184
0
0
127
185
0
0
127
186
0
0
127
187
0
0
127
188
0
0
127
189
0
0
127
190
0
0
127
191
0
0
127
192
0
0
127
193
0
0
127
194
0
0
127
195
0
0
127
196
0
0
127
197
0
0
127
198
0
0
127
199
0
0
127
200
0
0
127
201
0
0
127
202
0
0
127
203
0
0
127
204
0
0
127
205
0
0
127
206
0
0
127
207
0
0
127
208
0
0
127
209
0
0
127
210
0
0
127
211
0
0
127
212
0
0
127
213
0
0
127
214
0
0
127
215
0
0
127
216
0
0
127
217
0
0
128
218
0
0
127
219
0
0
127
220
0
0
127
221
0
0
127
222
0
0
127
223
0
0
127
224
0
0
127
225
0
0
127
226
0
0
127
227
0
0
127
228
0
0
127
229
0
0
127
230
0
0
127
231
0
0
127
232
0
0
127
233
0
0
127
234
0
0
127
235
0
0
127
236
0
0
127
237
0
0
127
238
0
0
127
239
0
0
127
240
0
0
127
241
0
0
127
242
0
0
127
243
0
0
127
244
0
0
127
245
0
0
127
246
0
0
127
247
0
0
127
248
0
0
127
249
0
0
127
250
0
0
127
251
0
0
127
252
0
0
127
253
0
0
127
254
0
0
127
255
0
0
127
0
0
0
127
1
0
0
127
2
0
0
127
3
0
0
127
4
0
0
127
5
0
0
127
6
0
0
127
7
0
0
127
8
0
0
127
9
0
0
127
10
0
0
127
11
0
0
127
12
0
0
127
13
0
0
127
14
0
0
127
15
0
0
127
16
0
0
127
17
0
0
127
18
0
0
127
19
0
0
127
20
0
0
127
21
0
0
127
22
0
0
127
23
0
0
127
24
0
0
127
25
0
0
127
26
0
0
127
27
0
0
127
28
0
0
127
29
0
0
127
30
0
0
127
31
0
0
127
32
0
0
127
33
0
0
127
34
0
0
127
35
0
0
127
36
0
0
127
37
0
0
127
38
0
0
127
39
0
0
127
40
0
0
127
41
0
0
127
42
0
0
127
43
0
0
127
44
0
0
127
45
0
0
127
46
0
0
127
47
0
0
127
48
0
0
127
49
0
0
127
50
0
0
127
51
0
0
127
52
0
0
127
53
0
0
127
54
0
0
127
55
0
0
127
56
0
0
127
57
0
0
127
58
0
0
127
59
0
0
127
60
0
0
127
61
0
0
127
62
0
0
127
63
0
0
127
64
0
0
127
65
0
0
127
66
0
0
127
67
0
0
127
68
0
0
127
69
0
0
127
70
0
0
127
71
0
0
127
72
0
0
127
73
0
0
127
74
0
0
127
75
0
0
127
76
0
0
127
77
0
0
127
78
0
0
127
79
0
0
127
80
0
0
127
81
0
0
127
82
0
0
127
83
0
0
127
84
0
0
127
85
0
0
127
86
0
0
127
87
0
0
127
88
0
0
127
89
0
0
127
90
0
0
127
91
0
0
127
92
0
0
127
93
0
0
127
94
0
0
127
95
0
0
127
96
0
0
127
97
0
0
127
98
0
0
127
99
0
0
127
100
0
0
127
101
0
0
127
102
0
0
127
103
0
0
128
104
0
0
127
105
0
0
127
106
0
0
127
107
0
0
127
108
0
0
127
109
0
0
127
110
0
0
127
111
0
0
127
112
0
0
127
113
0
0
127
114
0
0
127
115
0
0
127
116
0
0
127
117
0
0
127
118
0
0
127
119
0
0
127
120
0
0
127
121
0
0
127
122
0
0
127
123
0
0
127
124
0
0
127
125
0
0
127
126
0
0
127
127
0
0
127
128
0
0
127
129
0
0
127
130
0
0
127
131
0
0
127
132
0
0
127
133
0
0
127
134
0
0
127
135
0
0
127
136
0
0
127
137
0
0
127
138
0
0
127
139
0
0
127
140
0
0
127
141
0
0
127
142
0
0
127
143
0
0
127
144
0
0
127
145
0
0
127
146
0
0
127
147
0
0
127
148
0
0
127
149
0
0
127
150
0
0
127
151
0
0
127
152
0
0
127
153
0
0
127
154
0
0
127
155
0
0
127
156
0
0
127
157
0
0
127
158
0
0
127
159
0
0
127
160
0
0
127
161
0
0
127
162
0
0
127
163
0
0
127
164
0
0
127
165
0
0
127
166
0
0
127
167
0
0
127
168
0
0
127
169
0
0
127
170
0
0
127
171
0
0
127
172
0
0
127
173
0
0
127
174
0
0
127
175
0
0
127
176
0
0
127
177
0
0
127
178
0
0
127
179
0
0
127
180
0
0
127
181
0
0
127
182
0
0
127
183
0
0
127
184
0
0
127
185
0
0
127
186
0
0
127
187
0
0
127
188
0
0
127
189
0
0
127
190
0
0
127
191
0
0
127
192
0
0
127
193
0
0
127
194
0
0
127
195
0
0
127
196
0
0
127
197
0
0
127
198
0
0
127
199
0
0
127
200
0
0
127
201
0
0
127
202
0
0
127
203
0
0
127
204
0
0
127
205
0
0
127
206
0
0
127
207
0
0
127
208
0
0
127
209
0
0
127
210
0
0
127
211
0
0
127
212
0
0
127
213
0
0
127
214
0
0
127
215
0
0
127
216
0
0
127
217
0
0
127
218
0
0
127
219
0
0
127
220
0
0
127
221
0
0
127
222
0
0
128
223
0
0
127
224
0
0
128
225
0
0
128
226
0
0
127
227
0
0
127
228
0
0
128
229
0
0
128
230
0
0
127
231
0
0
127
232
0
0
128
233
0
0
128
234
0
0
127
235
0
0
127
236
0
0
127
237
0
0
127
238
0
0
127
239
0
0
127
240
0
0
127
241
0
0
127
242
0
0
127
243
0
0
127
244
0
0
127
245
0
0
127
246
0
0
127
247
0
0
127
248
0
0
127
249
0
0
127
250
0
0
127
251
0
0
127
252
0
0
128
253
0
0
128
254
0
0
127
255
0
0
127
0
0
0
128
1
0
0
128
2
0
0
127
3
0
0
128
4
0
0
128
5
0
0
127
6
0
0
127
7
0
0
127
8
0
0
127
9
0
0
127
10
0
0
127
11
0
0
127
12
0
0
127
13
0
0
127
14
0
0
127
15
0
0
127
16
0
0
127
17
0
0
127
18
0
0
127
19
0
0
127
20
0
0
127
21
0
0
128
22
0
0
127
23
0
0
127
24
0
0
128
25
0
0
127
26
0
0
128
27
0
0
128
28
0
0
128
29
0
0
127
30
0
0
128
31
0
0
128
32
0
0
127
33
0
0
127
34
0
0
127
35
0
0
127
36
0
0
127
37
0
0
127
38
0
0
127
39
0
0
127
40
0
0
127
41
0
0
127
42
0
0
127
43
0
0
127
44
0
0
127
45
0
0
127
46
0
0
127
47
0
0
127
48
0
0
127
49
0
0
127
50
0
0
127
51
0
0
127
52
0
0
127
53
0
0
127
54
0
0
127
55
0
0
127
56
0
0
127
57
0
0
127
58
0
0
127
59
0
0
128
60
0
0
127
61
0
0
127
62
0
0
127
63
0
0
127
64
0
0
127
65
0
0
127
66
0
0
127
67
0
0
127
68
0
0
127
69
0
0
127
70
0
0
127
71
0
0
127
72
0
0
127
73
0
0
127
74
0
0
127
75
0
0
127
76
0
0
127
77
0
0
127
78
0
0
127
79
0
0
127
80
0
0
127
81
0
0
128
82
0
0
127
83
0
0
127
84
0
0
127
85
0
0
127
86
0
0
127
87
0
0
128
88
0
0
128
89
0
0
128
90
0
0
128
91
0
0
128
92
0
0
128
93
0
0
128
94
0
0
129
95
0
0
129
96
0
0
129
97
0
0
129
98
0
0
129
99
0
0
128
100
0
0
127
101
0
0
128
102
0
0
128
103
0
0
128
104
0
0
127
105
0
0
127
106
0
0
127
107
0
0
128
108
0
0
128
109
0
0
128
110
0
0
127
111
0
0
127
112
0
0
127
113
0
0
127
114
0
0
127
115
0
0
127
116
0
0
127
117
0
0
127
118
0
0
127
119
0
0
127
120
0
0
127
121
0
0
127
122
0
0
127
123
0
0
127
124
0
0
128
125
0
0
128
126
0
0
127
127
0
0
128
128
0
0
128
129
0
0
127
130
0
0
127
131
0
0
128
132
0
0
127
133
0
0
127
134
0
0
127
135
0
0
127
136
0
0
128
137
0
0
127
138
0
0
127
139
0
0
127
140
0
0
128
141
0
0
128
142
0
0
128
143
0
0
128
144
0
0
128
145
0
0
128
146
0
0
128
147
0
0
128
148
0
0
127
149
0
0
127
150
0
0
127
151
0
0
127
152
0
0
127
153
0
0
128
154
0
0
127
155
0
0
128
156
0
0
127
157
0
0
127
158
0
0
127
159
0
0
127
160
0
0
127
161
0
0
128
162
0
0
128
163
0
0
128
164
0
0
127
165
0
0
128
166
0
0
127
167
0
0
128
168
0
0
128
169
0
0
127
170
0
0
127
171
0
0
127
172
0
0
127
173
0
0
127
174
0
0
128
175
0
0
128
176
0
0
128
177
0
0
128
178
0
0
128
179
0
0
129
180
0
0
129
181
0
0
128
182
0
0
128
183
0
0
128
184
0
0
127
185
0
0
128
186
0
0
128
187
0
0
128
188
0
0
128
189
0
0
128
190
0
0
127
191
0
0
128
192
0
0
128
193
0
0
128
194
0
0
127
195
0
0
127
196
0
0
128
197
0
0
127
198
0
0
127
199
0
0
127
200
0
0
127
201
0
0
127
202
0
0
127
203
0
0
127
204
0
0
127
205
0
0
127
206
0
0
127
207
0
0
127
208
0
0
128
209
0
0
127
210
0
0
127
211
0
0
127
212
0
0
128
213
0
0
127
214
0
0
127
215
0
0
127
216
0
0
127
217
0
0
127
218
0
0
127
219
0
0
127
220
0
0
128
221
0
0
127
222
0
0
127
223
0
0
128
224
0
0
128
225
0
0
128
226
0
0
127
227
0
0
128
228
0
0
128
229
0
0
128
230
0
0
128
231
0
0
128
232
0
0
128
233
0
0
128
234
0
0
128
235
0
0
127
236
0
0
128
237
0
0
127
238
0
0
127
239
0
0
127
240
0
0
128
241
0
0
127
242
0
0
127
243
0
0
127
244
0
0
127
245
0
0
128
246
0
0
127
247
0
0
127
248
0
0
127
249
0
0
127
250
0
0
127
251
0
0
128
252
0
0
127
253
0
0
127
254
0
0
127
255
0
0
127
0
0
0
127
1
0
0
127
2
0
0
127
3
0
0
127
4
0
0
127
5
0
0
127
6
0
0
127
7
0
0
127
8
0
0
127
9
0
0
127
10
0
0
127
11
0
0
127
12
0
0
128
13
0
0
128
14
0
0
128
15
0
0
128
16
0
0
127
17
0
0
128
18
0
0
128
19
0
0
128
20
0
0
128
21
0
0
127
22
0
0
127
23
0
0
127
24
0
0
128
25
0
0
127
26
0
0
127
27
0
0
127
28
0
0
127
29
0
0
127
30
0
0
127
31
0
0
127
32
0
0
127
33
0
0
127
34
0
0
127
35
0
0
128
36
0
0
128
37
0
0
128
38
0
0
127
39
0
0
128
40
0
0
128
41
0
0
128
42
0
0
128
43
0
0
128
44
0
0
128
45
0
0
128
46
0
0
128
47
0
0
128
48
0
0
128
49
0
0
127
50
0
0
128
51
0
0
127
52
0
0
127
53
0
0
127
54
0
0
127
55
0
0
128
56
0
0
127
57
0
0
127
58
0
0
127
59
0
0
127
60
0
0
127
61
0
0
127
62
0
0
127
63
0
0
128
64
0
0
127
65
0
0
127
66
0
0
128
67
0
0
128
68
0
0
128
69
0
0
128
70
0
0
129
71
0
0
130
72
0
0
131
73
0
0
132
74
0
0
133
75
0
0
134
76
0
0
135
77
0
0
136
78
0
0
136
79
0
0
136
80
0
0
135
81
0
0
134
82
0
0
133
83
0
0
132
84
0
0
131
85
0
0
130
86
0
0
130
87
0
0
130
88
0
0
130
89
0
0
131
90
0
0
132
91
0
0
133
92
0
0
133
93
0
0
133
94
0
0
133
95
0
0
132
96
0
0
131
97
0
0
130
98
0
0
129
99
0
0
129
100
0
0
128
101
0
0
127
102
0
0
127
103
0
0
127
104
0
0
127
105
0
0
127
106
0
0
127
107
0
0
127
108
0
0
127
109
0
0
128
110
0
0
128
111
0
0
128
112
0
0
127
113
0
0
128
114
0
0
128
115
0
0
128
116
0
0
128
117
0
0
129
118
0
0
129
119
0
0
129
120
0
0
131
121
0
0
132
122
0
0
132
123
0
0
132
124
0
0
133
125
0
0
133
126
0
0
133
127
0
0
133
128
0
0
133
129
0
0
132
130
0
0
132
131
0
0
132
132
0
0
131
133
0
0
130
134
0
0
129
135
0
0
128
136
0
0
128
137
0
0
127
138
0
0
128
139
0
0
128
140
0
0
127
141
0
0
127
142
0
0
127
143
0
0
128
144
0
0
128
145
0
0
127
146
0
0
128
147
0
0
128
148
0
0
127
149
0
0
128
150
0
0
128
151
0
0
128
152
0
0
128
153
0
0
128
154
0
0
127
155
0
0
128
156
0
0
127
157
0
0
127
158
0
0
127
159
0
0
127
160
0
0
128
161
0
0
128
162
0
0
128
163
0
0
128
164
0
0
127
165
0
0
127
166
0
0
127
167
0
0
127
168
0
0
127
169
0
0
127
170
0
0
127
171
0
0
127
172
0
0
127
173
0
0
127
174
0
0
127
175
0
0
127
176
0
0
127
177
0
0
127
178
0
0
127
179
0
0
127
180
0
0
127
181
0
0
127
182
0
0
127
183
0
0
127
184
0
0
127
185
0
0
127
186
0
0
127
187
0
0
127
188
0
0
127
189
0
0
127
190
0
0
127
191
0
0
127
192
0
0
127
193
0
0
128
194
0
0
128
195
0
0
128
196
0
0
128
197
0
0
128
198
0
0
128
199
0
0
128
200
0
0
127
201
0
0
127
202
0
0
127
203
0
0
127
204
0
0
127
205
0
0
128
206
0
0
127
207
0
0
127
208
0
0
127
209
0
0
127
210
0
0
127
211
0
0
127
212
0
0
127
213
0
0
127
214
0
0
127
215
0
0
128
216
0
0
128
217
0
0
128
218
0
0
128
219
0
0
129
220
0
0
129
221
0
0
129
222
0
0
128
223
0
0
127
224
0
0
127
225
0
0
127
226
0
0
127
227
0
0
127
228
0
0
127
229
0
0
127
230
0
0
127
231
0
0
127
232
0
0
127
233
0
0
127
234
0
0
127
235
0
0
127
236
0
0
127
237
0
0
127
238
0
0
127
239
0
0
127
240
0
0
127
241
0
0
127
242
0
0
127
243
0
0
127
244
0
0
127
245
0
0
127
246
0
0
127
247
0
0
127
248
0
0
127
249
0
0
127
250
0
0
127
251
0
0
127
252
0
0
127
253
0
0
127
254
0
0
127
255
0
0
127
0
0
0
127
1
0
0
127
2
0
0
127
3
0
0
127
4
0
0
127
5
0
0
127
6
0
0
127
7
0
0
127
8
0
0
127
9
0
0
127
10
0
0
127
11
0
0
127
12
0
0
127
13
0
0
127
14
0
0
127
15
0
0
127
16
0
0
127
17
0
0
127
18
0
0
127
19
0
0
127
20
0
0
127
21
0
0
127
22
0
0
127
23
0
0
127
24
0
0
127
25
0
0
127
26
0
0
127
27
0
0
127
28
0
0
127
29
0
0
127
30
0
0
127
31
0
0
127
32
0
0
127
33
0
0
127
34
0
0
127
35
0
0
128
36
0
0
127
37
0
0
127
38
0
0
127
39
0
0
127
40
0
0
128
41
0
0
128
42
0
0
128
43
0
0
127
44
0
0
128
45
0
0
127
46
0
0
127
47
0
0
127
48
0
0
127
49
0
0
127
50
0
0
127
51
0
0
128
52
0
0
127
53
0
0
127
54
0
0
127
55
0
0
127
56
0
0
127
57
0
0
127
58
0
0
127
59
0
0
127
60
0
0
127
61
0
0
127
62
0
0
127
63
0
0
127
64
0
0
127
65
0
0
127
66
0
0
127
67
0
0
127
68
0
0
127
69
0
0
127
70
0
0
127
71
0
0
127
72
0
0
127
73
0
0
127
74
0
0
127
75
0
0
127
76
0
0
127
77
0
0
127
78
0
0
127
79
0
0
127
80
0
0
127
81
0
0
127
82
0
0
128
83
0
0
127
84
0
0
127
85
0
0
127
86
0
0
127
87
0
0
127
88
0
0
127
89
0
0
127
90
0
0
127
91
0
0
127
92
0
0
127
93
0
0
127
94
0
0
127
95
0
0
127
96
0
0
127
97
0
0
127
98
0
0
127
99
0
0
127
100
0
0
127
101
0
0
127
102
0
0
127
103
0
0
127
104
0
0
127
105
0
0
127
106
0
0
127
107
0
0
127
108
0
0
127
109
0
0
127
110
0
0
127
111
0
0
127
112
0
0
128
113
0
0
127
114
0
0
127
115
0
0
127
116
0
0
127
117
0
0
127
118
0
0
127
119
0
0
127
120
0
0
127
121
0
0
128
122
0
0
127
123
0
0
127
124
0
0
127
125
0
0
127
126
0
0
127
127
0
0
127
128
0
0
127
129
0
0
128
130
0
0
127
131
0
0
127
132
0
0
127
133
0
0
127
134
0
0
127
135
0
0
127
136
0
0
127
137
0
0
127
138
0
0
127
139
0
0
127
140
0
0
127
141
0
0
127
142
0
0
127
143
0
0
127
144
0
0
127
145
0
0
127
146
0
0
127
147
0
0
127
148
0
0
127
149
0
0
127
150
0
0
127
151
0
0
127
152
0
0
127
153
0
0
127
154
0
0
127
155
0
0
127
156
0
0
127
157
0
0
127
158
0
0
127
159
0
0
127
160
0
0
128
161
0
0
128
162
0
0
128
163
0
0
128
164
0
0
127
165
0
0
127
166
0
0
127
167
0
0
127
168
0
0
127
169
0
0
127
170
0
0
127
171
0
0
127
172
0
0
127
173
0
0
127
174
0
0
127
175
0
0
127
176
0
0
127
177
0
0
127
178
0
0
127
179
0
0
127
180
0
0
127
181
0
0
127
182
0
0
127
183
0
0
127
184
0
0
127
185
0
0
127
186
0
0
127
187
0
0
127
188
0
0
127
189
0
0
127
190
0
0
127
191
0
0
127
192
0
0
127
193
0
0
127
194
0
0
127
195
0
0
127
196
0
0
127
197
0
0
127
198
0
0
127
199
0
0
127
200
0
0
127
201
0
0
127
202
0
0
127
203
0
0
127
204
0
0
128
205
0
0
127
206
0
0
127
207
0
0
127
208
0
0
127
209
0
0
127
210
0
0
127
211
0
0
127
212
0
0
127
213
0
0
128
214
0
0
128
215
0
0
128
216
0
0
128
217
0
0
128
218
0
0
128
219
0
0
127
220
0
0
127
221
0
0
127
222
0
0
127
223
0
0
127
224
0
0
127
225
0
0
127
226
0
0
127
227
0
0
127
228
0
0
127
229
0
0
127
230
0
0
127
231
0
0
128
232
0
0
127
233
0
0
127
234
0
0
127
235
0
0
127
236
0
0
127
237
0
0
127
238
0
0
127
239
0
0
127
240
0
0
127
241
0
0
127
242
0
0
127
243
0
0
127
244
0
0
127
245
0
0
127
246
0
0
127
247
0
0
127
248
0
0
127
249
0
0
127
250
0
0
127
251
0
0
127
252
0
0
127
253
0
0
127
254
0
0
127
255
0
0
127
0
0
0
127
1
0
0
127
2
0
0
127
3
0
0
127
4
0
0
127
5
0
0
127
6
0
0
127
7
0
0
127
8
0
0
128
9
0
0
128
10
0
0
128
11
0
0
127
12
0
0
127
13
0
0
127
14
0
0
127
15
0
0
127
16
0
0
127
17
0
0
127
18
0
0
127
19
0
0
127
20
0
0
127
21
0
0
128
22
0
0
128
23
0
0
128
24
0
0
128
25
0
0
127
26
0
0
128
27
0
0
127
28
0
0
127
29
0
0
127
30
0
0
127
31
0
0
127
32
0
0
127
33
0
0
127
34
0
0
127
35
0
0
127
36
0
0
127
37
0
0
127
38
0
0
127
39
0
0
127
40
0
0
127
41
0
0
127
42
0
0
127
43
0
0
127
44
0
0
127
45
0
0
127
46
0
0
128
47
0
0
128
48
0
0
128
49
0
0
127
50
0
0
127
51
0
0
127
52
0
0
127
53
0
0
128
54
0
0
127
55
0
0
127
56
0
0
127
57
0
0
127
58
0
0
127
59
0
0
127
60
0
0
127
61
0
0
127
62
0
0
127
63
0
0
127
64
0
0
128
65
0
0
128
66
0
0
128
67
0
0
128
68
0
0
128
69
0
0
128
70
0
0
128
71
0
0
127
72
0
0
127
73
0
0
127
74
0
0
127
75
0
0
127
76
0
0
127
77
0
0
127
78
0
0
127
79
0
0
127
80
0
0
127
81
0
0
127
82
0
0
127
83
0
0
127
84
0
0
127
85
0
0
127
86
0
0
127
87
0
0
127
88
0
0
127
89
0
0
127
90
0
0
127
91
0
0
127
92
0
0
127
93
0
0
127
94
0
0
127
95
0
0
127
96
0
0
127
97
0
0
128
98
0
0
128
99
0
0
127
100
0
0
127
101
0
0
127
102
0
0
127
103
0
0
127
104
0
0
127
105
0
0
127
106
0
0
127
107
0
0
127
108
0
0
127
109
0
0
127
110
0
0
127
111
0
0
127
112
0
0
127
113
0
0
127
114
0
0
127
115
0
0
127
116
0
0
127
117
0
0
127
118
0
0
127
119
0
0
127
120
0
0
127
121
0
0
128
122
0
0
127
123
0
0
127
124
0
0
127
125
0
0
127
126
0
0
127
127
0
0
128
128
0
0
128
129
0
0
127
130
0
0
127
131
0
0
127
132
0
0
127
133
0
0
127
134
0
0
127
135
0
0
127
136
0
0
127
137
0
0
127
138
0
0
127
139
0
0
127
140
0
0
127
141
0
0
127
142
0
0
127
143
0
0
127
144
0
0
127
145
0
0
127
146
0
0
127
147
0
0
127
148
0
0
127
149
0
0
127
150
0
0
127
151
0
0
127
152
0
0
127
153
0
0
127
154
0
0
127
155
0
0
127
156
0
0
127
157
0
0
127
158
0
0
127
159
0
0
127
160
0
0
127
161
0
0
127
162
0
0
128
163
0
0
128
164
0
0
128
165
0
0
128
166
0
0
127
167
0
0
127
168
0
0
127
169
0
0
127
170
0
0
127
171
0
0
127
172
0
0
127
173
0
0
128
174
0
0
128
175
0
0
128
176
0
0
128
177
0
0
127
178
0
0
127
179
0
0
127
180
0
0
127
181
0
0
127
182
0
0
127
183
0
0
127
184
0
0
127
185
0
0
127
186
0
0
127
187
0
0
127
188
0
0
127
189
0
0
127
190
0
0
127
191
0
0
127
192
0
0
127
193
0
0
127
194
0
0
127
195
0
0
127
196
0
0
127
197
0
0
127
198
0
0
127
199
0
0
127
200
0
0
127
201
0
0
127
202
0
0
127
203
0
0
127
204
0
0
127
205
0
0
127
206
0
0
127
207
0
0
127
208
0
0
127
209
0
0
127
210
0
0
127
211
0
0
127
212
0
0
127
213
0
0
127
214
0
0
127
215
0
0
127
216
0
0
127
217
0
0
127
218
0
0
127
219
0
0
127
220
0
0
127
221
0
0
127
222
0
0
127
223
0
0
127
224
0
0
127
225
0
0
128
226
0
0
128
227
0
0
128
228
0
0
128
229
0
0
127
230
0
0
127
231
0
0
127
232
0
0
128
233
0
0
127
234
0
0
127
235
0
0
127
236
0
0
127
237
0
0
127
238
0
0
127
239
0
0
127
240
0
0
127
241
0
0
127
242
0
0
128
243
0
0
128
244
0
0
127
245
0
0
127
246
0
0
127
247
0
0
127
248
0
0
127
249
0
0
127
250
0
0
127
251
0
0
127
252
0
0
127
253
0
0
127
254
0
0
127
255
0
0
127
0
0
0
127
1
0
0
127
2
0
0
128
3
0
0
128
4
0
0
128
5
0
0
127
6
0
0
127
7
0
0
127
8
0
0
127
9
0
0
127
10
0
0
127
11
0
0
127
12
0
0
127
13
0
0
127
14
0
0
127
15
0
0
127
16
0
0
128
17
0
0
128
18
0
0
128
19
0
0
127
20
0
0
127
21
0
0
127
22
0
0
127
23
0
0
127
24
0
0
127
25
0
0
127
26
0
0
127
27
0
0
127
28
0
0
127
29
0
0
127
30
0
0
127
31
0
0
127
32
0
0
127
33
0
0
127
34
0
0
127
35
0
0
127
36
0
0
127
37
0
0
127
38
0
0
127
39
0
0
127
40
0
0
127
41
0
0
127
42
0
0
127
43
0
0
127
44
0
0
127
45
0
0
127
46
0
0
127
47
0
0
127
48
0
0
127
49
0
0
127
50
0
0
127
51
0
0
127
52
0
0
127
53
0
0
127
54
0
0
127
55
0
0
127
56
0
0
127
57
0
0
127
58
0
0
127
59
0
0
128
60
0
0
128
61
0
0
128
62
0
0
128
63
0
0
127
64
0
0
127
65
0
0
127
66
0
0
127
67
0
0
127
68
0
0
128
69
0
0
127
70
0
0
127
71
0
0
127
72
0
0
127
73
0
0
127
74
0
0
127
75
0
0
127
76
0
0
127
77
0
0
127
78
0
0
127
79
0
0
127
80
0
0
127
81
0
0
127
82
0
0
127
83
0
0
127
84
0
0
127
85
0
0
127
86
0
0
127
87
0
0
127
88
0
0
127
89
0
0
127
90
0
0
127
91
0
0
127
92
0
0
127
93
0
0
127
94
0
0
127
95
0
0
127
96
0
0
127
97
0
0
127
98
0
0
128
99
0
0
127
100
0
0
127
101
0
0
127
102
0
0
128
103
0
0
128
104
0
0
127
105
0
0
127
106
0
0
127
107
0
0
127
108
0
0
127
109
0
0
127
110
0
0
127
111
0
0
127
112
0
0
127
113
0
0
127
114
0
0
127
115
0
0
127
116
0
0
127
117
0
0
127
118
0
0
127
119
0
0
127
120
0
0
127
121
0
0
127
122
0
0
127
123
0
0
128
124
0
0
128
125
0
0
128
126
0
0
128
127
0
0
128
128
0
0
127
129
0
0
127
130
0
0
127
131
0
0
127
132
0
0
127
133
0
0
127
134
0
0
127
135
0
0
127
136
0
0
128
137
0
0
128
138
0
0
128
139
0
0
127
140
0
0
128
141
0
0
128
142
0
0
128
143
0
0
128
144
0
0
127
145
0
0
127
146
0
0
127
147
0
0
127
148
0
0
127
149
0
0
127
150
0
0
127
151
0
0
127
152
0
0
127
153
0
0
127
154
0
0
127
155
0
0
127
156
0
0
127
157
0
0
127
158
0
0
127
159
0
0
127
160
0
0
127
161
0
0
128
162
0
0
128
163
0
0
127
164
0
0
127
165
0
0
127
166
0
0
127
167
0
0
127
168
0
0
127
169
0
0
127
170
0
0
127
171
0
0
127
172
0
0
127
173
0
0
127
174
0
0
127
175
0
0
127
176
0
0
127
177
0
0
127
178
0
0
127
179
0
0
127
180
0
0
127
181
0
0
127
182
0
0
127
183
0
0
127
184
0
0
127
185
0
0
127
186
0
0
127
187
0
0
127
188
0
0
127
189
0
0
127
190
0
0
127
191
0
0
127
192
0
0
127
193
0
0
127
194
0
0
127
195
0
0
127
196
0
0
127
197
0
0
127
198
0
0
127
199
0
0
127
200
0
0
127
201
0
0
127
202
0
0
127
203
0
0
127
204
0
0
127
205
0
0
127
206
0
0
128
207
0
0
127
208
0
0
128
209
0
0
127
210
0
0
127
211
0
0
127
212
0
0
127
213
0
0
128
214
0
0
128
215
0
0
128
216
0
0
128
217
0
0
128
218
0
0
128
219
0
0
127
220
0
0
128
221
0
0
128
222
0
0
128
223
0
0
127
224
0
0
127
225
0
0
127
226
0
0
127
227
0
0
127
228
0
0
127
229
0
0
127
230
0
0
127
231
0
0
127
232
0
0
127
233
0
0
127
234
0
0
127
235
0
0
127
236
0
0
127
237
0
0
127
238
0
0
127
239
0
0
128
240
0
0
128
241
0
0
127
242
0
0
127
243
0
0
127
244
0
0
127
245
0
0
127
246
0
0
127
247
0
0
127
248
0
0
127
249
0
0
127
250
0
0
127
251
0
0
127
252
0
0
127
253
0
0
127
254
0
0
127
255
0
0
127
0
0
0
127
1
0
0
127
2
0
0
127
3
0
0
127
4
0
0
127
5
0
0
127
6
0
0
127
7
0
0
127
8
0
0
127
9
0
0
127
10
0
0
127
11
0
0
127
12
0
0
127
13
0
0
127
14
0
0
128
15
0
0
128
16
0
0
128
17
0
0
127
18
0
0
128
19
0
0
128
20
0
0
128
21
0
0
128
22
0
0
128
23
0
0
128
24
0
0
128
25
0
0
128
26
0
0
128
27
0
0
127
28
0
0
127
29
0
0
127
30
0
0
127
31
0
0
127
32
0
0
127
33
0
0
127
34
0
0
127
35
0
0
127
36
0
0
127
37
0
0
127
38
0
0
127
39
0
0
127
40
0
0
127
41
0
0
127
42
0
0
127
43
0
0
127
44
0
0
127
45
0
0
127
46
0
0
127
47
0
0
127
48
0
0
127
49
0
0
127
50
0
0
127
51
0
0
127
52
0
0
127
53
0
0
127
54
0
0
127
55
0
0
127
56
0
0
127
57
0
0
127
58
0
0
127
59
0
0
127
60
0
0
128
61
0
0
128
62
0
0
128
63
0
0
128
64
0
0
128
65
0
0
127
66
0
0
127
67
0
0
127
68
0
0
127
69
0
0
127
70
0
0
128
71
0
0
129
72
0
0
131
73
0
0
134
74
0
0
137
75
0
0
140
76
0
0
143
77
0
0
146
78
0
0
149
79
0
0
151
80
0
0
153
81
0
0
153
82
0
0
153
83
0
0
154
84
0
0
155
85
0
0
157
86
0
0
159
87
0
0
160
88
0
0
160
89
0
0
160
90
0
0
160
91
0
0
159
92
0
0
158
93
0
0
157
94
0
0
156
95
0
0
155
96
0
0
155
97
0
0
154
98
0
0
153
99
0
0
152
100
0
0
151
101
0
0
150
102
0
0
150
103
0
0
150
104
0
0
149
105
0
0
148
106
0
0
147
107
0
0
146
108
0
0
145
109
0
0
145
110
0
0
145
111
0
0
144
112
0
0
144
113
0
0
144
114
0
0
144
115
0
0
144
116
0
0
145
117
0
0
146
118
0
0
146
119
0
0
145
120
0
0
144
121
0
0
143
122
0
0
142
123
0
0
142
124
0
0
142
125
0
0
142
126
0
0
142
127
0
0
142
128
0
0
142
129
0
0
141
130
0
0
140
131
0
0
139
132
0
0
138
133
0
0
137
134
0
0
136
135
0
0
135
136
0
0
134
137
0
0
133
138
0
0
133
139
0
0
133
140
0
0
133
141
0
0
133
142
0
0
132
143
0
0
131
144
0
0
130
145
0
0
129
146
0
0
128
147
0
0
127
148
0
0
127
149
0
0
127
150
0
0
128
151
0
0
128
152
0
0
128
153
0
0
127
154
0
0
127
155
0
0
127
156
0
0
127
157
0
0
127
158
0
0
128
159
0
0
128
160
0
0
129
161
0
0
130
162
0
0
131
163
0
0
132
164
0
0
133
165
0
0
134
166
0
0
135
167
0
0
137
168
0
0
140
169
0
0
144
170
0
0
148
171
0
0
151
172
0
0
152
173
0
0
156
174
0
0
164
175
0
0
175
176
0
0
189
177
0
0
205
178
0
0
222
179
0
0
239
180
0
0
254
181
0
1
10
182
0
1
17
183
0
1
20
184
0
1
25
185
0
1
32
186
0
1
41
187
0
1
52
188
0
1
62
189
0
1
71
190
0
1
76
191
0
1
79
192
0
1
81
193
0
1
81
194
0
1
80
195
0
1
79
196
0
1
80
197
0
1
82
198
0
1
85
199
0
1
89
200
0
1
94
201
0
1
99
202
0
1
103
203
0
1
105
204
0
1
106
205
0
1
107
206
0
1
109
207
0
1
112
208
0
1
115
209
0
1
118
210
0
1
120
211
0
1
121
212
0
1
122
213
0
1
124
214
0
1
126
215
0
1
127
216
0
1
127
217
0
1
126
218
0
1
126
219
0
1
126
220
0
1
127
221
0
1
129
222
0
1
130
223
0
1
131
224
0
1
131
225
0
1
129
226
0
1
127
227
0
1
126
228
0
1
125
229
0
1
124
230
0
1
122
231
0
1
121
232
0
1
120
233
0
1
119
234
0
1
117
235
0
1
115
236
0
1
113
237
0
1
112
238
0
1
111
239
0
1
110
240
0
1
108
241
0
1
106
242
0
1
104
243
0
1
103
244
0
1
101
245
0
1
99
246
0
1
98
247
0
1
97
248
0
1
96
249
0
1
95
250
0
1
94
251
0
1
93
252
0
1
91
253
0
1
89
254
0
1
87
255
0
1
85
0
0
1
84
1
0
1
84
2
0
1
86
3
0
1
89
4
0
1
94
5
0
1
101
6
0
1
108
7
0
1
115
8
0
1
121
9
0
1
126
10
0
1
130
11
0
1
132
12
0
1
132
13
0
1
131
14
0
1
130
15
0
1
130
16
0
1
132
17
0
1
135
18
0
1
139
19
0
1
144
20
0
1
150
21
0
1
155
22
0
1
157
23
0
1
157
24
0
1
159
25
0
1
162
26
0
1
166
27
0
1
170
28
0
1
175
29
0
1
181
30
0
1
187
31
0
1
193
32
0
1
199
33
0
1
203
34
0
1
206
35
0
1
209
36
0
1
213
37
0
1
217
38
0
1
220
39
0
1
221
40
0
1
225
41
0
1
237
42
0
2
0
43
0
2
24
44
0
2
50
45
0
2
78
46
0
2
105
47
0
2
128
48
0
2
144
49
0
2
152
50
0
2
156
51
0
2
162
52
0
2
173
53
0
2
189
54
0
2
208
55
0
2
227
56
0
2
244
57
0
3
1
58
0
3
8
59
0
3
10
60
0
3
8
61
0
3
5
62
0
3
3
63
0
3
3
64
0
3
5
65
0
3
8
66
0
3
13
67
0
3
18
68
0
3
24
69
0
3
30
70
0
3
35
71
0
3
39
72
0
3
39
73
0
3
37
74
0
3
35
75
0
3
33
76
0
3
31
77
0
3
29
78
0
3
27
79
0
3
25
80
0
3
24
81
0
3
25
82
0
3
26
83
0
3
27
84
0
3
27
85
0
3
26
86
0
3
23
87
0
3
19
88
0
3
14
89
0
3
9
90
0
3
5
91
0
3
0
92
0
2
251
93
0
2
248
94
0
2
245
95
0
2
242
96
0
2
238
97
0
2
234
98
0
2
231
99
0
2
230
100
0
2
230
101
0
2
231
102
0
2
231
103
0
2
230
104
0
2
227
105
0
2
223
106
0
2
220
107
0
2
217
108
0
2
214
109
0
2
210
110
0
2
207
111
0
2
205
112
0
2
202
113
0
2
198
114
0
2
194
115
0
2
190
116
0
2
186
117
0
2
183
118
0
2
180
119
0
2
176
120
0
2
172
121
0
2
169
122
0
2
166
123
0
2
163
124
0
2
160
125
0
2
159
126
0
2
161
127
0
2
166
128
0
2
172
129
0
2
179
130
0
2
186
131
0
2
191
132
0
2
194
133
0
2
194
134
0
2
192
135
0
2
190
136
0
2
189
137
0
2
189
138
0
2
190
139
0
2
192
140
0
2
194
141
0
2
196
142
0
2
199
143
0
2
204
144
0
2
210
145
0
2
215
146
0
2
215
147
0
2
216
148
0
2
220
149
0
2
226
150
0
2
232
151
0
2
238
152
0
2
245
153
0
2
253
154
0
3
5
155
0
3
9
156
0
3
10
157
0
3
9
158
0
3
7
159
0
3
6
160
0
3
6
161
0
3
7
162
0
3
6
163
0
3
5
164
0
3
10
165
0
3
24
166
0
3
46
167
0
3
74
168
0
3
104
169
0
3
134
170
0
3
158
171
0
3
175
172
0
3
182
173
0
3
183
174
0
3
185
175
0
3
191
176
0
3
203
177
0
3
222
178
0
3
244
179
0
4
10
180
0
4
27
181
0
4
38
182
0
4
42
183
0
4
40
184
0
4
38
185
0
4
37
186
0
4
37
187
0
4
40
188
0
4
46
189
0
4
53
190
0
4
59
191
0
4
63
192
0
4
65
193
0
4
67
194
0
4
70
195
0
4
73
196
0
4
73
197
0
4
69
198
0
4
65
199
0
4
61
200
0
4
57
201
0
4
54
202
0
4
52
203
0
4
50
204
0
4
48
205
0
4
46
206
0
4
44
207
0
4
43
208
0
4
41
209
0
4
38
210
0
4
34
211
0
4
29
212
0
4
22
213
0
4
16
214
0
4
11
215
0
4
6
216
0
4
1
217
0
3
252
218
0
3
248
219
0
3
245
220
0
3
243
221
0
3
241
222
0
3
238
223
0
3
235
224
0
3
231
225
0
3
226
226
0
3
220
227
0
3
216
228
0
3
214
229
0
3
214
230
0
3
214
231
0
3
214
232
0
3
213
233
0
3
210
234
0
3
205
235
0
3
201
236
0
3
200
237
0
3
201
238
0
3
202
239
0
3
201
240
0
3
199
241
0
3
196
242
0
3
192
243
0
3
187
244
0
3
184
245
0
3
184
246
0
3
184
247
0
3
183
248
0
3
181
249
0
3
179
250
0
3
178
251
0
3
178
252
0
3
178
253
0
3
179
254
0
3
181
255
0
3
182
0
0
3
181
1
0
3
178
2
0
3
173
3
0
3
168
4
0
3
164
5
0
3
161
6
0
3
160
7
0
3
160
8
0
3
160
9
0
3
160
10
0
3
160
11
0
3
161
12
0
3
165
13
0
3
169
14
0
3
169
15
0
3
169
16
0
3
173
17
0
3
182
18
0
3
193
19
0
3
204
20
0
3
214
21
0
3
223
22
0
3
230
23
0
3
234
24
0
3
234
25
0
3
231
26
0
3
228
27
0
3
224
28
0
3
219
29
0
3
215
30
0
3
211
31
0
3
206
32
0
3
204
33
0
3
208
34
0
3
219
35
0
3
236
36
0
4
1
37
0
4
23
38
0
4
43
39
0
4
57
40
0
4
63
41
0
4
64
42
0
4
61
43
0
4
56
44
0
4
54
45
0
4
60
46
0
4
75
47
0
4
95
48
0
4
116
49
0
4
133
50
0
4
142
51
0
4
143
52
0
4
143
53
0
4
146
54
0
4
150
55
0
4
154
56
0
4
157
57
0
4
158
58
0
4
157
59
0
4
153
60
0
4
147
61
0
4
141
62
0
4
138
63
0
4
139
64
0
4
143
65
0
4
148
66
0
4
151
67
0
4
150
68
0
4
146
69
0
4
144
70
0
4
146
71
0
4
152
72
0
4
159
73
0
4
165
74
0
4
169
75
0
4
172
76
0
4
175
77
0
4
177
78
0
4
177
79
0
4
173
80
0
4
168
81
0
4
164
82
0
4
161
83
0
4
159
84
0
4
160
85
0
4
164
86
0
4
170
87
0
4
175
88
0
4
176
89
0
4
173
90
0
4
167
91
0
4
159
92
0
4
151
93
0
4
145
94
0
4
141
95
0
4
139
96
0
4
140
97
0
4
143
98
0
4
146
99
0
4
148
100
0
4
147
101
0
4
143
102
0
4
137
103
0
4
133
104
0
4
134
105
0
4
140
106
0
4
149
107
0
4
159
108
0
4
165
109
0
4
165
110
0
4
161
111
0
4
154
112
0
4
146
113
0
4
141
114
0
4
141
115
0
4
144
116
0
4
147
117
0
4
146
118
0
4
142
119
0
4
137
120
0
4
134
121
0
4
135
122
0
4
138
123
0
4
141
124
0
4
142
125
0
4
142
126
0
4
140
127
0
4
138
128
0
4
134
129
0
4
128
130
0
4
124
131
0
4
124
132
0
4
125
133
0
4
125
134
0
4
124
135
0
4
123
136
0
4
123
137
0
4
126
138
0
4
133
139
0
4
138
140
0
4
137
141
0
4
138
142
0
4
145
143
0
4
155
144
0
4
163
145
0
4
167
146
0
4
169
147
0
4
172
148
0
4
176
149
0
4
179
150
0
4
177
151
0
4
173
152
0
4
167
153
0
4
162
154
0
4
159
155
0
4
157
156
0
4
152
157
0
4
148
158
0
4
149
159
0
4
156
160
0
4
167
161
0
4
183
162
0
4
204
163
0
4
228
164
0
4
252
165
0
5
14
166
0
5
22
167
0
5
21
168
0
5
18
169
0
5
15
170
0
5
17
171
0
5
27
172
0
5
45
173
0
5
66
174
0
5
84
175
0
5
95
176
0
5
97
177
0
5
94
178
0
5
91
179
0
5
89
180
0
5
86
181
0
5
81
182
0
5
74
183
0
5
67
184
0
5
61
185
0
5
58
186
0
5
59
187
0
5
63
188
0
5
70
189
0
5
78
190
0
5
84
191
0
5
86
192
0
5
83
193
0
5
78
194
0
5
75
195
0
5
76
196
0
5
82
197
0
5
90
198
0
5
98
199
0
5
103
200
0
5
106
201
0
5
107
202
0
5
108
203
0
5
107
204
0
5
102
205
0
5
99
206
0
5
99
207
0
5
100
208
0
5
100
209
0
5
98
210
0
5
96
211
0
5
94
212
0
5
91
213
0
5
85
214
0
5
78
215
0
5
69
216
0
5
60
217
0
5
51
218
0
5
43
219
0
5
37
220
0
5
33
221
0
5
31
222
0
5
31
223
0
5
31
224
0
5
30
225
0
5
27
226
0
5
21
227
0
5
16
228
0
5
15
229
0
5
18
230
0
5
23
231
0
5
28
232
0
5
31
233
0
5
31
234
0
5
27
235
0
5
21
236
0
5
14
237
0
5
6
238
0
4
255
239
0
4
252
240
0
4
252
241
0
4
253
242
0
4
252
243
0
4
247
244
0
4
242
245
0
4
241
246
0
4
246
247
0
4
254
248
0
5
5
249
0
5
7
250
0
5
6
251
0
5
5
252
0
5
4
253
0
5
0
254
0
4
251
255
0
4
250
0
0
4
253
1
0
5
1
2
0
5
4
3
0
5
6
4
0
5
6
5
0
5
4
6
0
5
3
7
0
5
4
8
0
5
5
9
0
5
1
10
0
4
255
11
0
5
3
12
0
5
8
13
0
5
13
14
0
5
15
15
0
5
17
16
0
5
21
17
0
5
28
18
0
5
35
19
0
5
38
20
0
5
35
21
0
5
32
22
0
5
29
23
0
5
25
24
0
5
19
25
0
5
14
26
0
5
11
27
0
5
11
28
0
5
12
29
0
5
12
30
0
5
10
31
0
5
11
32
0
5
18
33
0
5
31
34
0
5
44
35
0
5
51
36
0
5
51
37
0
5
47
38
0
5
42
39
0
5
38
40
0
5
31
41
0
5
30
42
0
5
36
43
0
5
47
44
0
5
58
45
0
5
66
46
0
5
70
47
0
5
70
48
0
5
65
49
0
5
61
50
0
5
60
51
0
5
60
52
0
5
59
53
0
5
55
54
0
5
50
55
0
5
46
56
0
5
46
57
0
5
48
58
0
5
48
59
0
5
44
60
0
5
39
61
0
5
37
62
0
5
39
63
0
5
41
64
0
5
37
65
0
5
38
66
0
5
44
67
0
5
51
68
0
5
56
69
0
5
59
70
0
5
62
71
0
5
65
72
0
5
67
73
0
5
65
74
0
5
61
75
0
5
59
76
0
5
57
77
0
5
52
78
0
5
45
79
0
5
36
80
0
5
30
81
0
5
29
82
0
5
32
83
0
5
36
84
0
5
38
85
0
5
37
86
0
5
33
87
0
5
27
88
0
5
20
89
0
5
16
90
0
5
18
91
0
5
24
92
0
5
31
93
0
5
35
94
0
5
36
95
0
5
33
96
0
5
26
97
0
5
21
98
0
5
19
99
0
5
19
100
0
5
19
101
0
5
17
102
0
5
13
103
0
5
9
104
0
5
6
105
0
5
1
106
0
4
250
107
0
4
244
108
0
4
238
109
0
4
232
110
0
4
227
111
0
4
225
112
0
4
224
113
0
4
223
114
0
4
222
115
0
4
223
116
0
4
227
117
0
4
233
118
0
4
238
119
0
4
240
120
0
4
240
121
0
4
239
122
0
4
237
123
0
4
232
124
0
4
228
125
0
4
228
126
0
4
232
127
0
4
238
128
0
4
242
129
0
4
243
130
0
4
242
131
0
4
240
132
0
4
238
133
0
4
234
134
0
4
227
135
0
4
220
136
0
4
215
137
0
4
210
138
0
4
205
139
0
4
205
140
0
4
212
141
0
4
221
142
0
4
229
143
0
4
236
144
0
4
243
145
0
4
249
146
0
4
251
147
0
4
250
148
0
4
251
149
0
4
252
150
0
4
251
151
0
4
248
152
0
4
243
153
0
4
236
154
0
4
228
155
0
4
219
156
0
4
212
157
0
4
209
158
0
4
212
159
0
4
222
160
0
4
240
161
0
5
4
162
0
5
19
163
0
5
25
164
0
5
24
165
0
5
21
166
0
5
17
167
0
5
12
168
0
5
14
169
0
5
26
170
0
5
43
171
0
5
58
172
0
5
67
173
0
5
72
174
0
5
73
175
0
5
68
176
0
5
66
177
0
5
68
178
0
5
70
179
0
5
69
180
0
5
64
181
0
5
61
182
0
5
61
183
0
5
63
184
0
5
64
185
0
5
61
186
0
5
56
187
0
5
51
188
0
5
50
189
0
5
51
190
0
5
50
191
0
5
47
192
0
5
49
193
0
5
55
194
0
5
62
195
0
5
67
196
0
5
71
197
0
5
75
198
0
5
78
199
0
5
78
200
0
5
73
201
0
5
67
202
0
5
61
203
0
5
55
204
0
5
49
205
0
5
44
206
0
5
41
207
0
5
39
208
0
5
39
209
0
5
42
210
0
5
47
211
0
5
51
212
0
5
51
213
0
5
46
214
0
5
41
215
0
5
38
216
0
5
39
217
0
5
43
218
0
5
48
219
0
5
53
220
0
5
56
221
0
5
56
222
0
5
53
223
0
5
48
224
0
5
45
225
0
5
43
226
0
5
40
227
0
5
34
228
0
5
27
229
0
5
22
230
0
5
23
231
0
5
27
232
0
5
28
233
0
5
24
234
0
5
20
235
0
5
15
236
0
5
10
237
0
5
6
238
0
5
4
239
0
5
3
240
0
5
1
241
0
4
254
242
0
4
253
243
0
4
254
244
0
4
255
245
0
4
255
246
0
4
255
247
0
5
0
248
0
4
255
249
0
4
253
250
0
4
248
251
0
4
244
252
0
4
241
253
0
4
239
254
0
4
237
255
0
4
234
0
0
4
231
1
0
4
228
2
0
4
224
3
0
4
217
4
0
4
209
5
0
4
203
6
0
4
203
7
0
4
208
8
0
4
212
9
0
4
212
10
0
4
217
11
0
4
227
12
0
4
236
13
0
4
242
14
0
4
249
15
0
5
4
16
0
5
16
17
0
5
23
18
0
5
23
19
0
5
26
20
0
5
31
21
0
5
33
22
0
5
29
23
0
5
25
24
0
5
21
25
0
5
14
26
0
5
9
27
0
5
9
28
0
5
14
29
0
5
24
30
0
5
40
31
0
5
60
32
0
5
79
33
0
5
92
34
0
5
95
35
0
5
93
36
0
5
89
37
0
5
85
38
0
5
85
39
0
5
91
40
0
5
101
41
0
5
111
42
0
5
117
43
0
5
120
44
0
5
121
45
0
5
121
46
0
5
116
47
0
5
114
48
0
5
116
49
0
5
118
50
0
5
117
51
0
5
114
52
0
5
112
53
0
5
112
54
0
5
112
55
0
5
110
56
0
5
105
57
0
5
100
58
0
5
93
59
0
5
88
60
0
5
88
61
0
5
89
62
0
5
85
63
0
5
82
64
0
5
81
65
0
5
81
66
0
5
81
67
0
5
81
68
0
5
82
69
0
5
84
70
0
5
86
71
0
5
86
72
0
5
82
73
0
5
77
74
0
5
73
75
0
5
69
76
0
5
64
77
0
5
59
78
0
5
55
79
0
5
55
80
0
5
58
81
0
5
62
82
0
5
63
83
0
5
60
84
0
5
53
85
0
5
45
86
0
5
39
87
0
5
36
88
0
5
37
89
0
5
40
90
0
5
44
91
0
5
48
92
0
5
50
93
0
5
49
94
0
5
44
95
0
5
41
96
0
5
39
97
0
5
37
98
0
5
34
99
0
5
32
100
0
5
32
101
0
5
35
102
0
5
36
103
0
5
32
104
0
5
29
105
0
5
27
106
0
5
24
107
0
5
18
108
0
5
11
109
0
5
4
110
0
4
254
111
0
4
248
112
0
4
241
113
0
4
235
114
0
4
231
115
0
4
230
116
0
4
232
117
0
4
236
118
0
4
241
119
0
4
245
120
0
4
245
121
0
4
242
122
0
4
239
123
0
4
237
124
0
4
235
125
0
4
233
126
0
4
232
127
0
4
233
128
0
4
233
129
0
4
229
130
0
4
224
131
0
4
218
132
0
4
214
133
0
4
217
134
0
4
225
135
0
4
229
136
0
4
230
137
0
4
235
138
0
4
243
139
0
4
250
140
0
5
0
141
0
5
7
142
0
5
18
143
0
5
30
144
0
5
37
145
0
5
37
146
0
5
41
147
0
5
46
148
0
5
49
149
0
5
45
150
0
5
41
151
0
5
36
152
0
5
29
153
0
5
25
154
0
5
25
155
0
5
28
156
0
5
34
157
0
5
43
158
0
5
57
159
0
5
72
160
0
5
83
161
0
5
85
162
0
5
84
163
0
5
83
164
0
5
81
165
0
5
79
166
0
5
77
167
0
5
75
168
0
5
75
169
0
5
77
170
0
5
80
171
0
5
84
172
0
5
85
173
0
5
81
174
0
5
78
175
0
5
78
176
0
5
77
177
0
5
73
178
0
5
66
179
0
5
60
180
0
5
57
181
0
5
57
182
0
5
56
183
0
5
50
184
0
5
45
185
0
5
40
186
0
5
36
187
0
5
37
188
0
5
43
189
0
5
46
190
0
5
43
191
0
5
41
192
0
5
39
193
0
5
37
194
0
5
36
195
0
5
40
196
0
5
49
197
0
5
59
198
0
5
65
199
0
5
63
200
0
5
61
201
0
5
61
202
0
5
60
203
0
5
57
204
0
5
50
205
0
5
42
206
0
5
36
207
0
5
35
208
0
5
38
209
0
5
43
210
0
5
46
211
0
5
44
212
0
5
38
213
0
5
33
214
0
5
32
215
0
5
35
216
0
5
41
217
0
5
48
218
0
5
55
219
0
5
60
220
0
5
60
221
0
5
56
222
0
5
54
223
0
5
53
224
0
5
52
225
0
5
50
226
0
5
48
227
0
5
47
228
0
5
46
229
0
5
42
230
0
5
37
231
0
5
34
232
0
5
31
233
0
5
24
234
0
5
19
235
0
5
15
236
0
5
9
237
0
5
1
238
0
4
249
239
0
4
242
240
0
4
237
241
0
4
235
242
0
4
238
243
0
4
246
244
0
5
2
245
0
5
12
246
0
5
18
247
0
5
17
248
0
5
13
249
0
5
9
250
0
5
5
251
0
5
1
252
0
4
253
253
0
4
250
254
0
4
248
255
0
4
247
0
0
4
245
1
0
4
240
2
0
4
234
3
0
4
232
4
0
4
240
5
0
4
255
6
0
5
13
7
0
5
15
8
0
5
21
9
0
5
33
10
0
5
46
11
0
5
57
12
0
5
70
13
0
5
86
14
0
5
104
15
0
5
117
16
0
5
119
17
0
5
124
18
0
5
132
19
0
5
137
20
0
5
134
21
0
5
130
22
0
5
124
23
0
5
119
24
0
5
117
25
0
5
119
26
0
5
122
27
0
5
126
28
0
5
131
29
0
5
138
30
0
5
148
31
0
5
155
32
0
5
153
33
0
5
152
34
0
5
152
35
0
5
148
36
0
5
143
37
0
5
139
38
0
5
132
39
0
5
128
40
0
5
129
41
0
5
136
42
0
5
145
43
0
5
153
44
0
5
155
45
0
5
152
46
0
5
151
47
0
5
154
48
0
5
158
49
0
5
162
50
0
5
165
51
0
5
167
52
0
5
166
53
0
5
161
54
0
5
159
55
0
5
160
56
0
5
161
57
0
5
157
58
0
5
158
59
0
5
167
60
0
5
180
61
0
5
188
62
0
5
186
63
0
5
184
64
0
5
185
65
0
5
190
66
0
5
198
67
0
5
209
68
0
5
221
69
0
5
229
70
0
5
228
71
0
5
226
72
0
5
225
73
0
5
222
74
0
5
215
75
0
5
208
76
0
5
200
77
0
5
193
78
0
5
191
79
0
5
195
80
0
5
203
81
0
5
210
82
0
5
212
83
0
5
208
84
0
5
202
85
0
5
198
86
0
5
197
87
0
5
200
88
0
5
206
89
0
5
215
90
0
5
222
91
0
5
224
92
0
5
220
93
0
5
217
94
0
5
216
95
0
5
214
96
0
5
210
97
0
5
203
98
0
5
194
99
0
5
184
100
0
5
175
101
0
5
168
102
0
5
162
103
0
5
156
104
0
5
150
105
0
5
145
106
0
5
142
107
0
5
139
108
0
5
132
109
0
5
127
110
0
5
128
111
0
5
131
112
0
5
135
113
0
5
139
114
0
5
144
115
0
5
149
116
0
5
153
117
0
5
152
118
0
5
147
119
0
5
141
120
0
5
133
121
0
5
125
122
0
5
119
123
0
5
111
124
0
5
105
125
0
5
103
126
0
5
104
127
0
5
105
128
0
5
104
129
0
5
102
130
0
5
102
131
0
5
107
132
0
5
117
133
0
5
126
134
0
5
127
135
0
5
129
136
0
5
136
137
0
5
146
138
0
5
155
139
0
5
163
140
0
5
172
141
0
5
184
142
0
5
196
143
0
5
201
144
0
5
202
145
0
5
206
146
0
5
210
147
0
5
208
148
0
5
205
149
0
5
203
150
0
5
198
151
0
5
193
152
0
5
192
153
0
5
195
154
0
5
199
155
0
5
204
156
0
5
212
157
0
5
223
158
0
5
236
159
0
5
243
160
0
5
242
161
0
5
241
162
0
5
239
163
0
5
233
164
0
5
227
165
0
5
219
166
0
5
216
167
0
5
221
168
0
5
231
169
0
5
241
170
0
5
245
171
0
5
242
172
0
5
237
173
0
5
234
174
0
5
234
175
0
5
237
176
0
5
240
177
0
5
242
178
0
5
241
179
0
5
236
180
0
5
230
181
0
5
226
182
0
5
224
183
0
5
222
184
0
5
215
185
0
5
213
186
0
5
218
187
0
5
229
188
0
5
237
189
0
5
236
190
0
5
235
191
0
5
237
192
0
5
242
193
0
5
250
194
0
6
5
195
0
6
16
196
0
6
24
197
0
6
24
198
0
6
20
199
0
6
16
200
0
6
11
201
0
6
3
202
0
5
249
203
0
5
240
204
0
5
233
205
0
5
231
206
0
5
234
207
0
5
240
208
0
5
246
209
0
5
249
210
0
5
247
211
0
5
242
212
0
5
238
213
0
5
237
214
0
5
239
215
0
5
244
216
0
5
251
217
0
6
3
218
0
6
7
219
0
6
6
220
0
6
0
221
0
5
250
222
0
5
246
223
0
5
241
224
0
5
234
225
0
5
225
226
0
5
217
227
0
5
212
228
0
5
210
229
0
5
208
230
0
5
204
231
0
5
197
232
0
5
191
233
0
5
188
234
0
5
186
235
0
5
180
236
0
5
175
237
0
5
173
238
0
5
173
239
0
5
173
240
0
5
173
241
0
5
175
242
0
5
180
243
0
5
187
244
0
5
192
245
0
5
192
246
0
5
187
247
0
5
179
248
0
5
170
249
0
5
161
250
0
5
151
251
0
5
145
252
0
5
146
253
0
5
152
254
0
5
158
255
0
5
160
0
0
5
156
1
0
5
150
2
0
5
148
3
0
5
152
4
0
5
160
5
0
5
163
6
0
5
162
7
0
5
166
8
0
5
175
9
0
5
184
10
0
5
192
11
0
5
201
12
0
5
214
13
0
5
230
14
0
5
243
15
0
5
245
16
0
5
247
17
0
5
251
18
0
5
253
19
0
5
249
20
0
5
244
21
0
5
237
22
0
5
232
23
0
5
230
24
0
5
231
25
0
5
232
26
0
5
233
27
0
5
237
28
0
5
247
29
0
6
6
30
0
6
18
31
0
6
21
32
0
6
21
33
0
6
21
34
0
6
18
35
0
6
12
36
0
6
4
37
0
5
255
38
0
6
3
39
0
6
11
40
0
6
19
41
0
6
21
42
0
6
16
43
0
6
10
44
0
6
5
45
0
6
3
46
0
6
4
47
0
6
6
48
0
6
5
49
0
6
0
50
0
5
247
51
0
5
239
52
0
5
232
53
0
5
226
54
0
5
221
55
0
5
214
56
0
5
210
57
0
5
213
58
0
5
221
59
0
5
229
60
0
5
229
61
0
5
228
62
0
5
229
63
0
5
233
64
0
5
239
65
0
5
247
66
0
6
0
67
0
6
7
68
0
6
9
69
0
6
4
70
0
5
254
71
0
5
248
72
0
5
241
73
0
5
233
74
0
5
226
75
0
5
221
76
0
5
221
77
0
5
225
78
0
5
231
79
0
5
236
80
0
5
238
81
0
5
234
82
0
5
228
83
0
5
224
84
0
5
223
85
0
5
224
86
0
5
227
87
0
5
231
88
0
5
236
89
0
5
241
90
0
5
244
91
0
5
243
92
0
5
238
93
0
5
236
94
0
5
236
95
0
5
235
96
0
5
231
97
0
5
226
98
0
5
222
99
0
5
221
100
0
5
221
101
0
5
218
102
0
5
211
103
0
5
203
104
0
5
199
105
0
5
197
106
0
5
193
107
0
5
188
108
0
5
187
109
0
5
187
110
0
5
187
111
0
5
188
112
0
5
191
113
0
5
198
114
0
5
205
115
0
5
210
116
0
5
211
117
0
5
209
118
0
5
205
119
0
5
198
120
0
5
189
121
0
5
181
122
0
5
177
123
0
5
179
124
0
5
187
125
0
5
197
126
0
5
204
127
0
5
204
128
0
5
199
129
0
5
194
130
0
5
193
131
0
5
196
132
0
5
198
133
0
5
195
134
0
5
197
135
0
5
205
136
0
5
214
137
0
5
221
138
0
5
229
139
0
5
241
140
0
6
1
141
0
6
15
142
0
6
20
143
0
6
21
144
0
6
25
145
0
6
29
146
0
6
30
147
0
6
26
148
0
6
20
149
0
6
14
150
0
6
9
151
0
6
6
152
0
6
4
153
0
6
5
154
0
6
10
155
0
6
21
156
0
6
36
157
0
6
49
158
0
6
54
159
0
6
53
160
0
6
52
161
0
6
51
162
0
6
48
163
0
6
46
164
0
6
47
165
0
6
54
166
0
6
64
167
0
6
72
168
0
6
74
169
0
6
69
170
0
6
63
171
0
6
59
172
0
6
58
173
0
6
58
174
0
6
57
175
0
6
52
176
0
6
45
177
0
6
37
178
0
6
30
179
0
6
23
180
0
6
14
181
0
6
4
182
0
5
250
183
0
5
242
184
0
5
239
185
0
5
239
186
0
5
238
187
0
5
232
188
0
5
228
189
0
5
226
190
0
5
225
191
0
5
224
192
0
5
226
193
0
5
231
194
0
5
238
195
0
5
242
196
0
5
241
197
0
5
236
198
0
5
231
199
0
5
228
200
0
5
226
201
0
5
224
202
0
5
222
203
0
5
222
204
0
5
226
205
0
5
231
206
0
5
234
207
0
5
230
208
0
5
226
209
0
5
222
210
0
5
217
211
0
5
211
212
0
5
207
213
0
5
207
214
0
5
210
215
0
5
215
216
0
5
219
217
0
5
221
218
0
5
220
219
0
5
214
220
0
5
210
221
0
5
208
222
0
5
206
223
0
5
203
224
0
5
200
225
0
5
201
226
0
5
205
227
0
5
208
228
0
5
205
229
0
5
199
230
0
5
192
231
0
5
188
232
0
5
186
233
0
5
179
234
0
5
175
235
0
5
174
236
0
5
172
237
0
5
169
238
0
5
169
239
0
5
174
240
0
5
183
241
0
5
192
242
0
5
198
243
0
5
200
244
0
5
199
245
0
5
196
246
0
5
189
247
0
5
184
248
0
5
182
249
0
5
182
250
0
5
183
251
0
5
185
252
0
5
190
253
0
5
195
254
0
5
196
255
0
5
191
0
0
5
184
1
0
5
180
2
0
5
182
3
0
5
185
4
0
5
182
5
0
5
186
6
0
5
197
7
0
5
208
8
0
5
215
9
0
5
220
10
0
5
228
11
0
5
242
12
0
5
255
13
0
6
4
14
0
6
3
15
0
6
3
16
0
6
3
17
0
6
0
18
0
5
252
19
0
5
248
20
0
5
245
21
0
5
243
22
0
5
242
23
0
5
244
24
0
5
249
25
0
6
2
26
0
6
13
27
0
6
24
28
0
6
31
29
0
6
30
30
0
6
26
31
0
6
22
32
0
6
17
33
0
6
11
34
0
6
7
35
0
6
7
36
0
6
11
37
0
6
17
38
0
6
22
39
0
6
25
40
0
6
25
41
0
6
19
42
0
6
15
43
0
6
17
44
0
6
22
45
0
6
27
46
0
6
27
47
0
6
24
48
0
6
20
49
0
6
15
50
0
6
7
51
0
5
255
52
0
5
250
53
0
5
245
54
0
5
238
55
0
5
236
56
0
5
238
57
0
5
238
58
0
5
233
59
0
5
229
60
0
5
227
61
0
5
225
62
0
5
223
63
0
5
224
64
0
5
229
65
0
5
237
66
0
5
243
67
0
5
243
68
0
5
239
69
0
5
237
70
0
5
236
71
0
5
233
72
0
5
229
73
0
5
224
74
0
5
221
75
0
5
223
76
0
5
228
77
0
5
232
78
0
5
231
79
0
5
225
80
0
5
217
81
0
5
207
82
0
5
197
83
0
5
192
84
0
5
193
85
0
5
200
86
0
5
208
87
0
5
214
88
0
5
217
89
0
5
218
90
0
5
215
91
0
5
208
92
0
5
202
93
0
5
198
94
0
5
197
95
0
5
198
96
0
5
203
97
0
5
210
98
0
5
216
99
0
5
217
100
0
5
214
101
0
5
210
102
0
5
207
103
0
5
203
104
0
5
197
105
0
5
195
106
0
5
197
107
0
5
199
108
0
5
200
109
0
5
203
110
0
5
210
111
0
5
219
112
0
5
228
113
0
5
234
114
0
5
235
115
0
5
232
116
0
5
226
117
0
5
219
118
0
5
214
119
0
5
212
120
0
5
212
121
0
5
213
122
0
5
215
123
0
5
219
124
0
5
224
125
0
5
226
126
0
5
223
127
0
5
216
128
0
5
210
129
0
5
209
130
0
5
209
131
0
5
204
132
0
5
205
133
0
5
215
134
0
5
227
135
0
5
234
136
0
5
237
137
0
5
242
138
0
5
252
139
0
6
7
140
0
6
12
141
0
6
10
142
0
6
8
143
0
6
7
144
0
6
4
145
0
6
0
146
0
5
251
147
0
5
248
148
0
5
245
149
0
5
243
150
0
5
244
151
0
5
247
152
0
5
252
153
0
6
3
154
0
6
10
155
0
6
15
156
0
6
13
157
0
6
8
158
0
6
3
159
0
5
252
160
0
5
243
161
0
5
234
162
0
5
228
163
0
5
228
164
0
5
231
165
0
5
235
166
0
5
238
167
0
5
239
168
0
5
236
169
0
5
230
170
0
5
228
171
0
5
229
172
0
5
232
173
0
5
233
174
0
5
232
175
0
5
229
176
0
5
224
177
0
5
217
178
0
5
209
179
0
5
203
180
0
5
198
181
0
5
190
182
0
5
186
183
0
5
188
184
0
5
192
185
0
5
191
186
0
5
188
187
0
5
186
188
0
5
186
189
0
5
188
190
0
5
192
191
0
5
199
192
0
5
207
193
0
5
213
194
0
5
212
195
0
5
208
196
0
5
205
197
0
5
203
198
0
5
201
199
0
5
198
200
0
5
194
201
0
5
190
202
0
5
188
203
0
5
190
204
0
5
193
205
0
5
194
206
0
5
190
207
0
5
184
208
0
5
178
209
0
5
173
210
0
5
170
211
0
5
171
212
0
5
177
213
0
5
185
214
0
5
193
215
0
5
198
216
0
5
198
217
0
5
192
218
0
5
186
219
0
5
181
220
0
5
176
221
0
5
172
222
0
5
170
223
0
5
172
224
0
5
178
225
0
5
184
226
0
5
187
227
0
5
185
228
0
5
181
229
0
5
178
230
0
5
174
231
0
5
167
232
0
5
163
233
0
5
165
234
0
5
170
235
0
5
175
236
0
5
178
237
0
5
181
238
0
5
185
239
0
5
190
240
0
5
194
241
0
5
194
242
0
5
189
243
0
5
182
244
0
5
173
245
0
5
164
246
0
5
156
247
0
5
152
248
0
5
152
249
0
5
155
250
0
5
160
251
0
5
165
252
0
5
166
253
0
5
161
254
0
5
155
255
0
5
147
0
0
5
143
1
0
5
143
2
0
5
141
3
0
5
139
4
0
5
144
5
0
5
152
6
0
5
157
7
0
5
158
8
0
5
159
9
0
5
166
10
0
5
178
11
0
5
189
12
0
5
191
13
0
5
191
14
0
5
193
15
0
5
194
16
0
5
190
17
0
5
182
18
0
5
174
19
0
5
169
20
0
5
166
21
0
5
166
22
0
5
167
23
0
5
170
24
0
5
176
25
0
5
186
26
0
5
196
27
0
5
201
28
0
5
198
29
0
5
195
30
0
5
191
31
0
5
184
32
0
5
177
33
0
5
169
34
0
5
165
35
0
5
168
36
0
5
176
37
0
5
184
38
0
5
190
39
0
5
192
40
0
5
189
41
0
5
184
42
0
5
182
43
0
5
184
44
0
5
189
45
0
5
193
46
0
5
194
47
0
5
192
48
0
5
186
49
0
5
177
50
0
5
168
51
0
5
161
52
0
5
153
53
0
5
146
54
0
5
144
55
0
5
146
56
0
5
148
57
0
5
144
58
0
5
141
59
0
5
142
60
0
5
146
61
0
5
152
62
0
5
159
63
0
5
167
64
0
5
173
65
0
5
173
66
0
5
169
67
0
5
166
68
0
5
165
69
0
5
165
70
0
5
163
71
0
5
159
72
0
5
154
73
0
5
150
74
0
5
149
75
0
5
150
76
0
5
150
77
0
5
145
78
0
5
138
79
0
5
131
80
0
5
124
81
0
5
120
82
0
5
118
83
0
5
120
84
0
5
126
85
0
5
133
86
0
5
138
87
0
5
138
88
0
5
133
89
0
5
127
90
0
5
122
91
0
5
118
92
0
5
114
93
0
5
111
94
0
5
109
95
0
5
108
96
0
5
108
97
0
5
107
98
0
5
105
99
0
5
102
100
0
5
101
101
0
5
101
102
0
5
99
103
0
5
95
104
0
5
94
105
0
5
97
106
0
5
100
107
0
5
102
108
0
5
103
109
0
5
106
110
0
5
112
111
0
5
119
112
0
5
123
113
0
5
121
114
0
5
115
115
0
5
108
116
0
5
101
117
0
5
94
118
0
5
87
119
0
5
85
120
0
5
89
121
0
5
96
122
0
5
103
123
0
5
105
124
0
5
102
125
0
5
95
126
0
5
88
127
0
5
85
128
0
5
85
129
0
5
84
130
0
5
80
131
0
5
81
132
0
5
85
133
0
5
88
134
0
5
89
135
0
5
90
136
0
5
97
137
0
5
110
138
0
5
124
139
0
5
132
140
0
5
132
141
0
5
133
142
0
5
135
143
0
5
134
144
0
5
129
145
0
5
123
146
0
5
119
147
0
5
117
148
0
5
116
149
0
5
116
150
0
5
118
151
0
5
124
152
0
5
135
153
0
5
148
154
0
5
159
155
0
5
162
156
0
5
160
157
0
5
157
158
0
5
151
159
0
5
142
160
0
5
134
161
0
5
131
162
0
5
136
163
0
5
146
164
0
5
156
165
0
5
163
166
0
5
164
167
0
5
160
168
0
5
154
169
0
5
150
170
0
5
150
171
0
5
153
172
0
5
156
173
0
5
157
174
0
5
156
175
0
5
152
176
0
5
145
177
0
5
136
178
0
5
127
179
0
5
119
180
0
5
111
181
0
5
107
182
0
5
108
183
0
5
110
184
0
5
108
185
0
5
106
186
0
5
107
187
0
5
111
188
0
5
117
189
0
5
124
190
0
5
132
191
0
5
139
192
0
5
142
193
0
5
139
194
0
5
136
195
0
5
135
196
0
5
135
197
0
5
134
198
0
5
130
199
0
5
124
200
0
5
120
201
0
5
119
202
0
5
121
203
0
5
122
204
0
5
120
205
0
5
114
206
0
5
107
207
0
5
101
208
0
5
96
209
0
5
94
210
0
5
95
211
0
5
100
212
0
5
107
213
0
5
114
214
0
5
118
215
0
5
117
216
0
5
112
217
0
5
107
218
0
5
104
219
0
5
103
220
0
5
103
221
0
5
103
222
0
5
102
223
0
5
101
224
0
5
100
225
0
5
97
226
0
5
93
227
0
5
90
228
0
5
89
229
0
5
89
230
0
5
85
231
0
5
81
232
0
5
79
233
0
5
78
234
0
5
78
235
0
5
80
236
0
5
85
237
0
5
94
238
0
5
103
239
0
5
110
240
0
5
111
241
0
5
108
242
0
5
103
243
0
5
97
244
0
5
89
245
0
5
82
246
0
5
77
247
0
5
76
248
0
5
79
249
0
5
84
250
0
5
88
251
0
5
88
252
0
5
85
253
0
5
84
254
0
5
86
255
0
5
92
0
0
5
95
1
0
5
93
2
0
5
95
3
0
5
101
4
0
5
107
5
0
5
111
6
0
5
116
7
0
5
126
8
0
5
141
9
0
5
155
10
0
5
163
11
0
5
161
12
0
5
159
13
0
5
157
14
0
5
155
15
0
5
152
16
0
5
149
17
0
5
147
18
0
5
146
19
0
5
145
20
0
5
146
21
0
5
148
22
0
5
153
23
0
5
161
24
0
5
170
25
0
5
177
26
0
5
178
27
0
5
174
28
0
5
169
29
0
5
162
30
0
5
154
31
0
5
145
32
0
5
140
33
0
5
142
34
0
5
150
35
0
5
159
36
0
5
166
37
0
5
169
38
0
5
166
39
0
5
161
40
0
5
159
41
0
5
160
42
0
5
164
43
0
5
169
44
0
5
172
45
0
5
171
46
0
5
166
47
0
5
159
48
0
5
151
49
0
5
144
50
0
5
137
51
0
5
129
52
0
5
125
53
0
5
127
54
0
5
131
55
0
5
131
56
0
5
127
57
0
5
128
58
0
5
132
59
0
5
138
60
0
5
145
61
0
5
153
62
0
5
160
63
0
5
164
64
0
5
162
65
0
5
159
66
0
5
158
67
0
5
158
68
0
5
156
69
0
5
150
70
0
5
142
71
0
5
134
72
0
5
130
73
0
5
131
74
0
5
134
75
0
5
135
76
0
5
131
77
0
5
124
78
0
5
117
79
0
5
110
80
0
5
106
81
0
5
107
82
0
5
114
83
0
5
123
84
0
5
131
85
0
5
134
86
0
5
133
87
0
5
127
88
0
5
121
89
0
5
117
90
0
5
115
91
0
5
114
92
0
5
112
93
0
5
109
94
0
5
106
95
0
5
104
96
0
5
102
97
0
5
99
98
0
5
96
99
0
5
96
100
0
5
98
101
0
5
99
102
0
5
95
103
0
5
92
104
0
5
92
105
0
5
95
106
0
5
100
107
0
5
108
108
0
5
118
109
0
5
128
110
0
5
134
111
0
5
135
112
0
5
132
113
0
5
126
114
0
5
120
115
0
5
113
116
0
5
105
117
0
5
99
118
0
5
96
119
0
5
97
120
0
5
103
121
0
5
110
122
0
5
115
123
0
5
117
124
0
5
118
125
0
5
121
126
0
5
127
127
0
5
132
128
0
5
128
129
0
5
129
130
0
5
136
131
0
5
146
132
0
5
154
133
0
5
161
134
0
5
172
135
0
5
187
136
0
5
203
137
0
5
214
138
0
5
214
139
0
5
213
140
0
5
212
141
0
5
210
142
0
5
207
143
0
5
204
144
0
5
202
145
0
5
201
146
0
5
202
147
0
5
205
148
0
5
211
149
0
5
219
150
0
5
228
151
0
5
237
152
0
5
243
153
0
5
244
154
0
5
240
155
0
5
235
156
0
5
230
157
0
5
223
158
0
5
216
159
0
5
211
160
0
5
211
161
0
5
216
162
0
5
224
163
0
5
232
164
0
5
235
165
0
5
233
166
0
5
229
167
0
5
227
168
0
5
228
169
0
5
231
170
0
5
235
171
0
5
238
172
0
5
238
173
0
5
233
174
0
5
225
175
0
5
217
176
0
5
208
177
0
5
198
178
0
5
189
179
0
5
184
180
0
5
183
181
0
5
183
182
0
5
181
183
0
5
176
184
0
5
175
185
0
5
178
186
0
5
183
187
0
5
189
188
0
5
194
189
0
5
198
190
0
5
200
191
0
5
197
192
0
5
192
193
0
5
189
194
0
5
187
195
0
5
185
196
0
5
179
197
0
5
170
198
0
5
162
199
0
5
158
200
0
5
160
201
0
5
163
202
0
5
163
203
0
5
158
204
0
5
151
205
0
5
142
206
0
5
133
207
0
5
126
208
0
5
125
209
0
5
129
210
0
5
135
211
0
5
141
212
0
5
143
213
0
5
141
214
0
5
136
215
0
5
128
216
0
5
120
217
0
5
115
218
0
5
110
219
0
5
106
220
0
5
104
221
0
5
104
222
0
5
105
223
0
5
104
224
0
5
102
225
0
5
101
226
0
5
103
227
0
5
107
228
0
5
108
229
0
5
105
230
0
5
104
231
0
5
105
232
0
5
106
233
0
5
108
234
0
5
114
235
0
5
124
236
0
5
136
237
0
5
145
238
0
5
149
239
0
5
148
240
0
5
144
241
0
5
138
242
0
5
130
243
0
5
122
244
0
5
117
245
0
5
115
246
0
5
117
247
0
5
122
248
0
5
128
249
0
5
130
250
0
5
128
251
0
5
124
252
0
5
124
253
0
5
129
254
0
5
135
255
0
5
135
0
0
5
136
1
0
5
143
2
0
5
152
3
0
5
158
4
0
5
163
5
0
5
171
6
0
5
185
7
0
5
201
8
0
5
211
9
0
5
211
10
0
5
210
11
0
5
209
12
0
5
207
13
0
5
203
14
0
5
199
15
0
5
197
16
0
5
197
17
0
5
198
18
0
5
201
19
0
5
205
20
0
5
211
21
0
5
217
22
0
5
223
23
0
5
227
24
0
5
228
25
0
5
223
26
0
5
217
27
0
5
211
28
0
5
204
29
0
5
196
30
0
5
189
31
0
5
186
32
0
5
189
33
0
5
196
34
0
5
204
35
0
5
209
36
0
5
208
37
0
5
204
38
0
5
201
39
0
5
201
40
0
5
203
41
0
5
205
42
0
5
205
43
0
5
202
44
0
5
196
45
0
5
188
46
0
5
180
47
0
5
172
48
0
5
164
49
0
5
155
50
0
5
151
51
0
5
152
52
0
5
156
53
0
5
158
54
0
5
154
55
0
5
153
56
0
5
155
57
0
5
159
58
0
5
163
59
0
5
167
60
0
5
171
61
0
5
174
62
0
5
173
63
0
5
168
64
0
5
164
65
0
5
161
66
0
5
157
67
0
5
149
68
0
5
141
69
0
5
132
70
0
5
128
71
0
5
130
72
0
5
135
73
0
5
138
74
0
5
136
75
0
5
129
76
0
5
120
77
0
5
111
78
0
5
103
79
0
5
100
80
0
5
103
81
0
5
111
82
0
5
119
83
0
5
124
84
0
5
125
85
0
5
123
86
0
5
118
87
0
5
111
88
0
5
103
89
0
5
96
90
0
5
91
91
0
5
89
92
0
5
89
93
0
5
91
94
0
5
92
95
0
5
91
96
0
5
90
97
0
5
92
98
0
5
97
99
0
5
101
100
0
5
98
101
0
5
97
102
0
5
98
103
0
5
99
104
0
5
99
105
0
5
102
106
0
5
110
107
0
5
123
108
0
5
137
109
0
5
145
110
0
5
147
111
0
5
145
112
0
5
141
113
0
5
136
114
0
5
128
115
0
5
123
116
0
5
123
117
0
5
127
118
0
5
134
119
0
5
140
120
0
5
144
121
0
5
144
122
0
5
142
123
0
5
140
124
0
5
141
125
0
5
144
126
0
5
143
127
0
5
140
128
0
5
142
129
0
5
147
130
0
5
152
131
0
5
156
132
0
5
163
133
0
5
175
134
0
5
191
135
0
5
205
136
0
5
211
137
0
5
210
138
0
5
209
139
0
5
208
140
0
5
206
141
0
5
203
142
0
5
201
143
0
5
200
144
0
5
200
145
0
5
201
146
0
5
203
147
0
5
207
148
0
5
213
149
0
5
220
150
0
5
227
151
0
5
231
152
0
5
229
153
0
5
225
154
0
5
220
155
0
5
214
156
0
5
205
157
0
5
197
158
0
5
193
159
0
5
195
160
0
5
201
161
0
5
207
162
0
5
209
163
0
5
207
164
0
5
201
165
0
5
195
166
0
5
191
167
0
5
190
168
0
5
191
169
0
5
192
170
0
5
190
171
0
5
185
172
0
5
177
173
0
5
167
174
0
5
157
175
0
5
147
176
0
5
136
177
0
5
128
178
0
5
126
179
0
5
129
180
0
5
130
181
0
5
125
182
0
5
123
183
0
5
125
184
0
5
129
185
0
5
133
186
0
5
137
187
0
5
142
188
0
5
147
189
0
5
150
190
0
5
147
191
0
5
142
192
0
5
139
193
0
5
136
194
0
5
131
195
0
5
123
196
0
5
115
197
0
5
111
198
0
5
113
199
0
5
119
200
0
5
124
201
0
5
124
202
0
5
119
203
0
5
112
204
0
5
104
205
0
5
96
206
0
5
91
207
0
5
92
208
0
5
98
209
0
5
106
210
0
5
112
211
0
5
115
212
0
5
114
213
0
5
110
214
0
5
103
215
0
5
95
216
0
5
88
217
0
5
82
218
0
5
78
219
0
5
77
220
0
5
78
221
0
5
79
222
0
5
79
223
0
5
78
224
0
5
80
225
0
5
86
226
0
5
91
227
0
5
89
228
0
5
88
229
0
5
90
230
0
5
92
231
0
5
93
232
0
5
96
233
0
5
104
234
0
5
117
235
0
5
132
236
0
5
142
237
0
5
146
238
0
5
145
239
0
5
141
240
0
5
136
241
0
5
128
242
0
5
121
243
0
5
119
244
0
5
122
245
0
5
128
246
0
5
135
247
0
5
141
248
0
5
144
249
0
5
143
250
0
5
142
251
0
5
144
252
0
5
149
253
0
5
152
254
0
5
150
255
0
5
153
0
0
5
160
1
0
5
167
2
0
5
172
3
0
5
178
4
0
5
189
5
0
5
205
6
0
5
220
7
0
5
228
8
0
5
227
9
0
5
224
10
0
5
221
11
0
5
218
12
0
5
215
13
0
5
213
14
0
5
213
15
0
5
214
16
0
5
215
17
0
5
218
18
0
5
223
19
0
5
229
20
0
5
236
21
0
5
243
22
0
5
246
23
0
5
243
24
0
5
239
25
0
5
235
26
0
5
229
27
0
5
220
28
0
5
211
29
0
5
205
30
0
5
204
31
0
5
209
32
0
5
215
33
0
5
219
34
0
5
219
35
0
5
214
36
0
5
207
37
0
5
202
38
0
5
201
39
0
5
203
40
0
5
205
41
0
5
204
42
0
5
199
43
0
5
191
44
0
5
181
45
0
5
171
46
0
5
160
47
0
5
149
48
0
5
141
49
0
5
138
50
0
5
140
51
0
5
144
52
0
5
144
53
0
5
141
54
0
5
141
55
0
5
145
56
0
5
150
57
0
5
155
58
0
5
160
59
0
5
166
60
0
5
170
61
0
5
169
62
0
5
165
63
0
5
162
64
0
5
160
65
0
5
155
66
0
5
147
67
0
5
138
68
0
5
131
69
0
5
130
70
0
5
134
71
0
5
139
72
0
5
140
73
0
5
136
74
0
5
129
75
0
5
121
76
0
5
112
77
0
5
106
78
0
5
105
79
0
5
110
80
0
5
117
81
0
5
123
82
0
5
126
83
0
5
126
84
0
5
123
85
0
5
118
86
0
5
111
87
0
5
105
88
0
5
100
89
0
5
96
90
0
5
93
91
0
5
92
92
0
5
92
93
0
5
91
94
0
5
90
95
0
5
90
96
0
5
94
97
0
5
100
98
0
5
102
99
0
5
99
100
0
5
97
101
0
5
97
102
0
5
97
103
0
5
99
104
0
5
106
105
0
5
118
106
0
5
132
107
0
5
142
108
0
5
146
109
0
5
145
110
0
5
142
111
0
5
137
112
0
5
130
113
0
5
122
114
0
5
118
115
0
5
117
116
0
5
120
117
0
5
126
118
0
5
132
119
0
5
136
120
0
5
138
121
0
5
139
122
0
5
142
123
0
5
146
124
0
5
149
125
0
5
145
126
0
5
145
127
0
5
150
128
0
5
157
129
0
5
163
130
0
5
169
131
0
5
179
132
0
5
193
133
0
5
208
134
0
5
217
135
0
5
217
136
0
5
214
137
0
5
210
138
0
5
205
139
0
5
200
140
0
5
196
141
0
5
195
142
0
5
196
143
0
5
199
144
0
5
202
145
0
5
206
146
0
5
210
147
0
5
213
148
0
5
214
149
0
5
213
150
0
5
208
151
0
5
201
152
0
5
195
153
0
5
187
154
0
5
180
155
0
5
175
156
0
5
168
157
0
5
162
158
0
5
161
159
0
5
163
160
0
5
166
161
0
5
166
162
0
5
163
163
0
5
157
164
0
5
150
165
0
5
146
166
0
5
147
167
0
5
150
168
0
5
151
169
0
5
146
170
0
5
140
171
0
5
135
172
0
5
129
173
0
5
122
174
0
5
115
175
0
5
107
176
0
5
103
177
0
5
105
178
0
5
113
179
0
5
121
180
0
5
122
181
0
5
122
182
0
5
126
183
0
5
131
184
0
5
135
185
0
5
140
186
0
5
146
187
0
5
150
188
0
5
149
189
0
5
144
190
0
5
139
191
0
5
134
192
0
5
126
193
0
5
118
194
0
5
109
195
0
5
101
196
0
5
96
197
0
5
95
198
0
5
98
199
0
5
103
200
0
5
107
201
0
5
107
202
0
5
102
203
0
5
95
204
0
5
88
205
0
5
83
206
0
5
83
207
0
5
87
208
0
5
93
209
0
5
98
210
0
5
99
211
0
5
96
212
0
5
90
213
0
5
83
214
0
5
75
215
0
5
66
216
0
5
57
217
0
5
49
218
0
5
43
219
0
5
40
220
0
5
39
221
0
5
39
222
0
5
40
223
0
5
43
224
0
5
48
225
0
5
53
226
0
5
53
227
0
5
50
228
0
5
49
229
0
5
50
230
0
5
51
231
0
5
53
232
0
5
57
233
0
5
65
234
0
5
75
235
0
5
84
236
0
5
88
237
0
5
87
238
0
5
83
239
0
5
79
240
0
5
75
241
0
5
68
242
0
5
64
243
0
5
67
244
0
5
74
245
0
5
82
246
0
5
88
247
0
5
91
248
0
5
92
249
0
5
95
250
0
5
101
251
0
5
108
252
0
5
111
253
0
5
109
254
0
5
110
255
0
5
113
0
0
5
118
1
0
5
125
2
0
5
134
3
0
5
146
4
0
5
161
5
0
5
175
6
0
5
182
7
0
5
180
8
0
5
177
9
0
5
175
10
0
5
172
11
0
5
168
12
0
5
164
13
0
5
161
14
0
5
160
15
0
5
162
16
0
5
165
17
0
5
168
18
0
5
168
19
0
5
166
20
0
5
164
21
0
5
161
22
0
5
156
23
0
5
149
24
0
5
143
25
0
5
136
26
0
5
129
27
0
5
125
28
0
5
121
29
0
5
115
30
0
5
114
31
0
5
116
32
0
5
118
33
0
5
116
34
0
5
111
35
0
5
105
36
0
5
97
37
0
5
91
38
0
5
90
39
0
5
91
40
0
5
90
41
0
5
85
42
0
5
80
43
0
5
76
44
0
5
72
45
0
5
67
46
0
5
60
47
0
5
53
48
0
5
51
49
0
5
55
50
0
5
63
51
0
5
71
52
0
5
73
53
0
5
72
54
0
5
73
55
0
5
77
56
0
5
82
57
0
5
88
58
0
5
93
59
0
5
95
60
0
5
91
61
0
5
86
62
0
5
81
63
0
5
73
64
0
5
66
65
0
5
59
66
0
5
51
67
0
5
43
68
0
5
36
69
0
5
30
70
0
5
28
71
0
5
29
72
0
5
32
73
0
5
33
74
0
5
29
75
0
5
23
76
0
5
17
77
0
5
12
78
0
5
10
79
0
5
11
80
0
5
14
81
0
5
16
82
0
5
14
83
0
5
8
84
0
5
1
85
0
4
248
86
0
4
242
87
0
4
237
88
0
4
232
89
0
4
225
90
0
4
219
91
0
4
215
92
0
4
213
93
0
4
213
94
0
4
215
95
0
4
220
96
0
4
226
97
0
4
230
98
0
4
229
99
0
4
225
100
0
4
222
101
0
4
220
102
0
4
219
103
0
4
218
104
0
4
219
105
0
4
222
106
0
4
227
107
0
4
233
108
0
4
238
109
0
4
241
110
0
4
243
111
0
4
246
112
0
4
249
113
0
4
249
114
0
4
248
115
0
4
252
116
0
5
4
117
0
5
11
118
0
5
14
119
0
5
13
120
0
5
13
121
0
5
17
122
0
5
25
123
0
5
33
124
0
5
37
125
0
5
35
126
0
5
30
127
0
5
26
128
0
5
25
129
0
5
30
130
0
5
41
131
0
5
56
132
0
5
73
133
0
5
88
134
0
5
97
135
0
5
97
136
0
5
97
137
0
5
99
138
0
5
100
139
0
5
97
140
0
5
91
141
0
5
85
142
0
5
82
143
0
5
83
144
0
5
86
145
0
5
88
146
0
5
88
147
0
5
86
148
0
5
84
149
0
5
80
150
0
5
74
151
0
5
71
152
0
5
70
153
0
5
68
154
0
5
63
155
0
5
60
156
0
5
58
157
0
5
54
158
0
5
47
159
0
5
40
160
0
5
31
161
0
5
22
162
0
5
13
163
0
5
5
164
0
4
254
165
0
4
246
166
0
4
241
167
0
4
238
168
0
4
235
169
0
4
230
170
0
4
224
171
0
4
221
172
0
4
221
173
0
4
222
174
0
4
222
175
0
4
218
176
0
4
214
177
0
4
213
178
0
4
216
179
0
4
222
180
0
4
229
181
0
4
234
182
0
4
234
183
0
4
233
184
0
4
235
185
0
4
240
186
0
4
244
187
0
4
245
188
0
4
241
189
0
4
236
190
0
4
230
191
0
4
224
192
0
4
219
193
0
4
216
194
0
4
212
195
0
4
207
196
0
4
202
197
0
4
198
198
0
4
193
199
0
4
188
200
0
4
188
201
0
4
194
202
0
4
201
203
0
4
204
204
0
4
201
205
0
4
198
206
0
4
195
207
0
4
192
208
0
4
190
209
0
4
190
210
0
4
191
211
0
4
189
212
0
4
184
213
0
4
180
214
0
4
174
215
0
4
169
216
0
4
168
217
0
4
169
218
0
4
169
219
0
4
165
220
0
4
160
221
0
4
158
222
0
4
160
223
0
4
165
224
0
4
170
225
0
4
173
226
0
4
173
227
0
4
172
228
0
4
170
229
0
4
165
230
0
4
162
231
0
4
161
232
0
4
159
233
0
4
154
234
0
4
147
235
0
4
144
236
0
4
148
237
0
4
157
238
0
4
167
239
0
4
175
240
0
4
181
241
0
4
184
242
0
4
182
243
0
4
180
244
0
4
183
245
0
4
189
246
0
4
194
247
0
4
196
248
0
4
198
249
0
4
202
250
0
4
207
251
0
4
211
252
0
4
213
253
0
4
214
254
0
4
216
255
0
4
218
0
0
4
215
1
0
4
216
2
0
4
225
3
0
4
240
4
0
5
0
5
0
5
13
6
0
5
22
7
0
5
26
8
0
5
23
9
0
5
20
10
0
5
20
11
0
5
19
12
0
5
14
13
0
5
8
14
0
5
1
15
0
4
249
16
0
4
242
17
0
4
235
18
0
4
229
19
0
4
226
20
0
4
226
21
0
4
227
22
0
4
227
23
0
4
222
24
0
4
218
25
0
4
217
26
0
4
216
27
0
4
213
28
0
4
207
29
0
4
202
30
0
4
199
31
0
4
199
32
0
4
201
33
0
4
204
34
0
4
207
35
0
4
208
36
0
4
205
37
0
4
202
38
0
4
202
39
0
4
203
40
0
4
201
41
0
4
196
42
0
4
191
43
0
4
186
44
0
4
179
45
0
4
173
46
0
4
168
47
0
4
165
48
0
4
162
49
0
4
158
50
0
4
152
51
0
4
147
52
0
4
145
53
0
4
147
54
0
4
152
55
0
4
155
56
0
4
154
57
0
4
150
58
0
4
146
59
0
4
140
60
0
4
133
61
0
4
125
62
0
4
119
63
0
4
115
64
0
4
111
65
0
4
106
66
0
4
100
67
0
4
96
68
0
4
98
69
0
4
105
70
0
4
111
71
0
4
112
72
0
4
109
73
0
4
106
74
0
4
104
75
0
4
103
76
0
4
104
77
0
4
106
78
0
4
107
79
0
4
103
80
0
4
100
81
0
4
98
82
0
4
95
83
0
4
91
84
0
4
87
85
0
4
83
86
0
4
78
87
0
4
72
88
0
4
66
89
0
4
63
90
0
4
64
91
0
4
67
92
0
4
71
93
0
4
72
94
0
4
68
95
0
4
64
96
0
4
61
97
0
4
61
98
0
4
64
99
0
4
68
100
0
4
69
101
0
4
67
102
0
4
62
103
0
4
56
104
0
4
50
105
0
4
43
106
0
4
38
107
0
4
35
108
0
4
32
109
0
4
29
110
0
4
28
111
0
4
31
112
0
4
39
113
0
4
49
114
0
4
55
115
0
4
54
116
0
4
51
117
0
4
46
118
0
4
40
119
0
4
35
120
0
4
34
121
0
4
37
122
0
4
42
123
0
4
45
124
0
4
45
125
0
4
45
126
0
4
47
127
0
4
51
128
0
4
54
129
0
4
54
130
0
4
51
131
0
4
49
132
0
4
52
133
0
4
59
134
0
4
67
135
0
4
71
136
0
4
69
137
0
4
65
138
0
4
59
139
0
4
54
140
0
4
49
141
0
4
43
142
0
4
36
143
0
4
30
144
0
4
28
145
0
4
30
146
0
4
33
147
0
4
32
148
0
4
30
149
0
4
31
150
0
4
34
151
0
4
37
152
0
4
38
153
0
4
36
154
0
4
31
155
0
4
25
156
0
4
20
157
0
4
15
158
0
4
9
159
0
4
7
160
0
4
11
161
0
4
21
162
0
4
33
163
0
4
42
164
0
4
45
165
0
4
43
166
0
4
42
167
0
4
44
168
0
4
49
169
0
4
56
170
0
4
62
171
0
4
64
172
0
4
62
173
0
4
60
174
0
4
58
175
0
4
53
176
0
4
49
177
0
4
48
178
0
4
47
179
0
4
43
180
0
4
40
181
0
4
39
182
0
4
39
183
0
4
41
184
0
4
45
185
0
4
51
186
0
4
58
187
0
4
61
188
0
4
59
189
0
4
58
190
0
4
57
191
0
4
54
192
0
4
48
193
0
4
42
194
0
4
37
195
0
4
33
196
0
4
31
197
0
4
30
198
0
4
31
199
0
4
34
200
0
4
37
201
0
4
39
202
0
4
38
203
0
4
34
204
0
4
29
205
0
4
26
206
0
4
27
207
0
4
28
208
0
4
26
209
0
4
22
210
0
4
17
211
0
4
11
212
0
4
7
213
0
4
4
214
0
4
2
215
0
4
0
216
0
3
253
217
0
3
250
218
0
3
246
219
0
3
245
220
0
3
247
221
0
3
251
222
0
3
255
223
0
4
3
224
0
4
5
225
0
4
4
226
0
4
1
227
0
4
0
228
0
4
2
229
0
4
3
230
0
4
1
231
0
3
252
232
0
3
248
233
0
3
246
234
0
3
245
235
0
3
242
236
0
3
238
237
0
3
235
238
0
3
231
239
0
3
226
240
0
3
221
241
0
3
219
242
0
3
220
243
0
3
222
244
0
3
223
245
0
3
222
246
0
3
220
247
0
3
217
248
0
3
213
249
0
3
209
250
0
3
205
251
0
3
199
252
0
3
194
253
0
3
188
254
0
3
186
255
0
3
188
0
0
3
192
1
0
3
194
2
0
3
194
3
0
3
194
4
0
3
195
5
0
3
195
6
0
3
192
7
0
3
190
8
0
3
189
9
0
3
187
10
0
3
183
11
0
3
178
12
0
3
173
13
0
3
172
14
0
3
173
15
0
3
176
16
0
3
179
17
0
3
184
18
0
3
192
19
0
3
200
20
0
3
204
21
0
3
204
22
0
3
205
23
0
3
209
24
0
3
214
25
0
3
217
26
0
3
217
27
0
3
214
28
0
3
209
29
0
3
204
30
0
3
199
31
0
3
194
32
0
3
193
33
0
3
200
34
0
3
213
35
0
3
228
36
0
3
238
37
0
3
240
38
0
3
240
39
0
3
240
40
0
3
240
41
0
3
240
42
0
3
242
43
0
3
245
44
0
3
247
45
0
3
245
46
0
3
242
47
0
3
239
48
0
3
234
49
0
3
232
50
0
3
234
51
0
3
237
52
0
3
238
53
0
3
235
54
0
3
233
55
0
3
234
56
0
3
238
57
0
3
244
58
0
3
252
59
0
4
4
60
0
4
9
61
0
4
10
62
0
4
7
63
0
4
4
64
0
4
0
65
0
3
250
66
0
3
245
67
0
3
240
68
0
3
237
69
0
3
236
70
0
3
235
71
0
3
233
72
0
3
233
73
0
3
238
74
0
3
247
75
0
4
0
76
0
4
5
77
0
4
4
78
0
4
1
79
0
3
255
80
0
3
254
81
0
3
254
82
0
3
254
83
0
3
253
84
0
3
250
85
0
3
247
86
0
3
245
87
0
3
245
88
0
3
248
89
0
3
252
90
0
4
0
91
0
4
0
92
0
3
252
93
0
3
250
94
0
3
254
95
0
4
9
96
0
4
22
97
0
4
33
98
0
4
38
99
0
4
37
100
0
4
33
101
0
4
28
102
0
4
24
103
0
4
23
104
0
4
22
105
0
4
19
106
0
4
14
107
0
4
10
108
0
4
4
109
0
4
0
110
0
4
0
111
0
4
2
112
0
4
3
113
0
4
2
114
0
3
254
115
0
3
250
116
0
3
247
117
0
3
247
118
0
3
250
119
0
3
255
120
0
4
3
121
0
4
4
122
0
4
1
123
0
3
252
124
0
3
246
125
0
3
241
126
0
3
237
127
0
3
234
128
0
3
230
129
0
3
225
130
0
3
220
131
0
3
216
132
0
3
215
133
0
3
220
134
0
3
231
135
0
3
246
136
0
4
2
137
0
4
5
138
0
4
5
139
0
4
4
140
0
4
1
141
0
3
252
142
0
3
248
143
0
3
248
144
0
3
252
145
0
4
3
146
0
4
10
147
0
4
17
148
0
4
24
149
0
4
32
150
0
4
38
151
0
4
40
152
0
4
38
153
0
4
34
154
0
4
31
155
0
4
30
156
0
4
30
157
0
4
31
158
0
4
33
159
0
4
34
160
0
4
35
161
0
4
36
162
0
4
39
163
0
4
43
164
0
4
49
165
0
4
55
166
0
4
59
167
0
4
59
168
0
4
56
169
0
4
53
170
0
4
51
171
0
4
49
172
0
4
45
173
0
4
41
174
0
4
39
175
0
4
38
176
0
4
37
177
0
4
34
178
0
4
30
179
0
4
25
180
0
4
21
181
0
4
18
182
0
4
15
183
0
4
10
184
0
4
7
185
0
4
7
186
0
4
9
187
0
4
10
188
0
4
10
189
0
4
10
190
0
4
10
191
0
4
10
192
0
4
9
193
0
4
5
194
0
3
255
195
0
3
249
196
0
3
244
197
0
3
240
198
0
3
235
199
0
3
234
200
0
3
235
201
0
3
235
202
0
3
235
203
0
3
237
204
0
3
244
205
0
3
254
206
0
4
8
207
0
4
11
208
0
4
9
209
0
4
6
210
0
4
2
211
0
3
253
212
0
3
250
213
0
3
250
214
0
3
252
215
0
3
254
216
0
3
255
217
0
4
1
218
0
4
5
219
0
4
12
220
0
4
18
221
0
4
20
222
0
4
19
223
0
4
21
224
0
4
26
225
0
4
32
226
0
4
39
227
0
4
46
228
0
4
51
229
0
4
54
230
0
4
53
231
0
4
49
232
0
4
44
233
0
4
39
234
0
4
33
235
0
4
26
236
0
4
20
237
0
4
15
238
0
4
9
239
0
4
6
240
0
4
8
241
0
4
14
242
0
4
18
243
0
4
18
244
0
4
14
245
0
4
9
246
0
4
3
247
0
3
253
248
0
3
251
249
0
3
252
250
0
3
254
251
0
3
255
252
0
3
253
253
0
3
249
254
0
3
246
255
0
3
246
0
0
3
250
1
0
4
0
2
0
4
4
3
0
4
3
4
0
4
1
5
0
4
1
6
0
4
4
7
0
4
10
8
0
4
19
9
0
4
30
10
0
4
42
11
0
4
51
12
0
4
53
13
0
4
52
14
0
4
50
15
0
4
46
16
0
4
41
17
0
4
34
18
0
4
29
19
0
4
29
20
0
4
34
21
0
4
41
22
0
4
48
23
0
4
55
24
0
4
64
25
0
4
74
26
0
4
84
27
0
4
90
28
0
4
89
29
0
4
88
30
0
4
89
31
0
4
92
32
0
4
96
33
0
4
102
34
0
4
108
35
0
4
112
36
0
4
114
37
0
4
113
38
0
4
112
39
0
4
113
40
0
4
117
41
0
4
123
42
0
4
127
43
0
4
126
44
0
4
123
45
0
4
120
46
0
4
116
47
0
4
112
48
0
4
110
49
0
4
112
50
0
4
117
51
0
4
120
52
0
4
120
53
0
4
116
54
0
4
110
55
0
4
103
56
0
4
96
57
0
4
89
58
0
4
83
59
0
4
79
60
0
4
76
61
0
4
72
62
0
4
66
63
0
4
61
64
0
4
58
65
0
4
59
66
0
4
62
67
0
4
64
68
0
4
63
69
0
4
59
70
0
4
54
71
0
4
49
72
0
4
43
73
0
4
39
74
0
4
39
75
0
4
42
76
0
4
44
77
0
4
43
78
0
4
41
79
0
4
41
80
0
4
45
81
0
4
51
82
0
4
55
83
0
4
55
84
0
4
51
85
0
4
45
86
0
4
39
87
0
4
34
88
0
4
33
89
0
4
36
90
0
4
42
91
0
4
47
92
0
4
50
93
0
4
51
94
0
4
49
95
0
4
45
96
0
4
40
97
0
4
37
98
0
4
36
99
0
4
36
100
0
4
36
101
0
4
35
102
0
4
33
103
0
4
31
104
0
4
28
105
0
4
26
106
0
4
24
107
0
4
22
108
0
4
18
109
0
4
13
110
0
4
10
111
0
4
8
112
0
4
5
113
0
4
1
114
0
3
255
115
0
4
1
116
0
4
4
117
0
4
3
118
0
4
1
119
0
4
0
120
0
3
254
121
0
3
251
122
0
3
248
123
0
3
243
124
0
3
240
125
0
3
240
126
0
3
240
127
0
3
239
128
0
3
237
129
0
3
238
130
0
3
244
131
0
3
252
132
0
4
1
133
0
3
255
134
0
3
254
135
0
3
254
136
0
3
254
137
0
3
254
138
0
4
0
139
0
4
3
140
0
4
7
141
0
4
10
142
0
4
11
143
0
4
11
144
0
4
11
145
0
4
11
146
0
4
10
147
0
4
8
148
0
4
4
149
0
3
255
150
0
3
253
151
0
4
0
152
0
4
7
153
0
4
17
154
0
4
29
155
0
4
40
156
0
4
49
157
0
4
56
158
0
4
60
159
0
4
60
160
0
4
57
161
0
4
56
162
0
4
56
163
0
4
55
164
0
4
53
165
0
4
50
166
0
4
48
167
0
4
48
168
0
4
51
169
0
4
56
170
0
4
62
171
0
4
68
172
0
4
74
173
0
4
78
174
0
4
79
175
0
4
75
176
0
4
71
177
0
4
67
178
0
4
62
179
0
4
56
180
0
4
51
181
0
4
49
182
0
4
49
183
0
4
49
184
0
4
47
185
0
4
43
186
0
4
39
187
0
4
34
188
0
4
28
189
0
4
21
190
0
4
14
191
0
4
7
192
0
3
255
193
0
3
248
194
0
3
243
195
0
3
242
196
0
3
246
197
0
3
252
198
0
4
1
199
0
4
3
200
0
4
1
201
0
3
253
202
0
3
248
203
0
3
243
204
0
3
239
205
0
3
237
206
0
3
237
207
0
3
237
208
0
3
235
209
0
3
231
210
0
3
229
211
0
3
231
212
0
3
238
213
0
3
246
214
0
3
252
215
0
3
253
216
0
3
251
217
0
3
250
218
0
3
252
219
0
4
1
220
0
4
7
221
0
4
13
222
0
4
17
223
0
4
17
224
0
4
13
225
0
4
7
226
0
4
0
227
0
3
249
228
0
3
243
229
0
3
237
230
0
3
232
231
0
3
226
232
0
3
221
233
0
3
218
234
0
3
219
235
0
3
223
236
0
3
228
237
0
3
231
238
0
3
231
239
0
3
228
240
0
3
227
241
0
3
229
242
0
3
232
243
0
3
234
244
0
3
233
245
0
3
230
246
0
3
226
247
0
3
221
248
0
3
215
249
0
3
211
250
0
3
209
251
0
3
206
252
0
3
202
253
0
3
199
254
0
3
195
255
0
3
192
0
0
3
192
1
0
3
193
2
0
3
192
3
0
3
189
4
0
3
186
5
0
3
184
6
0
3
183
7
0
3
182
8
0
3
179
9
0
3
175
10
0
3
170
11
0
3
164
12
0
3
158
13
0
3
153
14
0
3
151
15
0
3
152
16
0
3
154
17
0
3
156
18
0
3
159
19
0
3
163
20
0
3
167
21
0
3
170
22
0
3
170
23
0
3
167
24
0
3
164
25
0
3
164
26
0
3
167
27
0
3
172
28
0
3
179
29
0
3
186
30
0
3
192
31
0
3
196
32
0
3
199
33
0
3
202
34
0
3
205
35
0
3
206
36
0
3
204
37
0
3
199
38
0
3
194
39
0
3
190
40
0
3
188
41
0
3
189
42
0
3
194
43
0
3
202
44
0
3
210
45
0
3
216
46
0
3
220
47
0
3
223
48
0
3
226
49
0
3
227
50
0
3
225
51
0
3
222
52
0
3
218
53
0
3
216
54
0
3
214
55
0
3
210
56
0
3
207
57
0
3
208
58
0
3
211
59
0
3
214
60
0
3
216
61
0
3
218
62
0
3
219
63
0
3
218
64
0
3
214
65
0
3
209
66
0
3
204
67
0
3
199
68
0
3
193
69
0
3
188
70
0
3
185
71
0
3
185
72
0
3
187
73
0
3
189
74
0
3
190
75
0
3
190
76
0
3
189
77
0
3
187
78
0
3
184
79
0
3
180
80
0
3
175
81
0
3
171
82
0
3
169
83
0
3
168
84
0
3
168
85
0
3
170
86
0
3
174
87
0
3
179
88
0
3
184
89
0
3
186
90
0
3
184
91
0
3
180
92
0
3
175
93
0
3
171
94
0
3
169
95
0
3
170
96
0
3
171
97
0
3
171
98
0
3
169
99
0
3
166
100
0
3
163
101
0
3
160
102
0
3
157
103
0
3
154
104
0
3
150
105
0
3
144
106
0
3
139
107
0
3
135
108
0
3
134
109
0
3
136
110
0
3
139
111
0
3
141
112
0
3
141
113
0
3
138
114
0
3
135
115
0
3
133
116
0
3
133
117
0
3
133
118
0
3
131
119
0
3
127
120
0
3
125
121
0
3
124
122
0
3
123
123
0
3
121
124
0
3
118
125
0
3
114
126
0
3
109
127
0
3
106
128
0
3
105
129
0
3
104
130
0
3
102
131
0
3
98
132
0
3
94
133
0
3
91
134
0
3
88
135
0
3
85
136
0
3
81
137
0
3
78
138
0
3
77
139
0
3
78
140
0
3
80
141
0
3
81
142
0
3
80
143
0
3
77
144
0
3
73
145
0
3
69
146
0
3
67
147
0
3
67
148
0
3
70
149
0
3
76
150
0
3
82
151
0
3
86
152
0
3
86
153
0
3
84
154
0
3
81
155
0
3
78
156
0
3
74
157
0
3
69
158
0
3
66
159
0
3
65
160
0
3
67
161
0
3
70
162
0
3
74
163
0
3
79
164
0
3
85
165
0
3
90
166
0
3
93
167
0
3
93
168
0
3
91
169
0
3
89
170
0
3
87
171
0
3
84
172
0
3
81
173
0
3
79
174
0
3
78
175
0
3
79
176
0
3
81
177
0
3
83
178
0
3
86
179
0
3
91
180
0
3
96
181
0
3
100
182
0
3
101
183
0
3
100
184
0
3
97
185
0
3
93
186
0
3
88
187
0
3
84
188
0
3
82
189
0
3
82
190
0
3
83
191
0
3
84
192
0
3
85
193
0
3
86
194
0
3
86
195
0
3
84
196
0
3
80
197
0
3
75
198
0
3
70
199
0
3
65
200
0
3
59
201
0
3
54
202
0
3
52
203
0
3
53
204
0
3
57
205
0
3
61
206
0
3
63
207
0
3
64
208
0
3
65
209
0
3
66
210
0
3
66
211
0
3
64
212
0
3
62
213
0
3
62
214
0
3
63
215
0
3
64
216
0
3
65
217
0
3
67
218
0
3
72
219
0
3
79
220
0
3
85
221
0
3
87
222
0
3
85
223
0
3
82
224
0
3
78
225
0
3
73
226
0
3
68
227
0
3
64
228
0
3
62
229
0
3
62
230
0
3
61
231
0
3
59
232
0
3
56
233
0
3
54
234
0
3
54
235
0
3
54
236
0
3
53
237
0
3
49
238
0
3
46
239
0
3
45
240
0
3
47
241
0
3
50
242
0
3
53
243
0
3
54
244
0
3
51
245
0
3
48
246
0
3
45
247
0
3
41
248
0
3
36
249
0
3
31
250
0
3
26
251
0
3
24
252
0
3
25
253
0
3
28
254
0
3
29
255
0
3
27
0
0
3
25
1
0
3
24
2
0
3
23
3
0
3
23
4
0
3
24
5
0
3
25
6
0
3
24
7
0
3
21
8
0
3
19
9
0
3
18
10
0
3
16
11
0
3
12
12
0
3
7
13
0
3
2
14
0
3
0
15
0
3
0
16
0
3
0
17
0
2
255
18
0
2
254
19
0
2
253
20
0
2
251
21
0
2
247
22
0
2
245
23
0
2
245
24
0
2
246
25
0
2
248
26
0
2
251
27
0
2
254
28
0
3
0
29
0
3
0
30
0
2
255
31
0
2
254
32
0
2
253
33
0
2
251
34
0
2
248
35
0
2
246
36
0
2
246
37
0
2
247
38
0
2
247
39
0
2
245
40
0
2
242
41
0
2
238
42
0
2
234
43
0
2
231
44
0
2
229
45
0
2
227
46
0
2
226
47
0
2
225
48
0
2
223
49
0
2
220
50
0
2
217
51
0
2
216
52
0
2
217
53
0
2
218
54
0
2
219
55
0
2
219
56
0
2
217
57
0
2
214
58
0
2
211
59
0
2
208
60
0
2
204
61
0
2
199
62
0
2
194
63
0
2
189
64
0
2
184
65
0
2
180
66
0
2
177
67
0
2
175
68
0
2
173
69
0
2
171
70
0
2
170
71
0
2
169
72
0
2
167
73
0
2
164
74
0
2
162
75
0
2
161
76
0
2
160
77
0
2
160
78
0
2
161
79
0
2
163
80
0
2
166
81
0
2
168
82
0
2
169
83
0
2
169
84
0
2
169
85
0
2
169
86
0
2
169
87
0
2
168
88
0
2
166
89
0
2
162
90
0
2
159
91
0
2
157
92
0
2
157
93
0
2
159
94
0
2
162
95
0
2
165
96
0
2
167
97
0
2
167
98
0
2
165
99
0
2
161
100
0
2
157
101
0
2
153
102
0
2
150
103
0
2
147
104
0
2
143
105
0
2
139
106
0
2
135
107
0
2
132
108
0
2
130
109
0
2
130
110
0
2
130
111
0
2
130
112
0
2
128
113
0
2
126
114
0
2
126
115
0
2
127
116
0
2
128
117
0
2
128
118
0
2
126
119
0
2
124
120
0
2
122
121
0
2
119
122
0
2
116
123
0
2
115
124
0
2
115
125
0
2
116
126
0
2
118
127
0
2
122
128
0
2
126
129
0
2
128
130
0
2
127
131
0
2
128
132
0
2
129
133
0
2
129
134
0
2
128
135
0
2
126
136
0
2
124
137
0
2
122
138
0
2
120
139
0
2
117
140
0
2
114
141
0
2
112
142
0
2
112
143
0
2
113
144
0
2
113
145
0
2
111
146
0
2
110
147
0
2
111
148
0
2
111
149
0
2
111
150
0
2
110
151
0
2
108
152
0
2
105
153
0
2
102
154
0
2
98
155
0
2
94
156
0
2
91
157
0
2
88
158
0
2
86
159
0
2
84
160
0
2
81
161
0
2
78
162
0
2
75
163
0
2
72
164
0
2
68
165
0
2
64
166
0
2
61
167
0
2
57
168
0
2
54
169
0
2
51
170
0
2
49
171
0
2
47
172
0
2
44
173
0
2
40
174
0
2
36
175
0
2
33
176
0
2
30
177
0
2
27
178
0
2
25
179
0
2
24
180
0
2
23
181
0
2
21
182
0
2
18
183
0
2
15
184
0
2
11
185
0
2
8
186
0
2
5
187
0
2
1
188
0
1
254
189
0
1
252
190
0
1
251
191
0
1
250
192
0
1
249
193
0
1
249
194
0
1
250
195
0
1
251
196
0
1
251
197
0
1
249
198
0
1
247
199
0
1
246
200
0
1
244
201
0
1
242
202
0
1
241
203
0
1
240
204
0
1
240
205
0
1
240
206
0
1
238
207
0
1
236
208
0
1
234
209
0
1
231
210
0
1
228
211
0
1
225
212
0
1
223
213
0
1
221
214
0
1
219
215
0
1
218
216
0
1
219
217
0
1
221
218
0
1
223
219
0
1
224
220
0
1
224
221
0
1
222
222
0
1
220
223
0
1
218
224
0
1
217
225
0
1
215
226
0
1
213
227
0
1
211
228
0
1
209
229
0
1
207
230
0
1
205
231
0
1
203
232
0
1
202
233
0
1
202
234
0
1
203
235
0
1
202
236
0
1
201
237
0
1
201
238
0
1
201
239
0
1
200
240
0
1
199
241
0
1
198
242
0
1
197
243
0
1
195
244
0
1
194
245
0
1
195
246
0
1
198
247
0
1
201
248
0
1
202
249
0
1
201
250
0
1
199
251
0
1
197
252
0
1
194
253
0
1
191
254
0
1
189
255
0
1
188
0
0
1
188
1
0
1
189
2
0
1
190
3
0
1
190
4
0
1
188
5
0
1
187
6
0
1
186
7
0
1
185
8
0
1
183
9
0
1
181
10
0
1
179
11
0
1
176
12
0
1
173
13
0
1
170
14
0
1
167
15
0
1
165
16
0
1
164
17
0
1
165
18
0
1
166
19
0
1
165
20
0
1
164
21
0
1
164
22
0
1
164
23
0
1
163
24
0
1
162
25
0
1
160
26
0
1
158
27
0
1
156
28
0
1
155
29
0
1
153
30
0
1
151
31
0
1
150
32
0
1
149
33
0
1
147
34
0
1
144
35
0
1
141
36
0
1
138
37
0
1
135
38
0
1
133
39
0
1
133
40
0
1
134
41
0
1
134
42
0
1
133
43
0
1
131
44
0
1
129
45
0
1
127
46
0
1
125
47
0
1
123
48
0
1
121
49
0
1
120
50
0
1
121
51
0
1
122
52
0
1
121
53
0
1
121
54
0
1
123
55
0
1
126
56
0
1
129
57
0
1
130
58
0
1
129
59
0
1
127
60
0
1
125
61
0
1
123
62
0
1
122
63
0
1
121
64
0
1
121
65
0
1
121
66
0
1
121
67
0
1
121
68
0
1
121
69
0
1
121
70
0
1
121
71
0
1
121
72
0
1
121
73
0
1
120
74
0
1
118
75
0
1
116
76
0
1
114
77
0
1
112
78
0
1
110
79
0
1
108
80
0
1
108
81
0
1
109
82
0
1
110
83
0
1
111
84
0
1
112
85
0
1
113
86
0
1
113
87
0
1
113
88
0
1
112
89
0
1
111
90
0
1
111
91
0
1
113
92
0
1
114
93
0
1
114
94
0
1
113
95
0
1
112
96
0
1
110
97
0
1
108
98
0
1
106
99
0
1
104
100
0
1
102
101
0
1
101
102
0
1
100
103
0
1
99
104
0
1
98
105
0
1
97
106
0
1
96
107
0
1
94
108
0
1
92
109
0
1
91
110
0
1
91
111
0
1
90
112
0
1
90
113
0
1
91
114
0
1
92
115
0
1
91
116
0
1
90
117
0
1
89
118
0
1
88
119
0
1
87
120
0
1
86
121
0
1
87
122
0
1
88
123
0
1
88
124
0
1
87
125
0
1
87
126
0
1
87
127
0
1
86
128
0
1
85
129
0
1
84
130
0
1
83
131
0
1
82
132
0
1
81
133
0
1
80
134
0
1
79
135
0
1
78
136
0
1
76
137
0
1
74
138
0
1
72
139
0
1
71
140
0
1
70
141
0
1
69
142
0
1
68
143
0
1
66
144
0
1
65
145
0
1
64
146
0
1
64
147
0
1
64
148
0
1
63
149
0
1
62
150
0
1
61
151
0
1
60
152
0
1
60
153
0
1
59
154
0
1
58
155
0
1
57
156
0
1
56
157
0
1
56
158
0
1
55
159
0
1
54
160
0
1
52
161
0
1
50
162
0
1
48
163
0
1
46
164
0
1
45
165
0
1
43
166
0
1
41
167
0
1
39
168
0
1
37
169
0
1
35
170
0
1
33
171
0
1
31
172
0
1
29
173
0
1
27
174
0
1
25
175
0
1
23
176
0
1
22
177
0
1
20
178
0
1
19
179
0
1
19
180
0
1
20
181
0
1
21
182
0
1
21
183
0
1
21
184
0
1
21
185
0
1
22
186
0
1
23
187
0
1
24
188
0
1
25
189
0
1
25
190
0
1
24
191
0
1
23
192
0
1
22
193
0
1
21
194
0
1
20
195
0
1
18
196
0
1
16
197
0
1
14
198
0
1
12
199
0
1
10
200
0
1
8
201
0
1
7
202
0
1
6
203
0
1
5
204
0
1
4
205
0
1
3
206
0
1
1
207
0
0
255
208
0
0
255
209
0
1
0
210
0
0
255
211
0
0
254
212
0
0
253
213
0
0
253
214
0
0
253
215
0
0
252
216
0
0
251
217
0
0
250
218
0
0
249
219
0
0
248
220
0
0
247
221
0
0
246
222
0
0
245
223
0
0
244
224
0
0
243
225
0
0
243
226
0
0
243
227
0
0
243
228
0
0
244
229
0
0
244
230
0
0
244
231
0
0
244
232
0
0
244
233
0
0
243
234
0
0
242
235
0
0
241
236
0
0
241
237
0
0
242
238
0
0
244
239
0
0
246
240
0
0
246
241
0
0
246
242
0
0
246
243
0
0
246
244
0
0
246
245
0
0
246
246
0
0
245
247
0
0
246
248
0
0
248
249
0
0
250
250
0
0
251
251
0
0
252
252
0
0
254
253
0
1
0
254
0
1
1
255
0
1
0
0
0
0
255
1
0
1
0
2
0
1
0
3
0
1
0
4
0
0
255
5
0
0
255
6
0
1
0
7
0
1
0
8
0
0
255
9
0
0
255
10
0
0
254
11
0
0
253
12
0
0
252
13
0
0
251
14
0
0
250
15
0
0
249
16
0
0
250
17
0
0
251
18
0
0
252
19
0
0
253
20
0
0
254
21
0
0
254
22
0
0
254
23
0
0
253
24
0
0
252
25
0
0
251
26
0
0
251
27
0
0
251
28
0
0
251
29
0
0
251
30
0
0
251
31
0
0
251
32
0
0
252
33
0
0
253
34
0
0
253
35
0
0
253
36
0
0
253
37
0
0
254
38
0
1
0
39
0
1
1
40
0
1
1
41
0
1
0
42
0
0
255
43
0
0
255
44
0
0
255
45
0
0
255
46
0
0
255
47
0
0
254
48
0
0
253
49
0
0
253
50
0
0
253
51
0
0
253
52
0
0
252
53
0
0
251
54
0
0
250
55
0
0
249
56
0
0
248
57
0
0
247
58
0
0
246
59
0
0
245
60
0
0
245
61
0
0
245
62
0
0
244
63
0
0
243
64
0
0
243
65
0
0
243
66
0
0
244
67
0
0
245
68
0
0
245
69
0
0
246
70
0
0
247
71
0
0
248
72
0
0
248
73
0
0
248
74
0
0
248
75
0
0
249
76
0
0
250
77
0
0
250
78
0
0
250
79
0
0
251
80
0
0
253
81
0
0
255
82
0
1
0
83
0
0
255
84
0
0
255
85
0
0
255
86
0
0
255
87
0
0
255
88
0
0
255
89
0
1
0
90
0
1
1
91
0
1
2
92
0
1
3
93
0
1
3
94
0
1
2
95
0
1
1
96
0
1
0
97
0
0
255
98
0
0
254
99
0
0
254
100
0
0
255
101
0
1
1
102
0
1
2
103
0
1
4
104
0
1
6
105
0
1
8
106
0
1
9
107
0
1
10
108
0
1
10
109
0
1
9
110
0
1
8
111
0
1
7
112
0
1
7
113
0
1
8
114
0
1
10
115
0
1
12
116
0
1
13
117
0
1
13
118
0
1
14
119
0
1
15
120
0
1
15
121
0
1
14
122
0
1
13
123
0
1
12
124
0
1
12
125
0
1
11
126
0
1
9
127
0
1
8
128
0
1
9
129
0
1
10
130
0
1
10
131
0
1
10
132
0
1
9
133
0
1
8
134
0
1
8
135
0
1
7
136
0
1
6
137
0
1
5
138
0
1
3
139
0
1
1
140
0
0
255
141
0
0
255
142
0
1
0
143
0
0
255
144
0
0
255
145
0
0
255
146
0
0
254
147
0
0
253
148
0
0
252
149
0
0
251
150
0
0
250
151
0
0
250
152
0
0
249
153
0
0
248
154
0
0
247
155
0
0
246
156
0
0
246
157
0
0
246
158
0
0
246
159
0
0
246
160
0
0
246
161
0
0
246
162
0
0
246
163
0
0
245
164
0
0
244
165
0
0
244
166
0
0
244
167
0
0
244
168
0
0
244
169
0
0
245
170
0
0
246
171
0
0
246
172
0
0
245
173
0
0
244
174
0
0
243
175
0
0
242
176
0
0
241
177
0
0
240
178
0
0
240
179
0
0
240
180
0
0
240
181
0
0
239
182
0
0
238
183
0
0
237
184
0
0
237
185
0
0
237
186
0
0
237
187
0
0
238
188
0
0
239
189
0
0
239
190
0
0
239
191
0
0
239
192
0
0
239
193
0
0
239
194
0
0
239
195
0
0
239
196
0
0
238
197
0
0
239
198
0
0
241
199
0
0
242
200
0
0
244
201
0
0
246
202
0
0
248
203
0
0
249
204
0
0
249
205
0
0
249
206
0
0
249
207
0
0
249
208
0
0
249
209
0
0
248
210
0
0
248
211
0
0
250
212
0
0
251
213
0
0
253
214
0
0
255
215
0
0
255
216
0
0
255
217
0
0
255
218
0
0
254
219
0
0
253
220
0
0
252
221
0
0
251
222
0
0
251
223
0
0
252
224
0
0
253
225
0
0
254
226
0
0
254
227
0
0
254
228
0
0
253
229
0
0
252
230
0
0
251
231
0
0
251
232
0
0
251
233
0
0
252
234
0
0
254
235
0
0
255
236
0
0
255
237
0
0
255
238
0
0
255
239
0
0
255
240
0
0
255
241
0
0
255
242
0
0
255
243
0
0
255
244
0
0
254
245
0
0
254
246
0
0
254
247
0
0
255
248
0
1
0
249
0
1
0
250
0
1
1
251
0
1
2
252
0
1
3
253
0
1
3
254
0
1
2
255
0
1
0
0
0
0
254
1
0
0
253
2
0
0
253
3
0
0
253
4
0
0
253
5
0
0
253
6
0
0
253
7
0
0
253
8
0
0
253
9
0
0
254
10
0
1
0
11
0
1
0
12
0
0
255
13
0
0
255
14
0
0
255
15
0
0
255
16
0
0
255
17
0
0
255
18
0
0
255
19
0
0
255
20
0
0
255
21
0
0
254
22
0
0
253
23
0
0
252
24
0
0
251
25
0
0
250
26
0
0
249
27
0
0
248
28
0
0
247
29
0
0
246
30
0
0
245
31
0
0
244
32
0
0
243
33
0
0
242
34
0
0
241
35
0
0
240
36
0
0
239
37
0
0
238
38
0
0
237
39
0
0
236
40
0
0
236
41
0
0
235
42
0
0
235
43
0
0
234
44
0
0
233
45
0
0
232
46
0
0
231
47
0
0
230
48
0
0
229
49
0
0
228
50
0
0
227
51
0
0
226
52
0
0
225
53
0
0
225
54
0
0
225
55
0
0
225
56
0
0
225
57
0
0
225
58
0
0
225
59
0
0
224
60
0
0
223
61
0
0
223
62
0
0
223
63
0
0
223
64
0
0
224
65
0
0
224
66
0
0
224
67
0
0
225
68
0
0
226
69
0
0
226
70
0
0
225
71
0
0
224
72
0
0
223
73
0
0
223
74
0
0
222
75
0
0
221
76
0
0
221
77
0
0
222
78
0
0
222
79
0
0
221
80
0
0
220
81
0
0
219
82
0
0
218
83
0
0
217
84
0
0
216
85
0
0
215
86
0
0
215
87
0
0
216
88
0
0
216
89
0
0
216
90
0
0
216
91
0
0
215
92
0
0
215
93
0
0
215
94
0
0
215
95
0
0
215
96
0
0
214
97
0
0
213
98
0
0
213
99
0
0
213
100
0
0
213
101
0
0
212
102
0
0
211
103
0
0
211
104
0
0
211
105
0
0
210
106
0
0
209
107
0
0
208
108
0
0
207
109
0
0
206
110
0
0
205
111
0
0
204
112
0
0
204
113
0
0
203
114
0
0
203
115
0
0
203
116
0
0
204
117
0
0
205
118
0
0
206
119
0
0
206
120
0
0
205
121
0
0
205
122
0
0
205
123
0
0
205
124
0
0
205
125
0
0
205
126
0
0
204
127
0
0
203
128
0
0
202
129
0
0
201
130
0
0
200
131
0
0
199
132
0
0
198
133
0
0
197
134
0
0
196
135
0
0
195
136
0
0
195
137
0
0
195
138
0
0
194
139
0
0
193
140
0
0
192
141
0
0
191
142
0
0
190
143
0
0
189
144
0
0
188
145
0
0
187
146
0
0
186
147
0
0
185
148
0
0
184
149
0
0
183
150
0
0
182
151
0
0
181
152
0
0
180
153
0
0
179
154
0
0
179
155
0
0
179
156
0
0
179
157
0
0
178
158
0
0
177
159
0
0
176
160
0
0
175
161
0
0
174
162
0
0
173
163
0
0
173
164
0
0
174
165
0
0
175
166
0
0
175
167
0
0
175
168
0
0
175
169
0
0
174
170
0
0
173
171
0
0
172
172
0
0
171
173
0
0
170
174
0
0
170
175
0
0
170
176
0
0
170
177
0
0
169
178
0
0
169
179
0
0
169
180
0
0
169
181
0
0
169
182
0
0
169
183
0
0
169
184
0
0
169
185
0
0
168
186
0
0
167
187
0
0
167
188
0
0
167
189
0
0
167
190
0
0
166
191
0
0
165
192
0
0
164
193
0
0
164
194
0
0
164
195
0
0
163
196
0
0
162
197
0
0
161
198
0
0
160
199
0
0
159
200
0
0
158
201
0
0
158
202
0
0
158
203
0
0
158
204
0
0
157
205
0
0
157
206
0
0
157
207
0
0
158
208
0
0
159
209
0
0
159
210
0
0
158
211
0
0
158
212
0
0
158
213
0
0
158
214
0
0
158
215
0
0
158
216
0
0
158
217
0
0
157
218
0
0
156
219
0
0
156
220
0
0
155
221
0
0
154
222
0
0
153
223
0
0
152
224
0
0
151
225
0
0
151
226
0
0
151
227
0
0
151
228
0
0
151
229
0
0
150
230
0
0
149
231
0
0
148
232
0
0
147
233
0
0
147
234
0
0
146
235
0
0
145
236
0
0
144
237
0
0
143
238
0
0
142
239
0
0
142
240
0
0
141
241
0
0
141
242
0
0
141
243
0
0
141
244
0
0
141
245
0
0
140
246
0
0
139
247
0
0
139
248
0
0
139
249
0
0
139
250
0
0
138
251
0
0
138
252
0
0
137
253
0
0
136
254
0
0
136
255
0
0
136
0
0
0
135
1
0
0
134
2
0
0
134
3
0
0
133
4
0
0
134
5
0
0
134
6
0
0
134
7
0
0
134
8
0
0
134
9
0
0
134
10
0
0
134
11
0
0
134
12
0
0
133
13
0
0
132
14
0
0
131
15
0
0
130
16
0
0
129
17
0
0
128
18
0
0
127
19
0
0
127
20
0
0
127
21
0
0
127
22
0
0
127
23
0
0
127
24
0
0
128
25
0
0
128
26
0
0
129
27
0
0
131
28
0
0
133
29
0
0
134
30
0
0
135
31
0
0
136
32
0
0
136
33
0
0
136
34
0
0
136
35
0
0
137
36
0
0
138
37
0
0
138
38
0
0
138
39
0
0
138
40
0
0
138
41
0
0
138
42
0
0
139
43
0
0
140
44
0
0
140
45
0
0
141
46
0
0
143
47
0
0
144
48
0
0
145
49
0
0
145
50
0
0
145
51
0
0
145
52
0
0
145
53
0
0
145
54
0
0
145
55
0
0
145
56
0
0
146
57
0
0
147
58
0
0
147
59
0
0
147
60
0
0
147
61
0
0
146
62
0
0
146
63
0
0
146
64
0
0
146
65
0
0
145
66
0
0
145
67
0
0
145
68
0
0
145
69
0
0
145
70
0
0
145
71
0
0
144
72
0
0
143
73
0
0
143
74
0
0
143
75
0
0
142
76
0
0
141
77
0
0
140
78
0
0
139
79
0
0
139
80
0
0
140
81
0
0
140
82
0
0
139
83
0
0
138
84
0
0
137
85
0
0
136
86
0
0
135
87
0
0
134
88
0
0
133
89
0
0
133
90
0
0
133
91
0
0
133
92
0
0
132
93
0
0
131
94
0
0
130
95
0
0
129
96
0
0
129
97
0
0
129
98
0
0
128
99
0
0
128
100
0
0
128
101
0
0
128
102
0
0
129
103
0
0
129
104
0
0
128
105
0
0
127
106
0
0
127
107
0
0
127
108
0
0
127
109
0
0
127
110
0
0
127
111
0
0
127
112
0
0
127
113
0
0
127
114
0
0
127
115
0
0
128
116
0
0
128
117
0
0
128
118
0
0
128
119
0
0
129
120
0
0
130
121
0
0
131
122
0
0
131
123
0
0
130
124
0
0
130
125
0
0
130
126
0
0
129
127
0
0
129
128
0
0
128
129
0
0
127
130
0
0
127
131
0
0
127
132
0
0
127
133
0
0
127
134
0
0
128
135
0
0
127
136
0
0
127
137
0
0
127
138
0
0
128
139
0
0
127
140
0
0
128
141
0
0
128
142
0
0
128
143
0
0
128
144
0
0
128
145
0
0
127
146
0
0
127
147
0
0
127
148
0
0
127
149
0
0
127
150
0
0
127
151
0
0
127
152
0
0
127
153
0
0
127
154
0
0
127
155
0
0
128
156
0
0
128
157
0
0
128
158
0
0
128
159
0
0
130
160
0
0
131
161
0
0
131
162
0
0
131
163
0
0
131
164
0
0
130
165
0
0
130
166
0
0
130
167
0
0
129
168
0
0
128
169
0
0
127
170
0
0
128
171
0
0
128
172
0
0
127
173
0
0
128
174
0
0
129
175
0
0
129
176
0
0
129
177
0
0
129
178
0
0
128
179
0
0
127
180
0
0
127
181
0
0
127
182
0
0
127
183
0
0
127
184
0
0
127
185
0
0
127
186
0
0
127
187
0
0
128
188
0
0
127
189
0
0
127
190
0
0
127
191
0
0
127
192
0
0
127
193
0
0
127
194
0
0
127
195
0
0
127
196
0
0
128
197
0
0
127
198
0
0
127
199
0
0
127
200
0
0
128
201
0
0
127
202
0
0
127
203
0
0
127
204
0
0
127
205
0
0
127
206
0
0
127
207
0
0
128
208
0
0
128
209
0
0
128
210
0
0
128
211
0
0
128
212
0
0
128
213
0
0
127
214
0
0
127
215
0
0
127
216
0
0
127
217
0
0
127
218
0
0
127
219
0
0
127
220
0
0
127
221
0
0
127
222
0
0
127
223
0
0
127
224
0
0
127
225
0
0
127
226
0
0
127
227
0
0
128
228
0
0
127
229
0
0
127
230
0
0
127
231
0
0
127
232
0
0
127
233
0
0
128
234
0
0
127
235
0
0
128
236
0
0
127
237
0
0
127
238
0
0
127
239
0
0
127
240
0
0
127
241
0
0
128
242
0
0
127
243
0
0
127
244
0
0
127
245
0
0
127
246
0
0
127
247
0
0
128
248
0
0
127
249
0
0
127
250
0
0
127
251
0
0
127
252
0
0
127
253
0
0
127
254
0
0
127
255
0
0
128
0
0
0
127
1
0
0
127
2
0
0
128
3
0
0
128
4
0
0
127
5
0
0
127
6
0
0
127
7
0
0
127
8
0
0
127
9
0
0
127
10
0
0
127
11
0
0
127
12
0
0
127
13
0
0
127
14
0
0
127
15
0
0
128
16
0
0
128
17
0
0
127
18
0
0
127
19
0
0
127
20
0
0
127
21
0
0
127
22
0
0
127
23
0
0
127
24
0
0
127
25
0
0
127
26
0
0
127
27
0
0
128
28
0
0
128
29
0
0
128
30
0
0
128
31
0
0
128
32
0
0
128
33
0
0
128
34
0
0
127
35
0
0
127
36
0
0
127
37
0
0
127
38
0
0
127
39
0
0
127
40
0
0
127
41
0
0
127
42
0
0
127
43
0
0
127
44
0
0
127
45
0
0
127
46
0
0
127
47
0
0
127
48
0
0
127
49
0
0
127
50
0
0
127
51
0
0
127
52
0
0
127
53
0
0
127
54
0
0
128
55
0
0
127
56
0
0
127
57
0
0
127
58
0
0
127
59
0
0
127
60
0
0
127
61
0
0
128
62
0
0
128
63
0
0
127
64
0
0
128
65
0
0
127
66
0
0
127
67
0
0
128
68
0
0
128
69
0
0
127
70
0
0
127
71
0
0
127
72
0
0
128
73
0
0
128
74
0
0
128
75
0
0
128
76
0
0
127
77
0
0
128
78
0
0
128
79
0
0
128
80
0
0
127
81
0
0
128
82
0
0
128
83
0
0
127
84
0
0
127
85
0
0
128
86
0
0
128
87
0
0
128
88
0
0
127
89
0
0
128
90
0
0
127
91
0
0
128
92
0
0
127
93
0
0
128
94
0
0
128
95
0
0
128
96
0
0
127
97
0
0
128
98
0
0
128
99
0
0
129
100
0
0
129
101
0
0
129
102
0
0
129
103
0
0
129
104
0
0
128
105
0
0
128
106
0
0
127
107
0
0
127
108
0
0
127
109
0
0
127
110
0
0
127
111
0
0
127
112
0
0
127
113
0
0
127
114
0
0
127
115
0
0
128
116
0
0
127
117
0
0
127
118
0
0
128
119
0
0
127
120
0
0
128
121
0
0
128
122
0
0
128
123
0
0
128
124
0
0
128
125
0
0
128
126
0
0
127
127
0
0
127
128
0
0
127
129
0
0
127
130
0
0
127
131
0
0
127
132
0
0
128
133
0
0
127
134
0
0
127
135
0
0
127
136
0
0
127
137
0
0
127
138
0
0
127
139
0
0
128
140
0
0
127
141
0
0
127
142
0
0
127
143
0
0
127
144
0
0
127
145
0
0
127
146
0
0
127
147
0
0
127
148
0
0
127
149
0
0
127
150
0
0
127
151
0
0
127
152
0
0
127
153
0
0
127
154
0
0
128
155
0
0
127
156
0
0
127
157
0
0
128
158
0
0
128
159
0
0
127
160
0
0
127
161
0
0
127
162
0
0
127
163
0
0
127
164
0
0
128
165
0
0
128
166
0
0
127
167
0
0
128
168
0
0
127
169
0
0
127
170
0
0
127
171
0
0
127
172
0
0
128
173
0
0
128
174
0
0
128
175
0
0
127
176
0
0
128
177
0
0
127
178
0
0
127
179
0
0
127
180
0
0
127
181
0
0
127
182
0
0
127
183
0
0
127
184
0
0
128
185
0
0
127
186
0
0
127
187
0
0
128
188
0
0
128
189
0
0
127
190
0
0
127
191
0
0
127
192
0
0
127
193
0
0
127
194
0
0
127
195
0
0
127
196
0
0
127
197
0
0
127
198
0
0
127
199
0
0
127
200
0
0
127
201
0
0
127
202
0
0
127
203
0
0
128
204
0
0
127
205
0
0
127
206
0
0
127
207
0
0
127
208
0
0
127
209
0
0
127
210
0
0
127
211
0
0
127
212
0
0
127
213
0
0
127
214
0
0
127
215
0
0
127
216
0
0
127
217
0
0
128
218
0
0
128
219
0
0
127
220
0
0
127
221
0
0
127
222
0
0
128
223
0
0
128
224
0
0
127
225
0
0
128
226
0
0
127
227
0
0
127
228
0
0
128
229
0
0
127
230
0
0
127
231
0
0
127
232
0
0
128
233
0
0
128
234
0
0
128
235
0
0
127
236
0
0
128
237
0
0
127
238
0
0
127
239
0
0
127
240
0
0
127
241
0
0
127
242
0
0
127
243
0
0
127
244
0
0
127
245
0
0
127
246
0
0
127
247
0
0
128
248
0
0
127
249
0
0
127
250
0
0
127
251
0
0
127
252
0
0
128
253
0
0
127
254
0
0
127
255
0
0
127
0
0
0
128
1
0
0
128
2
0
0
128
3
0
0
127
4
0
0
127
5
0
0
128
6
0
0
127
7
0
0
128
8
0
0
127
9
0
0
128
10
0
0
128
11
0
0
127
12
0
0
128
13
0
0
127
14
0
0
127
15
0
0
127
16
0
0
127
17
0
0
127
18
0
0
127
19
0
0
128
20
0
0
127
21
0
0
127
22
0
0
127
23
0
0
127
24
0
0
127
25
0
0
127
26
0
0
127
27
0
0
127
28
0
0
127
29
0
0
127
30
0
0
127
31
0
0
127
32
0
0
127
33
0
0
127
34
0
0
127
35
0
0
127
36
0
0
127
37
0
0
127
38
0
0
127
39
0
0
127
40
0
0
127
41
0
0
127
42
0
0
127
43
0
0
127
44
0
0
127
45
0
0
127
46
0
0
127
47
0
0
127
48
0
0
128
49
0
0
127
50
0
0
127
51
0
0
127
52
0
0
127
53
0
0
127
54
0
0
127
55
0
0
127
56
0
0
127
57
0
0
127
58
0
0
128
59
0
0
128
60
0
0
127
61
0
0
127
62
0
0
127
63
0
0
127
64
0
0
127
65
0
0
127
66
0
0
127
67
0
0
127
68
0
0
127
69
0
0
127
70
0
0
127
71
0
0
127
72
0
0
128
73
0
0
128
74
0
0
128
75
0
0
127
76
0
0
127
77
0
0
127
78
0
0
127
79
0
0
127
80
0
0
127
81
0
0
127
82
0
0
127
83
0
0
127
84
0
0
127
85
0
0
127
86
0
0
127
87
0
0
127
88
0
0
127
89
0
0
127
90
0
0
127
91
0
0
127
92
0
0
128
93
0
0
127
94
0
0
127
95
0
0
127
96
0
0
127
97
0
0
127
98
0
0
127
99
0
0
127
100
0
0
127
101
0
0
127
102
0
0
127
103
0
0
127
104
0
0
127
105
0
0
127
106
0
0
127
107
0
0
127
108
0
0
127
109
0
0
127
110
0
0
128
111
0
0
128
112
0
0
127
113
0
0
127
114
0
0
127
115
0
0
128
116
0
0
128
117
0
0
127
118
0
0
127
119
0
0
127
120
0
0
127
121
0
0
127
122
0
0
127
123
0
0
127
124
0
0
127
125
0
0
127
126
0
0
127
127
0
0
127
128
0
0
127
129
0
0
127
130
0
0
127
131
0
0
127
132
0
0
127
133
0
0
127
134
0
0
127
135
0
0
127
136
0
0
127
137
0
0
127
138
0
0
127
139
0
0
127
140
0
0
127
141
0
0
127
142
0
0
127
143
0
0
127
144
0
0
127
145
0
0
127
146
0
0
127
147
0
0
127
148
0
0
127
149
0
0
128
150
0
0
128
151
0
0
127
152
0
0
127
153
0
0
127
154
0
0
128
155
0
0
128
156
0
0
127
157
0
0
127
158
0
0
127
159
0
0
127
160
0
0
127
161
0
0
127
162
0
0
127
163
0
0
127
164
0
0
127
165
0
0
127
166
0
0
127
167
0
0
128
168
0
0
127
169
0
0
127
170
0
0
127
171
0
0
127
172
0
0
127
173
0
0
127
174
0
0
127
175
0
0
127
176
0
0
127
177
0
0
127
178
0
0
127
179
0
0
127
180
0
0
127
181
0
0
127
182
0
0
127
183
0
0
128
184
0
0
127
185
0
0
127
186
0
0
127
187
0
0
127
188
0
0
127
189
0
0
127
190
0
0
127
191
0
0
127
192
0
0
127
193
0
0
127
194
0
0
127
195
0
0
127
196
0
0
127
197
0
0
127
198
0
0
127
199
0
0
127
200
0
0
128
201
0
0
128
202
0
0
128
203
0
0
128
204
0
0
127
205
0
0
127
206
0
0
127
207
0
0
127
208
0
0
128
209
0
0
128
210
0
0
127
211
0
0
127
212
0
0
127
213
0
0
127
214
0
0
128
215
0
0
128
216
0
0
127
217
0
0
127
218
0
0
127
219
0
0
127
220
0
0
127
221
0
0
128
222
0
0
127
223
0
0
127
224
0
0
127
225
0
0
127
226
0
0
127
227
0
0
127
228
0
0
127
229
0
0
128
230
0
0
127
231
0
0
127
232
0
0
127
233
0
0
127
234
0
0
128
235
0
0
128
236
0
0
127
237
0
0
127
238
0
0
127
239
0
0
127
240
0
0
127
241
0
0
127
242
0
0
127
243
0
0
128
244
0
0
128
245
0
0
127
246
0
0
127
247
0
0
128
248
0
0
127
249
0
0
127
250
0
0
127
251
0
0
127
252
0
0
127
253
0
0
128
254
0
0
127
255
0
0
127
0
0
0
127
1
0
0
127
2
0
0
127
3
0
0
127
4
0
0
127
5
0
0
127
6
0
0
127
7
0
0
127
8
0
0
127
9
0
0
127
10
0
0
127
11
0
0
127
12
0
0
127
13
0
0
127
14
0
0
127
15
0
0
127
16
0
0
128
17
0
0
128
18
0
0
127
19
0
0
128
20
0
0
128
21
0
0
127
22
0
0
128
23
0
0
127
24
0
0
128
25
0
0
128
26
0
0
127
27
0
0
127
28
0
0
127
29
0
0
128
30
0
0
128
31
0
0
127
32
0
0
128
33
0
0
128
34
0
0
127
35
0
0
127
36
0
0
127
37
0
0
127
38
0
0
127
39
0
0
127
40
0
0
127
41
0
0
127
42
0
0
127
43
0
0
127
44
0
0
127
45
0
0
127
46
0
0
128
47
0
0
128
48
0
0
127
49
0
0
128
50
0
0
128
51
0
0
127
52
0
0
128
53
0
0
128
54
0
0
128
55
0
0
128
56
0
0
127
57
0
0
128
58
0
0
128
59
0
0
128
60
0
0
127
61
0
0
128
62
0
0
127
63
0
0
128
64
0
0
127
65
0
0
127
66
0
0
127
67
0
0
127
68
0
0
127
69
0
0
128
70
0
0
128
71
0
0
127
72
0
0
128
73
0
0
127
74
0
0
127
75
0
0
127
76
0
0
128
77
0
0
127
78
0
0
127
79
0
0
127
80
0
0
127
81
0
0
127
82
0
0
127
83
0
0
127
84
0
0
128
85
0
0
127
86
0
0
128
87
0
0
128
88
0
0
128
89
0
0
127
90
0
0
127
91
0
0
127
92
0
0
127
93
0
0
127
94
0
0
127
95
0
0
127
96
0
0
127
97
0
0
127
98
0
0
127
99
0
0
127
100
0
0
127
101
0
0
127
102
0
0
127
103
0
0
127
104
0
0
127
105
0
0
127
106
0
0
127
107
0
0
128
108
0
0
128
109
0
0
128
110
0
0
127
111
0
0
127
112
0
0
127
113
0
0
127
114
0
0
127
115
0
0
127
116
0
0
127
117
0
0
127
118
0
0
128
119
0
0
127
120
0
0
127
121
0
0
127
122
0
0
127
123
0
0
127
124
0
0
127
125
0
0
127
126
0
0
127
127
0
0
127
128
0
0
127
129
0
0
127
130
0
0
127
131
0
0
127
132
0
0
127
133
0
0
127
134
0
0
127
135
0
0
127
136
0
0
127
137
0
0
127
138
0
0
127
139
0
0
127
140
0
0
127
141
0
0
127
142
0
0
127
143
0
0
127
144
0
0
127
145
0
0
128
146
0
0
127
147
0
0
127
148
0
0
127
149
0
0
127
150
0
0
127
151
0
0
127
152
0
0
127
153
0
0
127
154
0
0
127
155
0
0
127
156
0
0
127
157
0
0
127
158
0
0
127
159
0
0
128
160
0
0
127
161
0
0
127
162
0
0
127
163
0
0
127
164
0
0
127
165
0
0
127
166
0
0
127
167
0
0
127
168
0
0
127
169
0
0
128
170
0
0
127
171
0
0
127
172
0
0
127
173
0
0
127
174
0
0
127
175
0
0
127
176
0
0
127
177
0
0
127
178
0
0
128
179
0
0
128
180
0
0
128
181
0
0
128
182
0
0
127
183
0
0
128
184
0
0
127
185
0
0
127
186
0
0
127
187
0
0
127
188
0
0
128
189
0
0
127
190
0
0
128
191
0
0
127
192
0
0
127
193
0
0
127
194
0
0
127
195
0
0
127
196
0
0
128
197
0
0
128
198
0
0
127
199
0
0
127
200
0
0
127
201
0
0
127
202
0
0
127
203
0
0
127
204
0
0
127
205
0
0
127
206
0
0
127
207
0
0
127
208
0
0
127
209
0
0
127
210
0
0
127
211
0
0
127
212
0
0
127
213
0
0
127
214
0
0
127
215
0
0
127
216
0
0
127
217
0
0
127
218
0
0
127
219
0
0
127
220
0
0
127
221
0
0
127
222
0
0
127
223
0
0
128
224
0
0
128
225
0
0
127
226
0
0
127
227
0
0
127
228
0
0
127
229
0
0
127
230
0
0
128
231
0
0
127
232
0
0
127
233
0
0
127
234
0
0
127
235
0
0
127
236
0
0
127
237
0
0
127
238
0
0
127
239
0
0
128
240
0
0
127
241
0
0
127
242
0
0
127
243
0
0
127
244
0
0
127
245
0
0
127
246
0
0
127
247
0
0
127
248
0
0
127
249
0
0
127
250
0
0
127
251
0
0
127
252
0
0
127
253
0
0
127
254
0
0
127
255
0
0
127
0
0
0
127
1
0
0
127
2
0
0
127
3
0
0
127
4
0
0
127
5
0
0
127
6
0
0
128
7
0
0
128
8
0
0
127
9
0
0
127
10
0
0
127
11
0
0
127
12
0
0
127
13
0
0
127
14
0
0
127
15
0
0
127
16
0
0
127
17
0
0
127
18
0
0
127
19
0
0
127
20
0
0
127
21
0
0
127
22
0
0
127
23
0
0
127
24
0
0
127
25
0
0
127
26
0
0
127
27
0
0
127
28
0
0
127
29
0
0
127
30
0
0
127
31
0
0
127
32
0
0
127
33
0
0
127
34
0
0
127
35
0
0
127
36
0
0
127
37
0
0
127
38
0
0
127
39
0
0
127
40
0
0
127
41
0
0
127
42
0
0
127
43
0
0
127
44
0
0
127
45
0
0
128
46
0
0
128
47
0
0
128
48
0
0
128
49
0
0
128
50
0
0
127
51
0
0
127
52
0
0
127
53
0
0
127
54
0
0
127
55
0
0
127
56
0
0
127
57
0
0
127
58
0
0
127
59
0
0
127
60
0
0
127
61
0
0
127
62
0
0
127
63
0
0
127
64
0
0
127
65
0
0
127
66
0
0
127
67
0
0
127
68
0
0
127
69
0
0
127
70
0
0
127
71
0
0
127
72
0
0
127
73
0
0
127
74
0
0
127
75
0
0
128
76
0
0
128
77
0
0
127
78
0
0
127
79
0
0
127
80
0
0
127
81
0
0
127
82
0
0
127
83
0
0
127
84
0
0
127
85
0
0
128
86
0
0
127
87
0
0
127
88
0
0
127
89
0
0
127
90
0
0
127
91
0
0
127
92
0
0
127
93
0
0
127
94
0
0
127
95
0
0
127
96
0
0
127
97
0
0
127
98
0
0
127
99
0
0
127
100
0
0
127
101
0
0
127
102
0
0
127
103
0
0
127
104
0
0
127
105
0
0
127
106
0
0
127
107
0
0
127
108
0
0
127
109
0
0
127
110
0
0
127
111
0
0
127
112
0
0
127
113
0
0
127
114
0
0
127
115
0
0
127
116
0
0
127
117
0
0
127
118
0
0
127
119
0
0
127
120
0
0
127
121
0
0
127
122
0
0
127
123
0
0
127
124
0
0
127
125
0
0
127
126
0
0
127
127
0
0
127
128
0
0
127
129
0
0
127
130
0
0
127
131
0
0
127
132
0
0
127
133
0
0
127
134
0
0
127
135
0
0
127
136
0
0
127
137
0
0
127
138
0
0
128
139
0
0
127
140
0
0
128
141
0
0
127
142
0
0
127
143
0
0
127
144
0
0
127
145
0
0
127
146
0
0
127
147
0
0
127
148
0
0
127
149
0
0
127
150
0
0
127
151
0
0
127
152
0
0
128
153
0
0
128
154
0
0
127
155
0
0
127
156
0
0
127
157
0
0
127
158
0
0
127
159
0
0
127
160
0
0
127
161
0
0
127
162
0
0
127
163
0
0
127
164
0
0
127
165
0
0
127
166
0
0
127
167
0
0
127
168
0
0
127
169
0
0
127
170
0
0
127
171
0
0
127
172
0
0
127
173
0
0
127
174
0
0
127
175
0
0
127
176
0
0
127
177
0
0
127
178
0
0
127
179
0
0
127
180
0
0
127
181
0
0
127
182
0
0
127
183
0
0
127
184
0
0
127
185
0
0
127
186
0
0
127
187
0
0
127
188
0
0
127
189
0
0
128
190
0
0
127
191
0
0
127
192
0
0
127
193
0
0
127
194
0
0
127
195
0
0
127
196
0
0
127
197
0
0
127
198
0
0
127
199
0
0
128
200
0
0
127
201
0
0
127
202
0
0
127
203
0
0
127
204
0
0
127
205
0
0
127
206
0
0
127
207
0
0
127
208
0
0
127
209
0
0
127
210
0
0
127
211
0
0
127
212
0
0
127
213
0
0
127
214
0
0
127
215
0
0
127
216
0
0
127
217
0
0
127
218
0
0
127
219
0
0
127
220
0
0
127
221
0
0
127
222
0
0
127
223
0
0
127
224
0
0
127
225
0
0
127
226
0
0
127
227
0
0
127
228
0
0
127
229
0
0
127
230
0
0
127
231
0
0
127
232
0
0
127
233
0
0
127
234
0
0
127
235
0
0
127
236
0
0
127
237
0
0
127
238
0
0
127
239
0
0
127
240
0
0
127
241
0
0
127
242
0
0
127
243
0
0
127
244
0
0
127
245
0
0
127
246
0
0
127
247
0
0
127
248
0
0
127
249
0
0
127
250
0
0
127
251
0
0
127
252
0
0
127
253
0
0
127
254
0
0
127
255
0
0
127
0
0
0
127
1
0
0
127
2
0
0
128
3
0
0
128
4
0
0
127
5
0
0
127
6
0
0
127
7
0
0
127
8
0
0
127
9
0
0
127
10
0
0
127
11
0
0
127
12
0
0
127
13
0
0
127
14
0
0
127
15
0
0
127
16
0
0
127
17
0
0
127
18
0
0
127
19
0
0
128
20
0
0
127
21
0
0
127
22
0
0
127
23
0
0
127
24
0
0
127
25
0
0
128
26
0
0
127
27
0
0
127
28
0
0
127
29
0
0
128
30
0
0
127
31
0
0
128
32
0
0
127
33
0
0
127
34
0
0
127
35
0
0
128
36
0
0
127
37
0
0
127
38
0
0
127
39
0
0
127
40
0
0
128
41
0
0
127
42
0
0
127
43
0
0
127
44
0
0
127
45
0
0
127
46
0
0
127
47
0
0
127
48
0
0
127
49
0
0
127
50
0
0
127
51
0
0
127
52
0
0
127
53
0
0
127
54
0
0
127
55
0
0
127
56
0
0
127
57
0
0
127
58
0
0
127
59
0
0
127
60
0
0
127
61
0
0
127
62
0
0
127
63
0
0
127
64
0
0
127
65
0
0
127
66
0
0
127
67
0
0
127
68
0
0
127
69
0
0
127
70
0
0
127
71
0
0
127
72
0
0
127
73
0
0
127
74
0
0
128
75
0
0
127
76
0
0
127
77
0
0
127
78
0
0
128
79
0
0
127
80
0
0
127
81
0
0
127
82
0
0
127
83
0
0
127
84
0
0
127
85
0
0
127
86
0
0
127
87
0
0
127
88
0
0
127
89
0
0
127
90
0
0
128
91
0
0
128
92
0
0
127
93
0
0
127
94
0
0
127
95
0
0
127
96
0
0
127
97
0
0
127
98
0
0
127
99
0
0
127
100
0
0
127
101
0
0
127
102
0
0
128
103
0
0
127
104
0
0
127
105
0
0
127
106
0
0
127
107
0
0
127
108
0
0
127
109
0
0
127
110
0
0
128
111
0
0
127
112
0
0
127
113
0
0
127
114
0
0
127
115
0
0
127
116
0
0
127
117
0
0
127
118
0
0
127
119
0
0
127
120
0
0
127
121
0
0
127
122
0
0
127
123
0
0
127
124
0
0
127
125
0
0
127
126
0
0
127
127
0
0
127
128
0
0
127
129
0
0
128
130
0
0
127
131
0
0
127
132
0
0
127
133
0
0
127
134
0
0
127
135
0
0
127
136
0
0
127
137
0
0
127
138
0
0
127
139
0
0
127
140
0
0
127
141
0
0
127
142
0
0
127
143
0
0
127
144
0
0
127
145
0
0
127
146
0
0
127
147
0
0
127
148
0
0
127
149
0
0
127
150
0
0
127
151
0
0
127
152
0
0
127
153
0
0
127
154
0
0
127
155
0
0
127
156
0
0
127
157
0
0
127
158
0
0
127
159
0
0
127
160
0
0
127
161
0
0
127
162
0
0
127
163
0
0
127
164
0
0
127
165
0
0
127
166
0
0
127
167
0
0
127
168
0
0
127
169
0
0
127
170
0
0
127
171
0
0
127
172
0
0
127
173
0
0
127
174
0
0
127
175
0
0
127
176
0
0
127
177
0
0
127
178
0
0
127
179
0
0
127
180
0
0
127
181
0
0
127
182
0
0
127
183
0
0
128
184
0
0
128
185
0
0
128
186
0
0
128
187
0
0
128
188
0
0
128
189
0
0
127
190
0
0
127
191
0
0
127
192
0
0
127
193
0
0
127
194
0
0
127
195
0
0
127
196
0
0
127
197
0
0
127
198
0
0
127
199
0
0
127
200
0
0
127
201
0
0
127
202
0
0
127
203
0
0
127
204
0
0
127
205
0
0
127
206
0
0
127
207
0
0
127
208
0
0
127
209
0
0
127
210
0
0
127
211
0
0
127
212
0
0
127
213
0
0
127
214
0
0
127
215
0
0
127
216
0
0
127
217
0
0
127
218
0
0
127
219
0
0
127
220
0
0
127
221
0
0
127
222
0
0
127
223
0
0
127
224
0
0
127
225
0
0
127
226
0
0
127
227
0
0
127
228
0
0
127
229
0
0
127
230
0
0
127
231
0
0
127
232
0
0
127
233
0
0
127
234
0
0
127
235
0
0
127
236
0
0
127
237
0
0
127
238
0
0
127
239
0
0
127
240
0
0
127
241
0
0
127
242
0
0
127
243
0
0
127
244
0
0
127
245
0
0
127
246
0
0
127
247
0
0
127
248
0
0
127
249
0
0
127
250
0
0
127
251
0
0
127
252
0
0
127
253
0
0
127
254
0
0
127
255
0
0
127
0
0
0
127
1
0
0
127
2
0
0
127
3
0
0
127
4
0
0
127
5
0
0
127
6
0
0
127
7
0
0
127
8
0
0
127
9
0
0
127
10
0
0
127
11
0
0
127
12
0
0
127
13
0
0
127
14
0
0
127
15
0
0
127
16
0
0
127
17
0
0
127
18
0
0
127
19
0
0
127
20
0
0
128
21
0
0
127
22
0
0
127
23
0
0
128
24
0
0
127
25
0
0
127
26
0
0
127
27
0
0
127
28
0
0
127
29
0
0
127
30
0
0
127
31
0
0
127
32
0
0
127
33
0
0
127
34
0
0
127
35
0
0
127
36
0
0
127
37
0
0
127
38
0
0
127
39
0
0
128
40
0
0
127
41
0
0
127
42
0
0
127
43
0
0
127
44
0
0
127
45
0
0
127
46
0
0
127
47
0
0
127
48
0
0
127
49
0
0
127
50
0
0
127
51
0
0
127
52
0
0
127
53
0
0
127
54
0
0
127
55
0
0
127
56
0
0
127
57
0
0
127
58
0
0
127
59
0
0
127
60
0
0
127
61
0
0
127
62
0
0
128
63
0
0
128
64
0
0
127
65
0
0
128
66
0
0
127
67
0
0
127
68
0
0
127
69
0
0
127
70
0
0
127
71
0
0
127
72
0
0
127
73
0
0
127
74
0
0
127
75
0
0
127
76
0
0
127
77
0
0
127
78
0
0
127
79
0
0
127
80
0
0
127
81
0
0
127
82
0
0
127
83
0
0
127
84
0
0
127
85
0
0
127
86
0
0
127
87
0
0
127
88
0
0
127
89
0
0
127
90
0
0
127
91
0
0
127
92
0
0
127
93
0
0
127
94
0
0
127
95
0
0
127
96
0
0
127
97
0
0
128
98
0
0
127
99
0
0
128
100
0
0
127
101
0
0
127
102
0
0
127
103
0
0
127
104
0
0
127
105
0
0
128
106
0
0
127
107
0
0
127
108
0
0
127
109
0
0
127
110
0
0
127
111
0
0
127
112
0
0
127
113
0
0
127
114
0
0
127
115
0
0
127
116
0
0
127
117
0
0
128
118
0
0
128
119
0
0
128
120
0
0
128
121
0
0
127
122
0
0
127
123
0
0
127
124
0
0
127
125
0
0
127
126
0
0
127
127
0
0
127
128
0
0
127
129
0
0
127
130
0
0
127
131
0
0
127
132
0
0
127
133
0
0
127
134
0
0
127
135
0
0
127
136
0
0
127
137
0
0
127
138
0
0
127
139
0
0
127
140
0
0
127
141
0
0
127
142
0
0
127
143
0
0
127
144
0
0
127
145
0
0
127
146
0
0
127
147
0
0
127
148
0
0
127
149
0
0
127
150
0
0
127
151
0
0
127
152
0
0
127
153
0
0
127
154
0
0
127
155
0
0
127
156
0
0
127
157
0
0
127
158
0
0
127
159
0
0
127
160
0
0
127
161
0
0
127
162
0
0
128
163
0
0
127
164
0
0
127
165
0
0
127
166
0
0
127
167
0
0
127
168
0
0
127
169
0
0
127
170
0
0
127
171
0
0
127
172
0
0
127
173
0
0
127
174
0
0
127
175
0
0
127
176
0
0
127
177
0
0
127
178
0
0
127
179
0
0
127
180
0
0
127
181
0
0
127
182
0
0
128
183
0
0
127
184
0
0
127
185
0
0
128
186
0
0
128
187
0
0
128
188
0
0
127
189
0
0
127
190
0
0
127
191
0
0
128
192
0
0
127
193
0
0
127
194
0
0
127
195
0
0
127
196
0
0
127
197
0
0
127
198
0
0
127
199
0
0
127
200
0
0
127
201
0
0
127
202
0
0
127
203
0
0
127
204
0
0
127
205
0
0
127
206
0
0
127
207
0
0
127
208
0
0
127
209
0
0
127
210
0
0
127
211
0
0
127
212
0
0
127
213
0
0
128
214
0
0
127
215
0
0
127
216
0
0
127
217
0
0
127
218
0
0
127
219
0
0
127
220
0
0
127
221
0
0
127
222
0
0
127
223
0
0
127
224
0
0
127
225
0
0
127
226
0
0
128
227
0
0
127
228
0
0
127
229
0
0
127
230
0
0
127
231
0
0
127
232
0
0
127
233
0
0
128
234
0
0
127
235
0
0
127
236
0
0
127
237
0
0
128
238
0
0
127
239
0
0
127
240
0
0
127
241
0
0
127
242
0
0
127
243
0
0
127
244
0
0
127
245
0
0
127
246
0
0
127
247
0
0
127
248
0
0
127
249
0
0
128
250
0
0
127
251
0
0
127
252
0
0
127
253
0
0
128
254
0
0
127
255
0
0
127
0
0
0
127
1
0
0
127
2
0
0
127
3
0
0
127
4
0
0
127
5
0
0
127
6
0
0
127
7
0
0
127
8
0
0
127
9
0
0
128
10
0
0
127
11
0
0
127
12
0
0
127
13
0
0
127
14
0
0
128
15
0
0
127
16
0
0
127
17
0
0
127
18
0
0
127
19
0
0
128
20
0
0
128
21
0
0
128
22
0
0
127
23
0
0
128
24
0
0
128
25
0
0
128
26
0
0
128
27
0
0
128
28
0
0
128
29
0
0
128
30
0
0
128
31
0
0
127
32
0
0
127
33
0
0
127
34
0
0
127
35
0
0
127
36
0
0
127
37
0
0
127
38
0
0
127
39
0
0
127
40
0
0
127
41
0
0
128
42
0
0
128
43
0
0
128
44
0
0
127
45
0
0
127
46
0
0
127
47
0
0
127
48
0
0
127
49
0
0
127
50
0
0
127
51
0
0
127
52
0
0
127
53
0
0
127
54
0
0
127
55
0
0
127
56
0
0
127
57
0
0
127
58
0
0
128
59
0
0
127
60
0
0
127
61
0
0
127
62
0
0
127
63
0
0
127
64
0
0
127
65
0
0
127
66
0
0
128
67
0
0
128
68
0
0
127
69
0
0
127
70
0
0
128
71
0
0
128
72
0
0
127
73
0
0
127
74
0
0
128
75
0
0
128
76
0
0
127
77
0
0
127
78
0
0
127
79
0
0
128
80
0
0
127
81
0
0
128
82
0
0
127
83
0
0
127
84
0
0
127
85
0
0
127
86
0
0
128
87
0
0
128
88
0
0
128
89
0
0
127
90
0
0
127
91
0
0
127
92
0
0
127
93
0
0
128
94
0
0
127
95
0
0
127
96
0
0
127
97
0
0
127
98
0
0
127
99
0
0
127
100
0
0
127
101
0
0
127
102
0
0
127
103
0
0
127
104
0
0
127
105
0
0
127
106
0
0
127
107
0
0
127
108
0
0
127
109
0
0
127
110
0
0
127
111
0
0
127
112
0
0
127
113
0
0
127
114
0
0
127
115
0
0
127
116
0
0
127
117
0
0
127
118
0
0
128
119
0
0
127
120
0
0
127
121
0
0
127
122
0
0
127
123
0
0
128
124
0
0
128
125
0
0
128
126
0
0
127
127
0
0
128
128
0
0
127
129
0
0
127
130
0
0
128
131
0
0
128
132
0
0
127
133
0
0
127
134
0
0
127
135
0
0
127
136
0
0
127
137
0
0
127
138
0
0
127
139
0
0
127
140
0
0
127
141
0
0
127
142
0
0
127
143
0
0
127
144
0
0
127
145
0
0
128
146
0
0
127
147
0
0
127
148
0
0
127
149
0
0
127
150
0
0
127
151
0
0
127
152
0
0
127
153
0
0
127
154
0
0
127
155
0
0
127
156
0
0
127
157
0
0
127
158
0
0
127
159
0
0
127
160
0
0
127
161
0
0
127
162
0
0
127
163
0
0
127
164
0
0
127
165
0
0
127
166
0
0
127
167
0
0
127
168
0
0
127
169
0
0
127
170
0
0
127
171
0
0
127
172
0
0
128
173
0
0
127
174
0
0
127
175
0
0
127
176
0
0
127
177
0
0
127
178
0
0
127
179
0
0
128
180
0
0
128
181
0
0
127
182
0
0
127
183
0
0
127
184
0
0
128
185
0
0
127
186
0
0
127
187
0
0
127
188
0
0
127
189
0
0
127
190
0
0
127
191
0
0
127
192
0
0
128
193
0
0
127
194
0
0
127
195
0
0
127
196
0
0
127
197
0
0
127
198
0
0
127
199
0
0
127
200
0
0
128
201
0
0
128
202
0
0
127
203
0
0
128
204
0
0
127
205
0
0
128
206
0
0
127
207
0
0
128
208
0
0
128
209
0
0
128
210
0
0
128
211
0
0
128
212
0
0
128
213
0
0
128
214
0
0
128
215
0
0
127
216
0
0
128
217
0
0
127
218
0
0
127
219
0
0
127
220
0
0
127
221
0
0
127
222
0
0
127
223
0
0
127
224
0
0
128
225
0
0
128
226
0
0
127
227
0
0
128
228
0
0
128
229
0
0
128
230
0
0
127
231
0
0
127
232
0
0
127
233
0
0
127
234
0
0
128
235
0
0
127
236
0
0
127
237
0
0
127
238
0
0
127
239
0
0
127
240
0
0
127
241
0
0
127
242
0
0
127
243
0
0
127
244
0
0
127
245
0
0
127
246
0
0
128
247
0
0
127
248
0
0
127
249
0
0
127
250
0
0
127
251
0
0
127
252
0
0
127
253
0
0
127
254
0
0
127
255
0
0
127
0
0
0
127
1
0
0
127
2
0
0
127
3
0
0
127
4
0
0
127
5
0
0
127
6
0
0
127
7
0
0
127
8
0
0
127
9
0
0
127
10
0
0
127
11
0
0
127
12
0
0
127
13
0
0
127
14
0
0
127
15
0
0
127
16
0
0
127
17
0
0
127
18
0
0
127
19
0
0
127
20
0
0
127
21
0
0
127
22
0
0
127
23
0
0
128
24
0
0
127
25
0
0
127
26
0
0
127
27
0
0
127
28
0
0
127
29
0
0
127
30
0
0
127
31
0
0
127
32
0
0
127
33
0
0
127
34
0
0
127
35
0
0
127
36
0
0
127
37
0
0
127
38
0
0
127
39
0
0
127
40
0
0
127
41
0
0
127
42
0
0
127
43
0
0
127
44
0
0
127
45
0
0
127
46
0
0
127
47
0
0
127
48
0
0
127
49
0
0
127
50
0
0
127
51
0
0
127
52
0
0
127
53
0
0
127
54
0
0
127
55
0
0
127
56
0
0
127
57
0
0
127
58
0
0
127
59
0
0
127
60
0
0
127
61
0
0
127
62
0
0
127
63
0
0
127
64
0
0
127
65
0
0
127
66
0
0
127
67
0
0
127
68
0
0
127
69
0
0
127
70
0
0
127
71
0
0
127
72
0
0
127
73
0
0
127
74
0
0
127
75
0
0
127
76
0
0
127
77
0
0
127
78
0
0
127
79
0
0
127
80
0
0
127
81
0
0
127
82
0
0
127
83
0
0
127
84
0
0
127
85
0
0
127
86
0
0
127
87
0
0
127
88
0
0
127
89
0
0
127
90
0
0
127
91
0
0
127
92
0
0
127
93
0
0
127
94
0
0
127
95
0
0
127
96
0
0
127
97
0
0
127
98
0
0
127
99
0
0
127
100
0
0
127
101
0
0
127
102
0
0
127
103
0
0
127
104
0
0
127
105
0
0
127
106
0
0
127
107
0
0
127
108
0
0
127
109
0
0
127
110
0
0
127
111
0
0
127
112
0
0
127
113
0
0
127
114
0
0
128
115
0
0
127
116
0
0
128
117
0
0
127
118
0
0
127
119
0
0
127
120
0
0
127
121
0
0
127
122
0
0
127
123
0
0
127
124
0
0
127
125
0
0
127
126
0
0
127
127
0
0
127
128
0
0
127
129
0
0
127
130
0
0
127
131
0
0
127
132
0
0
127
133
0
0
127
134
0
0
127
135
0
0
127
136
0
0
127
137
0
0
127
138
0
0
127
139
0
0
127
140
0
0
127
141
0
0
127
142
0
0
127
143
0
0
127
144
0
0
127
145
0
0
127
146
0
0
127
147
0
0
127
148
0
0
127
149
0
0
127
150
0
0
128
151
0
0
127
152
0
0
128
153
0
0
127
154
0
0
127
155
0
0
127
156
0
0
128
157
0
0
127
158
0
0
127
159
0
0
127
160
0
0
128
161
0
0
127
162
0
0
128
163
0
0
127
164
0
0
128
165
0
0
128
166
0
0
128
167
0
0
128
168
0
0
128
169
0
0
128
170
0
0
128
171
0
0
128
172
0
0
128
173
0
0
128
174
0
0
127
175
0
0
127
176
0
0
127
177
0
0
127
178
0
0
128
179
0
0
128
180
0
0
128
181
0
0
128
182
0
0
128
183
0
0
128
184
0
0
127
185
0
0
128
186
0
0
127
187
0
0
127
188
0
0
127
189
0
0
128
190
0
0
128
191
0
0
128
192
0
0
127
193
0
0
128
194
0
0
128
195
0
0
128
196
0
0
128
197
0
0
128
198
0
0
127
199
0
0
127
200
0
0
127
201
0
0
127
202
0
0
127
203
0
0
127
204
0
0
127
205
0
0
127
206
0
0
127
207
0
0
127
208
0
0
127
209
0
0
127
210
0
0
127
211
0
0
127
212
0
0
127
213
0
0
127
214
0
0
127
215
0
0
128
216
0
0
128
217
0
0
127
218
0
0
127
219
0
0
127
220
0
0
127
221
0
0
127
222
0
0
127
223
0
0
128
224
0
0
127
225
0
0
127
226
0
0
127
227
0
0
127
228
0
0
127
229
0
0
127
230
0
0
127
231
0
0
127
232
0
0
128
233
0
0
128
234
0
0
127
235
0
0
127
236
0
0
127
237
0
0
127
238
0
0
127
239
0
0
127
240
0
0
127
241
0
0
127
242
0
0
127
243
0
0
127
244
0
0
127
245
0
0
128
246
0
0
127
247
0
0
128
248
0
0
127
249
0
0
127
250
0
0
128
251
0
0
127
252
0
0
128
253
0
0
127
254
0
0
127
255
0
0
127
0
0
0
127
1
0
0
127
2
0
0
128
3
0
0
128
4
0
0
127
5
0
0
127
6
0
0
127
7
0
0
127
8
0
0
128
9
0
0
128
10
0
0
128
11
0
0
127
12
0
0
128
13
0
0
128
14
0
0
129
15
0
0
129
16
0
0
129
17
0
0
130
18
0
0
131
19
0
0
131
20
0
0
131
21
0
0
132
22
0
0
132
23
0
0
133
24
0
0
133
25
0
0
133
26
0
0
132
27
0
0
132
28
0
0
131
29
0
0
131
30
0
0
130
31
0
0
130
32
0
0
129
33
0
0
129
34
0
0
128
35
0
0
129
36
0
0
129
37
0
0
129
38
0
0
129
39
0
0
130
40
0
0
130
41
0
0
130
42
0
0
130
43
0
0
130
44
0
0
129
45
0
0
129
46
0
0
129
47
0
0
129
48
0
0
128
49
0
0
127
50
0
0
128
51
0
0
128
52
0
0
127
53
0
0
127
54
0
0
127
55
0
0
127
56
0
0
127
57
0
0
128
58
0
0
127
59
0
0
128
60
0
0
128
61
0
0
128
62
0
0
127
63
0
0
128
64
0
0
128
65
0
0
128
66
0
0
127
67
0
0
127
68
0
0
128
69
0
0
128
70
0
0
127
71
0
0
127
72
0
0
127
73
0
0
127
74
0
0
127
75
0
0
127
76
0
0
127
77
0
0
127
78
0
0
127
79
0
0
128
80
0
0
127
81
0
0
127
82
0
0
128
83
0
0
128
84
0
0
127
85
0
0
128
86
0
0
128
87
0
0
128
88
0
0
128
89
0
0
127
90
0
0
128
91
0
0
127
92
0
0
127
93
0
0
127
94
0
0
127
95
0
0
127
96
0
0
127
97
0
0
127
98
0
0
127
99
0
0
127
100
0
0
127
101
0
0
128
102
0
0
128
103
0
0
127
104
0
0
128
105
0
0
128
106
0
0
128
107
0
0
127
108
0
0
128
109
0
0
127
110
0
0
127
111
0
0
127
112
0
0
127
113
0
0
127
114
0
0
127
115
0
0
127
116
0
0
127
117
0
0
127
118
0
0
127
119
0
0
127
120
0
0
127
121
0
0
127
122
0
0
127
123
0
0
127
124
0
0
127
125
0
0
127
126
0
0
127
127
0
0
127
128
0
0
127
129
0
0
127
130
0
0
127
131
0
0
127
132
0
0
127
133
0
0
127
134
0
0
127
135
0
0
127
136
0
0
127
137
0
0
127
138
0
0
127
139
0
0
127
140
0
0
127
141
0
0
128
142
0
0
127
143
0
0
127
144
0
0
127
145
0
0
127
146
0
0
127
147
0
0
127
148
0
0
127
149
0
0
127
150
0
0
127
151
0
0
127
152
0
0
128
153
0
0
127
154
0
0
127
155
0
0
127
156
0
0
127
157
0
0
127
158
0
0
127
159
0
0
128
160
0
0
127
161
0
0
127
162
0
0
127
163
0
0
127
164
0
0
128
165
0
0
128
166
0
0
128
167
0
0
128
168
0
0
128
169
0
0
127
170
0
0
127
171
0
0
127
172
0
0
128
173
0
0
128
174
0
0
127
175
0
0
127
176
0
0
127
177
0
0
127
178
0
0
127
179
0
0
127
180
0
0
128
181
0
0
127
182
0
0
127
183
0
0
127
184
0
0
128
185
0
0
127
186
0
0
128
187
0
0
127
188
0
0
127
189
0
0
127
190
0
0
128
191
0
0
127
192
0
0
128
193
0
0
128
194
0
0
128
195
0
0
127
196
0
0
127
197
0
0
127
198
0
0
127
199
0
0
127
200
0
0
127
201
0
0
127
202
0
0
127
203
0
0
127
204
0
0
127
205
0
0
127
206
0
0
127
207
0
0
127
208
0
0
128
209
0
0
127
210
0
0
127
211
0
0
127
212
0
0
127
213
0
0
127
214
0
0
127
215
0
0
127
216
0
0
128
217
0
0
127
218
0
0
127
219
0
0
127
220
0
0
127
221
0
0
127
222
0
0
127
223
0
0
127
224
0
0
127
225
0
0
127
226
0
0
127
227
0
0
127
228
0
0
127
229
0
0
128
230
0
0
127
231
0
0
127
232
0
0
127
233
0
0
127
234
0
0
127
235
0
0
127
236
0
0
127
237
0
0
127
238
0
0
127
239
0
0
127
240
0
0
127
241
0
0
127
242
0
0
127
243
0
0
127
244
0
0
127
245
0
0
127
246
0
0
127
247
0
0
127
248
0
0
127
249
0
0
127
250
0
0
127
251
0
0
127
252
0
0
127
253
0
0
127
254
0
0
127
255
0
0
127
0
0
0
127
1
0
0
127
2
0
0
127
3
0
0
128
4
0
0
128
5
0
0
128
6
0
0
128
7
0
0
127
8
0
0
127
9
0
0
127
10
0
0
127
11
0
0
127
12
0
0
127
13
0
0
127
14
0
0
127
15
0
0
127
16
0
0
127
17
0
0
127
18
0
0
127
19
0
0
127
20
0
0
127
21
0
0
127
22
0
0
127
23
0
0
127
24
0
0
127
25
0
0
127
26
0
0
127
27
0
0
127
28
0
0
127
29
0
0
127
30
0
0
127
31
0
0
127
32
0
0
127
33
0
0
127
34
0
0
127
35
0
0
127
36
0
0
127
37
0
0
127
38
0
0
127
39
0
0
127
40
0
0
127
41
0
0
127
42
0
0
127
43
0
0
127
44
0
0
127
45
0
0
127
46
0
0
128
47
0
0
128
48
0
0
127
49
0
0
127
50
0
0
128
51
0
0
127
52
0
0
128
53
0
0
128
54
0
0
127
55
0
0
127
56
0
0
127
57
0
0
128
58
0
0
127
59
0
0
127
60
0
0
127
61
0
0
127
62
0
0
127
63
0
0
127
64
0
0
127
65
0
0
127
66
0
0
127
67
0
0
127
68
0
0
127
69
0
0
127
70
0
0
127
71
0
0
127
72
0
0
127
73
0
0
127
74
0
0
127
75
0
0
127
76
0
0
127
77
0
0
127
78
0
0
127
79
0
0
127
80
0
0
127
81
0
0
127
82
0
0
127
83
0
0
127
84
0
0
127
85
0
0
127
86
0
0
127
87
0
0
127
88
0
0
127
89
0
0
127
90
0
0
127
91
0
0
127
92
0
0
127
93
0
0
127
94
0
0
127
95
0
0
127
96
0
0
127
97
0
0
127
98
0
0
127
99
0
0
127
100
0
0
127
101
0
0
127
102
0
0
128
103
0
0
127
104
0
0
127
105
0
0
127
106
0
0
127
107
0
0
127
108
0
0
128
109
0
0
127
110
0
0
127
111
0
0
128
112
0
0
128
113
0
0
128
114
0
0
128
115
0
0
128
116
0
0
128
117
0
0
128
118
0
0
127
119
0
0
128
120
0
0
127
121
0
0
128
122
0
0
127
123
0
0
128
124
0
0
127
125
0
0
128
126
0
0
128
127
0
0
128
128
0
0
128
129
0
0
128
130
0
0
127
131
0
0
127
132
0
0
128
133
0
0
128
134
0
0
128
135
0
0
127
136
0
0
128
137
0
0
127
138
0
0
128
139
0
0
127
140
0
0
127
141
0
0
127
142
0
0
127
143
0
0
127
144
0
0
127
145
0
0
127
146
0
0
127
147
0
0
127
148
0
0
127
149
0
0
127
150
0
0
127
151
0
0
127
152
0
0
127
153
0
0
127
154
0
0
127
155
0
0
127
156
0
0
127
157
0
0
127
158
0
0
127
159
0
0
127
160
0
0
127
161
0
0
127
162
0
0
127
163
0
0
127
164
0
0
127
165
0
0
127
166
0
0
127
167
0
0
127
168
0
0
127
169
0
0
127
170
0
0
127
171
0
0
127
172
0
0
127
173
0
0
127
174
0
0
127
175
0
0
127
176
0
0
127
177
0
0
127
178
0
0
127
179
0
0
127
180
0
0
127
181
0
0
127
182
0
0
127
183
0
0
127
184
0
0
127
185
0
0
127
186
0
0
127
187
0
0
127
188
0
0
127
189
0
0
127
190
0
0
127
191
0
0
127
192
0
0
127
193
0
0
127
194
0
0
127
195
0
0
127
196
0
0
127
197
0
0
127
198
0
0
127
199
0
0
127
200
0
0
127
201
0
0
127
202
0
0
127
203
0
0
127
204
0
0
127
205
0
0
127
206
0
0
127
207
0
0
127
208
0
0
127
209
0
0
127
210
0
0
127
211
0
0
127
212
0
0
127
213
0
0
127
214
0
0
127
215
0
0
127
216
0
0
127
217
0
0
127
218
0
0
127
219
0
0
127
220
0
0
127
221
0
0
127
222
0
0
127
223
0
0
127
224
0
0
127
225
0
0
127
226
0
0
127
227
0
0
127
228
0
0
127
229
0
0
128
230
0
0
127
231
0
0
127
232
0
0
127
233
0
0
127
234
0
0
127
235
0
0
127
236
0
0
128
237
0
0
127
238
0
0
127
239
0
0
127
240
0
0
127
241
0
0
127
242
0
0
127
243
0
0
127
244
0
0
127
245
0
0
127
246
0
0
127
247
0
0
127
248
0
0
127
249
0
0
127
250
0
0
127
251
0
0
127
252
0
0
127
253
0
0
127
254
0
0
127
255
0
0
127
0
0
0
127
1
0
0
127
2
0
0
127
3
0
0
127
4
0
0
127
5
0
0
127
6
0
0
127
7
0
0
127
8
0
0
127
9
0
0
127
10
0
0
127
11
0
0
127
12
0
0
127
13
0
0
127
14
0
0
127
15
0
0
127
16
0
0
127
17
0
0
127
18
0
0
127
19
0
0
127
20
0
0
127
21
0
0
127
22
0
0
127
23
0
0
128
24
0
0
128
25
0
0
127
26
0
0
127
27
0
0
128
28
0
0
127
29
0
0
127
30
0
0
127
31
0
0
127
32
0
0
127
33
0
0
127
34
0
0
127
35
0
0
127
36
0
0
127
37
0
0
127
38
0
0
127
39
0
0
127
40
0
0
127
41
0
0
127
42
0
0
127
43
0
0
127
44
0
0
127
45
0
0
127
46
0
0
127
47
0
0
127
48
0
0
127
49
0
0
127
50
0
0
127
51
0
0
127
52
0
0
127
53
0
0
127
54
0
0
127
55
0
0
127
56
0
0
127
57
0
0
127
58
0
0
127
59
0
0
128
60
0
0
127
61
0
0
127
62
0
0
127
63
0
0
127
64
0
0
127
65
0
0
127
66
0
0
127
67
0
0
127
68
0
0
127
69
0
0
127
70
0
0
127
71
0
0
127
72
0
0
127
73
0
0
127
74
0
0
127
75
0
0
127
76
0
0
127
77
0
0
127
78
0
0
127
79
0
0
127
80
0
0
127
81
0
0
127
82
0
0
127
83
0
0
127
84
0
0
127
85
0
0
127
86
0
0
127
87
0
0
127
88
0
0
127
89
0
0
127
90
0
0
127
91
0
0
127
92
0
0
127
93
0
0
128
94
0
0
127
95
0
0
127
96
0
0
127
97
0
0
127
98
0
0
127
99
0
0
127
100
0
0
127
101
0
0
127
102
0
0
127
103
0
0
127
104
0
0
127
105
0
0
127
106
0
0
127
107
0
0
127
108
0
0
127
109
0
0
127
110
0
0
127
111
0
0
127
112
0
0
127
113
0
0
127
114
0
0
127
115
0
0
127
116
0
0
127
117
0
0
127
118
0
0
127
119
0
0
127
120
0
0
127
121
0
0
127
122
0
0
127
123
0
0
127
124
0
0
127
125
0
0
127
126
0
0
127
127
0
0
127
128
0
0
127
129
0
0
127
130
0
0
127
131
0
0
127
132
0
0
127
133
0
0
127
134
0
0
127
135
0
0
127
136
0
0
127
137
0
0
127
138
0
0
127
139
0
0
127
140
0
0
127
141
0
0
127
142
0
0
127
143
0
0
127
144
0
0
127
145
0
0
127
146
0
0
127
147
0
0
127
148
0
0
127
149
0
0
127
150
0
0
127
151
0
0
127
152
0
0
127
153
0
0
127
154
0
0
127
155
0
0
127
156
0
0
127
157
0
0
127
158
0
0
127
159
0
0
127
160
0
0
127
161
0
0
127
162
0
0
127
163
0
0
127
164
0
0
127
165
0
0
127
166
0
0
127
167
0
0
127
168
0
0
127
169
0
0
127
170
0
0
127
171
0
0
127
172
0
0
127
173
0
0
127
174
0
0
127
175
0
0
127
176
0
0
127
177
0
0
127
178
0
0
127
179
0
0
127
180
0
0
127
181
0
0
127
182
0
0
127
183
0
0
127
184
0
0
127
185
0
0
127
186
0
0
127
187
0
0
127
188
0
0
127
189
0
0
127
190
0
0
127
191
0
0
127
192
0
0
127
193
0
0
127
194
0
0
127
195
0
0
127
196
0
0
127
197
0
0
127
198
0
0
127
199
0
0
127
200
0
0
127
201
0
0
127
202
0
0
127
203
0
0
127
204
0
0
127
205
0
0
127
206
0
0
127
207
0
0
127
208
0
0
127
209
0
0
127
210
0
0
127
211
0
0
127
212
0
0
127
213
0
0
127
214
0
0
127
215
0
0
127
216
0
0
127
217
0
0
127
218
0
0
127
219
0
0
127
220
0
0
127
221
0
0
127
222
0
0
127
223
0
0
127
224
0
0
127
225
0
0
127
226
0
0
127
227
0
0
127
228
0
0
127
229
0
0
127
230
0
0
127
231
0
0
127
232
0
0
127
233
0
0
127
234
0
0
127
235
0
0
127
236
0
0
127
237
0
0
127
238
0
0
127
239
0
0
127
240
0
0
127
241
0
0
127
242
0
0
127
243
0
0
127
244
0
0
127
245
0
0
127
246
0
0
127
247
0
0
127
248
0
0
127
249
0
0
127
250
0
0
127
251
0
0
127
252
0
0
127
253
0
0
127
254
0
0
127
255
0
0
127
0
0
0
127
1
0
0
127
2
0
0
127
3
0
0
127
4
0
0
127
5
0
0
127
6
0
0
127
7
0
0
127
8
0
0
127
9
0
0
127
10
0
0
127
11
0
0
127
12
0
0
127
13
0
0
127
14
0
0
127
15
0
0
127
16
0
0
127
17
0
0
127
18
0
0
127
19
0
0
127
20
0
0
127
21
0
0
127
22
0
0
127
23
0
0
127
24
0
0
128
25
0
0
127
26
0
0
127
27
0
0
127
28
0
0
127
29
0
0
127
30
0
0
127
31
0
0
127
32
0
0
127
33
0
0
127
34
0
0
127
35
0
0
127
36
0
0
127
37
0
0
127
38
0
0
127
39
0
0
127
40
0
0
127
41
0
0
127
42
0
0
127
43
0
0
127
44
0
0
127
45
0
0
127
46
0
0
127
47
0
0
127
48
0
0
127
49
0
0
127
50
0
0
127
51
0
0
127
52
0
0
127
53
0
0
127
54
0
0
127
55
0
0
127
56
0
0
127
57
0
0
127
58
0
0
127
59
0
0
127
60
0
0
127
61
0
0
127
62
0
0
127
63
0
0
127
64
0
0
127
65
0
0
127
66
0
0
127
67
0
0
127
68
0
0
127
69
0
0
127
70
0
0
127
71
0
0
127
72
0
0
127
73
0
0
127
74
0
0
127
75
0
0
127
76
0
0
127
77
0
0
127
78
0
0
127
79
0
0
127
80
0
0
127
81
0
0
127
82
0
0
127
83
0
0
127
84
0
0
127
85
0
0
127
86
0
0
127
87
0
0
127
88
0
0
127
89
0
0
127
90
0
0
127
91
0
0
127
92
0
0
127
93
0
0
127
94
0
0
127
95
0
0
127
96
0
0
127
97
0
0
127
98
0
0
127
99
0
0
127
100
0
0
127
101
0
0
127
102
0
0
127
103
0
0
127
104
0
0
127
105
0
0
127
106
0
0
127
107
0
0
127
108
0
0
127
109
0
0
127
110
0
0
127
111
0
0
127
112
0
0
127
113
0
0
127
114
0
0
127
115
0
0
127
116
0
0
127
117
0
0
127
118
0
0
127
119
0
0
127
120
0
0
127
121
0
0
127
122
0
0
127
123
0
0
127
124
0
0
127
125
0
0
127
126
0
0
127
127
0
0
127
128
0
0
127
129
0
0
127
130
0
0
127
131
0
0
127
132
0
0
127
133
0
0
127
134
0
0
127
135
0
0
127
136
0
0
127
137
0
0
127
138
0
0
127
139
0
0
127
140
0
0
127
141
0
0
127
142
0
0
127
143
0
0
127
144
0
0
127
145
0
0
127
146
0
0
127
147
0
0
127
148
0
0
127
149
0
0
127
150
0
0
127
151
0
0
127
152
0
0
127
153
0
0
127
154
0
0
127
155
0
0
127
156
0
0
127
157
0
0
127
158
0
0
127
159
0
0
127
160
0
0
127
161
0
0
127
162
0
0
127
163
0
0
127
164
0
0
127
165
0
0
127
166
0
0
127
167
0
0
127
168
0
0
127
169
0
0
127
170
0
0
127
171
0
0
127
172
0
0
127
173
0
0
127
174
0
0
127
175
0
0
127
176
0
0
127
177
0
0
127
178
0
0
127
179
0
0
127
180
0
0
127
181
0
0
127
182
0
0
127
183
0
0
127
184
0
0
127
185
0
0
127
186
0
0
127
187
0
0
127
188
0
0
127
189
0
0
127
190
0
0
127
191
0
0
127
192
0
0
127
193
0
0
127
194
0
0
127
195
0
0
127
196
0
0
127
197
0
0
127
198
0
0
127
199
0
0
127
200
0
0
127
201
0
0
127
202
0
0
127
203
0
0
127
204
0
0
127
205
0
0
127
206
0
0
127
207
0
0
127
208
0
0
127
209
0
0
127
210
0
0
127
211
0
0
127
212
0
0
127
213
0
0
127
214
0
0
127
215
0
0
127
216
0
0
127
217
0
0
127
218
0
0
127
219
0
0
127
220
0
0
127
221
0
0
127
222
0
0
127
223
0
0
127
224
0
0
127
225
0
0
127
226
0
0
127
227
0
0
127
228
0
0
127
229
0
0
127
230
0
0
127
231
0
0
127
232
0
0
127
233
0
0
127
234
0
0
127
235
0
0
127
236
0
0
127
237
0
0
127
238
0
0
127
239
0
0
127
240
0
0
127
241
0
0
127
242
0
0
127
243
0
0
127
244
0
0
127
245
0
0
127
246
0
0
127
247
0
0
127
248
0
0
127
249
0
0
127
250
0
0
127
251
0
0
127
252
0
0
127
253
0
0
127
254
0
0
127
255
0
0
127
0
0
0
127
1
0
0
127
2
0
0
127
3
0
0
127
4
0
0
127
5
0
0
127
6
0
0
127
7
0
0
127
8
0
0
127
9
0
0
127
10
0
0
127
11
0
0
127
12
0
0
127
13
0
0
127
14
0
0
127
15
0
0
127
16
0
0
127
17
0
0
127
18
0
0
127
19
0
0
127
20
0
0
127
21
0
0
127
22
0
0
127
23
0
0
127
24
0
0
127
25
0
0
127
26
0
0
127
27
0
0
127
28
0
0
127
29
0
0
127
30
0
0
127
31
0
0
127
32
0
0
127
33
0
0
127
34
0
0
127
35
0
0
127
36
0
0
127
37
0
0
127
38
0
0
127
39
0
0
127
40
0
0
127
41
0
0
127
42
0
0
127
43
0
0
127
44
0
0
127
45
0
0
127
46
0
0
127
47
0
0
127
48
0
0
127
49
0
0
127
50
0
0
127
51
0
0
127
52
0
0
127
53
0
0
127
54
0
0
127
55
0
0
127
56
0
0
127
57
0
0
127
58
0
0
127
59
0
0
127
60
0
0
127
61
0
0
127
62
0
0
127
63
0
0
127
64
0
0
127
65
0
0
127
66
0
0
127
67
0
0
127
68
0
0
127
69
0
0
127
70
0
0
127
71
0
0
127
72
0
0
127
73
0
0
127
74
0
0
127
75
0
0
127
76
0
0
127
77
0
0
127
78
0
0
127
79
0
0
127
80
0
0
127
81
0
0
127
82
0
0
127
83
0
0
127
84
0
0
127
85
0
0
127
86
0
0
127
87
0
0
127
88
0
0
127
89
0
0
127
90
0
0
127
91
0
0
127
92
0
0
127
93
0
0
127
94
0
0
127
95
0
0
127
96
0
0
127
97
0
0
127
98
0
0
127
99
0
0
127
100
0
0
127
101
0
0
127
102
0
0
127
103
0
0
127
104
0
0
127
105
0
0
127
106
0
0
127
107
0
0
127
108
0
0
127
109
0
0
127
110
0
0
127
111
0
0
127
112
0
0
127
113
0
0
127
114
0
0
127
115
0
0
127
116
0
0
127
117
0
0
127
118
0
0
127
119
0
0
127
120
0
0
127
121
0
0
127
122
0
0
127
123
0
0
127
124
0
0
127
125
0
0
127
126
0
0
127
127
0
0
127
128
0
0
127
129
0
0
127
130
0
0
127
131
0
0
127
132
0
0
127
133
0
0
127
134
0
0
127
135
0
0
127
136
0
0
127
137
0
0
127
138
0
0
127
139
0
0
127
140
0
0
127
141
0
0
127
142
0
0
127
143
0
0
128
144
0
0
127
145
0
0
127
146
0
0
127
147
0
0
127
148
0
0
127
149
0
0
127
150
0
0
127
151
0
0
127
152
0
0
127
153
0
0
127
154
0
0
127
155
0
0
127
156
0
0
127
157
0
0
127
158
0
0
127
159
0
0
127
160
0
0
127
161
0
0
127
162
0
0
127
163
0
0
127
164
0
0
127
165
0
0
127
166
0
0
127
167
0
0
127
168
0
0
127
169
0
0
127
170
0
0
127
171
0
0
127
172
0
0
127
173
0
0
127
174
0
0
127
175
0
0
127
176
0
0
127
177
0
0
127
178
0
0
127
179
0
0
127
180
0
0
127
181
0
0
127
182
0
0
127
183
0
0
127
184
0
0
127
185
0
0
127
186
0
0
127
187
0
0
127
188
0
0
127
189
0
0
127
190
0
0
127
191
0
0
127
192
0
0
127
193
0
0
127
194
0
0
127
195
0
0
127
196
0
0
127
197
0
0
127
198
0
0
127
199
0
0
127
200
0
0
127
201
0
0
127
202
0
0
127
203
0
0
127
204
0
0
127
205
0
0
127
206
0
0
127
207
0
0
127
208
0
0
127
209
0
0
127
210
0
0
127
211
0
0
127
212
0
0
127
213
0
0
127
214
0
0
127
215
0
0
127
216
0
0
127
217
0
0
127
218
0
0
127
219
0
0
127
220
0
0
127
221
0
0
127
222
0
0
127
223
0
0
127
224
0
0
127
225
0
0
127
226
0
0
127
227
0
0
127
228
0
0
127
229
0
0
127
230
0
0
127
231
0
0
127
232
0
0
127
233
0
0
127
234
0
0
127
235
0
0
127
236
0
0
127
237
0
0
127
238
0
0
127
239
0
0
128
240
0
0
128
241
0
0
127
242
0
0
127
243
0
0
127
244
0
0
127
245
0
0
127
246
0
0
127
247
0
0
127
248
0
0
127
249
0
0
127
250
0
0
127
251
0
0
127
252
0
0
127
253
0
0
127
254
0
0
127
255
0
0
127
0
0
0
127
1
0
0
127
2
0
0
127
3
0
0
127
4
0
0
127
5
0
0
127
6
0
0
127
7
0
0
127
8
0
0
127
9
0
0
127
10
0
0
127
11
0
0
127
12
0
0
127
13
0
0
128
14
0
0
128
15
0
0
127
16
0
0
127
17
0
0
127
18
0
0
127
19
0
0
127
20
0
0
127
21
0
0
127
22
0
0
127
23
0
0
127
24
0
0
127
25
0
0
127
26
0
0
127
27
0
0
127
28
0
0
127
29
0
0
127
30
0
0
127
31
0
0
127
32
0
0
127
33
0
0
127
34
0
0
127
35
0
0
127
36
0
0
127
37
0
0
127
38
0
0
127
39
0
0
127
40
0
0
127
41
0
0
127
42
0
0
127
43
0
0
127
44
0
0
127
45
0
0
127
46
0
0
127
47
0
0
127
48
0
0
127
49
0
0
127
50
0
0
127
51
0
0
127
52
0
0
127
53
0
0
127
54
0
0
127
55
0
0
127
56
0
0
127
57
0
0
127
58
0
0
127
59
0
0
127
60
0
0
127
61
0
0
127
62
0
0
127
63
0
0
127
64
0
0
127
65
0
0
127
66
0
0
127
67
0
0
127
68
0
0
127
69
0
0
127
70
0
0
127
71
0
0
127
72
0
0
127
73
0
0
127
74
0
0
127
75
0
0
127
76
0
0
127
77
0
0
127
78
0
0
127
79
0
0
127
80
0
0
127
81
0
0
127
82
0
0
127
83
0
0
127
84
0
0
127
85
0
0
127
86
0
0
127
87
0
0
127
88
0
0
127
89
0
0
127
90
0
0
127
91
0
0
127
92
0
0
127
93
0
0
127
94
0
0
127
95
0
0
127
96
0
0
127
97
0
0
127
98
0
0
127
99
0
0
127
100
0
0
127
101
0
0
127
102
0
0
127
103
0
0
127
104
0
0
127
105
0
0
127
106
0
0
127
107
0
0
127
108
0
0
127
109
0
0
127
110
0
0
127
111
0
0
127
112
0
0
127
113
0
0
127
114
0
0
127
115
0
0
127
116
0
0
127
117
0
0
127
118
0
0
127
119
0
0
127
120
0
0
127
121
0
0
127
122
0
0
127
123
0
0
127
124
0
0
127
125
0
0
127
126
0
0
127
127
0
0
127
128
0
0
127
129
0
0
127
130
0
0
127
131
0
0
127
132
0
0
127
133
0
0
127
134
0
0
127
135
0
0
127
136
0
0
127
137
0
0
127
138
0
0
127
139
0
0
127
140
0
0
127
141
0
0
127
142
0
0
127
143
0
0
127
144
0
0
127
145
0
0
127
146
0
0
127
147
0
0
127
148
0
0
127
149
0
0
127
150
0
0
127
151
0
0
128
152
0
0
127
153
0
0
127
154
0
0
127
155
0
0
127
156
0
0
127
157
0
0
127
158
0
0
127
159
0
0
127
160
0
0
127
161
0
0
127
162
0
0
127
163
0
0
127
164
0
0
127
165
0
0
127
166
0
0
127
167
0
0
127
168
0
0
127
169
0
0
127
170
0
0
127
171
0
0
127
172
0
0
127
173
0
0
128
174
0
0
127
175
0
0
127
176
0
0
127
177
0
0
127
178
0
0
127
179
0
0
128
180
0
0
127
181
0
0
127
182
0
0
127
183
0
0
127
184
0
0
127
185
0
0
127
186
0
0
128
187
0
0
127
188
0
0
128
189
0
0
128
190
0
0
127
191
0
0
127
192
0
0
127
193
0
0
127
194
0
0
127
195
0
0
127
196
0
0
127
197
0
0
127
198
0
0
127
199
0
0
127
200
0
0
127
201
0
0
127
202
0
0
127
203
0
0
127
204
0
0
127
205
0
0
127
206
0
0
127
207
0
0
128
208
0
0
127
209
0
0
127
210
0
0
127
211
0
0
127
212
0
0
127
213
0
0
127
214
0
0
127
215
0
0
127
216
0
0
127
217
0
0
127
218
0
0
127
219
0
0
127
220
0
0
127
221
0
0
127
222
0
0
127
223
0
0
127
224
0
0
127
225
0
0
127
226
0
0
127
227
0
0
127
228
0
0
127
229
0
0
127
230
0
0
127
231
0
0
127
232
0
0
127
233
0
0
127
234
0
0
127
235
0
0
127
236
0
0
127
237
0
0
127
238
0
0
127
239
0
0
128
240
0
0
128
241
0
0
128
242
0
0
128
243
0
0
128
244
0
0
128
245
0
0
128
246
0
0
128
247
0
0
128
248
0
0
128
249
0
0
128
250
0
0
128
251
0
0
128
252
0
0
128
253
0
0
128
254
0
0
128
255
0
0
128
0
0
0
128
1
0
0
127
2
0
0
128
3
0
0
127
4
0
0
127
5
0
0
127
6
0
0
127
7
0
0
127
8
0
0
127
9
0
0
127
10
0
0
127
11
0
0
128
12
0
0
128
13
0
0
127
14
0
0
127
15
0
0
128
16
0
0
128
17
0
0
127
18
0
0
127
19
0
0
127
20
0
0
128
21
0
0
128
22
0
0
127
23
0
0
127
24
0
0
128
25
0
0
127
26
0
0
127
27
0
0
127
28
0
0
127
29
0
0
127
30
0
0
127
31
0
0
127
32
0
0
127
33
0
0
127
34
0
0
127
35
0
0
127
36
0
0
127
37
0
0
127
38
0
0
127
39
0
0
127
40
0
0
127
41
0
0
127
42
0
0
127
43
0
0
127
44
0
0
127
45
0
0
128
46
0
0
128
47
0
0
127
48
0
0
127
49
0
0
127
50
0
0
127
51
0
0
127
52
0
0
127
53
0
0
127
54
0
0
127
55
0
0
127
56
0
0
127
57
0
0
127
58
0
0
127
59
0
0
127
60
0
0
127
61
0
0
127
62
0
0
127
63
0
0
127
64
0
0
127
65
0
0
127
66
0
0
127
67
0
0
127
68
0
0
127
69
0
0
127
70
0
0
127
71
0
0
127
72
0
0
127
73
0
0
127
74
0
0
127
75
0
0
128
76
0
0
127
77
0
0
127
78
0
0
128
79
0
0
127
80
0
0
127
81
0
0
127
82
0
0
128
83
0
0
127
84
0
0
127
85
0
0
128
86
0
0
127
87
0
0
128
88
0
0
127
89
0
0
127
90
0
0
128
91
0
0
128
92
0
0
127
93
0
0
128
94
0
0
128
95
0
0
127
96
0
0
127
97
0
0
128
98
0
0
127
99
0
0
127
100
0
0
128
101
0
0
127
102
0
0
127
103
0
0
128
104
0
0
127
105
0
0
128
106
0
0
128
107
0
0
127
108
0
0
128
109
0
0
128
110
0
0
127
111
0
0
127
112
0
0
127
113
0
0
127
114
0
0
127
115
0
0
127
116
0
0
127
117
0
0
127
118
0
0
127
119
0
0
127
120
0
0
128
121
0
0
128
122
0
0
128
123
0
0
128
124
0
0
128
125
0
0
127
126
0
0
128
127
0
0
127
128
0
0
128
129
0
0
127
130
0
0
127
131
0
0
127
132
0
0
127
133
0
0
127
134
0
0
127
135
0
0
127
136
0
0
127
137
0
0
128
138
0
0
127
139
0
0
128
140
0
0
127
141
0
0
127
142
0
0
127
143
0
0
127
144
0
0
127
145
0
0
127
146
0
0
127
147
0
0
127
148
0
0
127
149
0
0
127
150
0
0
127
151
0
0
128
152
0
0
127
153
0
0
127
154
0
0
127
155
0
0
128
156
0
0
128
157
0
0
127
158
0
0
127
159
0
0
127
160
0
0
127
161
0
0
127
162
0
0
127
163
0
0
128
164
0
0
127
165
0
0
127
166
0
0
127
167
0
0
127
168
0
0
127
169
0
0
127
170
0
0
127
171
0
0
127
172
0
0
127
173
0
0
127
174
0
0
127
175
0
0
127
176
0
0
128
177
0
0
128
178
0
0
127
179
0
0
127
180
0
0
128
181
0
0
127
182
0
0
127
183
0
0
127
184
0
0
127
185
0
0
127
186
0
0
127
187
0
0
127
188
0
0
127
189
0
0
128
190
0
0
127
191
0
0
128
192
0
0
128
193
0
0
128
194
0
0
128
195
0
0
127
196
0
0
127
197
0
0
127
198
0
0
127
199
0
0
128
200
0
0
127
201
0
0
127
202
0
0
127
203
0
0
128
204
0
0
127
205
0
0
127
206
0
0
128
207
0
0
128
208
0
0
128
209
0
0
127
210
0
0
127
211
0
0
127
212
0
0
127
213
0
0
127
214
0
0
127
215
0
0
127
216
0
0
127
217
0
0
127
218
0
0
127
219
0
0
127
220
0
0
127
221
0
0
127
222
0
0
127
223
0
0
127
224
0
0
128
225
0
0
127
226
0
0
127
227
0
0
127
228
0
0
127
229
0
0
127
230
0
0
127
231
0
0
127
232
0
0
127
233
0
0
127
234
0
0
127
235
0
0
127
236
0
0
127
237
0
0
127
238
0
0
127
239
0
0
127
240
0
0
127
241
0
0
127
242
0
0
127
243
0
0
127
244
0
0
127
245
0
0
127
246
0
0
128
247
0
0
127
248
0
0
127
249
0
0
127
250
0
0
127
251
0
0
127
252
0
0
127
253
0
0
127
254
0
0
127
255
0
0
127
0
0
0
128
1
0
0
127
2
0
0
127
3
0
0
127
4
0
0
128
5
0
0
127
6
0
0
127
7
0
0
127
8
0
0
127
9
0
0
127
10
0
0
127
11
0
0
127
12
0
0
127
13
0
0
127
14
0
0
127
15
0
0
128
16
0
0
127
17
0
0
127
18
0
0
127
19
0
0
127
20
0
0
127
21
0
0
127
22
0
0
127
23
0
0
127
24
0
0
127
25
0
0
128
26
0
0
127
27
0
0
127
28
0
0
127
29
0
0
127
30
0
0
127
31
0
0
127
32
0
0
127
33
0
0
127
34
0
0
127
35
0
0
127
36
0
0
127
37
0
0
127
38
0
0
127
39
0
0
127
40
0
0
127
41
0
0
127
42
0
0
127
43
0
0
127
44
0
0
127
45
0
0
127
46
0
0
128
47
0
0
127
48
0
0
127
49
0
0
127
50
0
0
127
51
0
0
127
52
0
0
127
53
0
0
127
54
0
0
127
55
0
0
127
56
0
0
127
57
0
0
127
58
0
0
127
59
0
0
128
60
0
0
127
61
0
0
127
62
0
0
127
63
0
0
127
64
0
0
127
65
0
0
127
66
0
0
127
67
0
0
127
68
0
0
127
69
0
0
127
70
0
0
127
71
0
0
127
72
0
0
127
73
0
0
127
74
0
0
127
75
0
0
127
76
0
0
127
77
0
0
127
78
0
0
127
79
0
0
127
80
0
0
127
81
0
0
127
82
0
0
127
83
0
0
127
84
0
0
127
85
0
0
127
86
0
0
127
87
0
0
127
88
0
0
128
89
0
0
127
90
0
0
127
91
0
0
127
92
0
0
127
93
0
0
127
94
0
0
127
95
0
0
127
96
0
0
127
97
0
0
127
98
0
0
127
99
0
0
127
100
0
0
127
101
0
0
127
102
0
0
127
103
0
0
127
104
0
0
127
105
0
0
127
106
0
0
127
107
0
0
127
108
0
0
127
109
0
0
127
110
0
0
127
111
0
0
127
112
0
0
127
113
0
0
127
114
0
0
127
115
0
0
127
116
0
0
127
117
0
0
127
118
0
0
127
119
0
0
127
120
0
0
127
121
0
0
128
122
0
0
127
123
0
0
127
124
0
0
127
125
0
0
127
126
0
0
127
127
0
0
127
128
0
0
127
129
0
0
127
130
0
0
127
131
0
0
127
132
0
0
127
133
0
0
127
134
0
0
127
135
0
0
127
136
0
0
127
137
0
0
127
138
0
0
127
139
0
0
127
140
0
0
127
141
0
0
127
142
0
0
127
143
0
0
127
144
0
0
127
145
0
0
127
146
0
0
127
147
0
0
127
148
0
0
127
149
0
0
127
150
0
0
128
151
0
0
127
152
0
0
128
153
0
0
127
154
0
0
127
155
0
0
127
156
0
0
127
157
0
0
127
158
0
0
127
159
0
0
127
160
0
0
127
161
0
0
127
162
0
0
127
163
0
0
127
164
0
0
127
165
0
0
127
166
0
0
128
167
0
0
128
168
0
0
127
169
0
0
127
170
0
0
127
171
0
0
127
172
0
0
127
173
0
0
127
174
0
0
128
175
0
0
127
176
0
0
127
177
0
0
127
178
0
0
127
179
0
0
127
180
0
0
127
181
0
0
127
182
0
0
127
183
0
0
127
184
0
0
127
185
0
0
127
186
0
0
127
187
0
0
127
188
0
0
127
189
0
0
128
190
0
0
127
191
0
0
127
192
0
0
127
193
0
0
127
194
0
0
127
195
0
0
127
196
0
0
127
197
0
0
127
198
0
0
128
199
0
0
128
200
0
0
128
201
0
0
128
202
0
0
128
203
0
0
127
204
0
0
127
205
0
0
127
206
0
0
128
207
0
0
128
208
0
0
128
209
0
0
127
210
0
0
127
211
0
0
127
212
0
0
128
213
0
0
128
214
0
0
127
215
0
0
127
216
0
0
127
217
0
0
127
218
0
0
127
219
0
0
127
220
0
0
127
221
0
0
127
222
0
0
127
223
0
0
127
224
0
0
127
225
0
0
127
226
0
0
127
227
0
0
127
228
0
0
127
229
0
0
127
230
0
0
127
231
0
0
127
232
0
0
127
233
0
0
127
234
0
0
127
235
0
0
127
236
0
0
127
237
0
0
128
238
0
0
127
239
0
0
127
240
0
0
127
241
0
0
127
242
0
0
127
243
0
0
127
244
0
0
127
245
0
0
127
246
0
0
127
247
0
0
127
248
0
0
127
249
0
0
127
250
0
0
128
251
0
0
127
252
0
0
127
253
0
0
127
254
0
0
127
255
0
0
127
0
0
0
127
1
0
0
127
2
0
0
127
3
0
0
127
4
0
0
127
5
0
0
127
6
0
0
127
7
0
0
127
8
0
0
127
9
0
0
127
10
0
0
127
11
0
0
127
12
0
0
127
13
0
0
127
14
0
0
128
15
0
0
127
16
0
0
128
17
0
0
127
18
0
0
127
19
0
0
127
20
0
0
127
21
0
0
127
22
0
0
127
23
0
0
127
24
0
0
128
25
0
0
128
26
0
0
128
27
0
0
127
28
0
0
128
29
0
0
127
30
0
0
127
31
0
0
127
32
0
0
128
33
0
0
128
34
0
0
128
35
0
0
127
36
0
0
127
37
0
0
128
38
0
0
127
39
0
0
127
40
0
0
128
41
0
0
128
42
0
0
128
43
0
0
128
44
0
0
127
45
0
0
127
46
0
0
127
47
0
0
127
48
0
0
127
49
0
0
128
50
0
0
128
51
0
0
128
52
0
0
127
53
0
0
127
54
0
0
127
55
0
0
128
56
0
0
127
57
0
0
127
58
0
0
127
59
0
0
128
60
0
0
128
61
0
0
128
62
0
0
128
63
0
0
128
64
0
0
128
65
0
0
129
66
0
0
129
67
0
0
129
68
0
0
128
69
0
0
127
70
0
0
127
71
0
0
127
72
0
0
127
73
0
0
127
74
0
0
127
75
0
0
127
76
0
0
127
77
0
0
127
78
0
0
127
79
0
0
127
80
0
0
128
81
0
0
128
82
0
0
128
83
0
0
128
84
0
0
128
85
0
0
128
86
0
0
127
87
0
0
127
88
0
0
127
89
0
0
128
90
0
0
127
91
0
0
127
92
0
0
127
93
0
0
127
94
0
0
128
95
0
0
128
96
0
0
128
97
0
0
127
98
0
0
127
99
0
0
127
100
0
0
127
101
0
0
127
102
0
0
127
103
0
0
127
104
0
0
127
105
0
0
127
106
0
0
127
107
0
0
127
108
0
0
127
109
0
0
127
110
0
0
127
111
0
0
127
112
0
0
127
113
0
0
127
114
0
0
127
115
0
0
127
116
0
0
128
117
0
0
127
118
0
0
127
119
0
0
127
120
0
0
127
121
0
0
127
122
0
0
127
123
0
0
127
124
0
0
127
125
0
0
127
126
0
0
127
127
0
0
127
128
0
0
127
129
0
0
127
130
0
0
127
131
0
0
127
132
0
0
127
133
0
0
127
134
0
0
127
135
0
0
127
136
0
0
127
137
0
0
128
138
0
0
127
139
0
0
127
140
0
0
127
141
0
0
127
142
0
0
127
143
0
0
127
144
0
0
127
145
0
0
127
146
0
0
127
147
0
0
127
148
0
0
127
149
0
0
127
150
0
0
127
151
0
0
127
152
0
0
127
153
0
0
127
154
0
0
127
155
0
0
127
156
0
0
127
157
0
0
128
158
0
0
127
159
0
0
127
160
0
0
127
161
0
0
127
162
0
0
127
163
0
0
127
164
0
0
127
165
0
0
127
166
0
0
127
167
0
0
127
168
0
0
127
169
0
0
127
170
0
0
127
171
0
0
128
172
0
0
127
173
0
0
128
174
0
0
128
175
0
0
128
176
0
0
128
177
0
0
128
178
0
0
127
179
0
0
127
180
0
0
127
181
0
0
127
182
0
0
127
183
0
0
127
184
0
0
127
185
0
0
127
186
0
0
128
187
0
0
128
188
0
0
128
189
0
0
127
190
0
0
127
191
0
0
127
192
0
0
127
193
0
0
127
194
0
0
127
195
0
0
127
196
0
0
127
197
0
0
127
198
0
0
127
199
0
0
127
200
0
0
127
201
0
0
127
202
0
0
127
203
0
0
127
204
0
0
127
205
0
0
127
206
0
0
127
207
0
0
127
208
0
0
127
209
0
0
127
210
0
0
127
211
0
0
127
212
0
0
128
213
0
0
128
214
0
0
128
215
0
0
127
216
0
0
127
217
0
0
127
218
0
0
127
219
0
0
127
220
0
0
127
221
0
0
127
222
0
0
127
223
0
0
127
224
0
0
127
225
0
0
127
226
0
0
127
227
0
0
127
228
0
0
128
229
0
0
127
230
0
0
127
231
0
0
127
232
0
0
127
233
0
0
127
234
0
0
127
235
0
0
127
236
0
0
127
237
0
0
127
238
0
0
127
239
0
0
127
240
0
0
127
241
0
0
128
242
0
0
128
243
0
0
127
244
0
0
127
245
0
0
127
246
0
0
127
247
0
0
127
248
0
0
127
249
0
0
127
250
0
0
127
251
0
0
128
252
0
0
127
253
0
0
127
254
0
0
127
255
0
0
127
0
0
0
127
1
0
0
127
2
0
0
127
3
0
0
127
4
0
0
127
5
0
0
127
6
0
0
127
7
0
0
127
8
0
0
127
9
0
0
128
10
0
0
128
11
0
0
128
12
0
0
127
13
0
0
127
14
0
0
127
15
0
0
127
16
0
0
127
17
0
0
127
18
0
0
127
19
0
0
127
20
0
0
127
21
0
0
128
22
0
0
128
23
0
0
128
24
0
0
128
25
0
0
128
26
0
0
128
27
0
0
128
28
0
0
128
29
0
0
128
30
0
0
127
31
0
0
127
32
0
0
128
33
0
0
128
34
0
0
128
35
0
0
128
36
0
0
128
37
0
0
127
38
0
0
127
39
0
0
127
40
0
0
127
41
0
0
128
42
0
0
127
43
0
0
127
44
0
0
127
45
0
0
128
46
0
0
128
47
0
0
128
48
0
0
127
49
0
0
128
50
0
0
128
51
0
0
129
52
0
0
130
53
0
0
131
54
0
0
131
55
0
0
131
56
0
0
131
57
0
0
130
58
0
0
129
59
0
0
128
60
0
0
127
61
0
0
127
62
0
0
129
63
0
0
130
64
0
0
132
65
0
0
133
66
0
0
133
67
0
0
133
68
0
0
133
69
0
0
133
70
0
0
132
71
0
0
131
72
0
0
130
73
0
0
129
74
0
0
128
75
0
0
127
76
0
0
127
77
0
0
127
78
0
0
128
79
0
0
128
80
0
0
128
81
0
0
127
82
0
0
127
83
0
0
127
84
0
0
127
85
0
0
127
86
0
0
127
87
0
0
127
88
0
0
127
89
0
0
127
90
0
0
128
91
0
0
128
92
0
0
128
93
0
0
127
94
0
0
127
95
0
0
127
96
0
0
127
97
0
0
127
98
0
0
127
99
0
0
127
100
0
0
127
101
0
0
128
102
0
0
128
103
0
0
128
104
0
0
127
105
0
0
127
106
0
0
127
107
0
0
127
108
0
0
127
109
0
0
127
110
0
0
127
111
0
0
127
112
0
0
127
113
0
0
127
114
0
0
127
115
0
0
127
116
0
0
127
117
0
0
127
118
0
0
127
119
0
0
127
120
0
0
127
121
0
0
127
122
0
0
127
123
0
0
127
124
0
0
127
125
0
0
127
126
0
0
127
127
0
0
127
128
0
0
127
129
0
0
127
130
0
0
128
131
0
0
127
132
0
0
127
133
0
0
127
134
0
0
127
135
0
0
127
136
0
0
127
137
0
0
127
138
0
0
127
139
0
0
127
140
0
0
127
141
0
0
128
142
0
0
128
143
0
0
129
144
0
0
130
145
0
0
131
146
0
0
131
147
0
0
131
148
0
0
131
149
0
0
130
150
0
0
130
151
0
0
131
152
0
0
132
153
0
0
133
154
0
0
133
155
0
0
133
156
0
0
133
157
0
0
133
158
0
0
132
159
0
0
132
160
0
0
132
161
0
0
132
162
0
0
132
163
0
0
132
164
0
0
132
165
0
0
132
166
0
0
131
167
0
0
130
168
0
0
129
169
0
0
128
170
0
0
127
171
0
0
127
172
0
0
127
173
0
0
127
174
0
0
127
175
0
0
127
176
0
0
127
177
0
0
128
178
0
0
128
179
0
0
128
180
0
0
128
181
0
0
127
182
0
0
128
183
0
0
129
184
0
0
130
185
0
0
131
186
0
0
132
187
0
0
132
188
0
0
132
189
0
0
132
190
0
0
132
191
0
0
131
192
0
0
130
193
0
0
129
194
0
0
129
195
0
0
129
196
0
0
129
197
0
0
129
198
0
0
128
199
0
0
127
200
0
0
127
201
0
0
127
202
0
0
127
203
0
0
127
204
0
0
127
205
0
0
127
206
0
0
127
207
0
0
128
208
0
0
127
209
0
0
127
210
0
0
127
211
0
0
128
212
0
0
128
213
0
0
128
214
0
0
127
215
0
0
127
216
0
0
127
217
0
0
127
218
0
0
127
219
0
0
127
220
0
0
127
221
0
0
127
222
0
0
127
223
0
0
127
224
0
0
127
225
0
0
127
226
0
0
127
227
0
0
127
228
0
0
127
229
0
0
127
230
0
0
127
231
0
0
127
232
0
0
127
233
0
0
127
234
0
0
127
235
0
0
127
236
0
0
127
237
0
0
127
238
0
0
127
239
0
0
127
240
0
0
127
241
0
0
127
242
0
0
127
243
0
0
127
244
0
0
127
245
0
0
127
246
0
0
128
247
0
0
128
248
0
0
128
249
0
0
129
250
0
0
129
251
0
0
129
252
0
0
128
253
0
0
127
254
0
0
127
255
0
0
127
0
0
0
127
1
0
0
127
2
0
0
127
3
0
0
127
4
0
0
127
5
0
0
128
6
0
0
128
7
0
0
128
8
0
0
128
9
0
0
128
10
0
0
128
11
0
0
128
12
0
0
127
13
0
0
127
14
0
0
127
15
0
0
127
16
0
0
127
17
0
0
128
18
0
0
128
19
0
0
128
20
0
0
128
21
0
0
128
22
0
0
128
23
0
0
127
24
0
0
127
25
0
0
127
26
0
0
128
27
0
0
129
28
0
0
129
29
0
0
129
30
0
0
129
31
0
0
129
32
0
0
129
33
0
0
129
34
0
0
129
35
0
0
128
36
0
0
127
37
0
0
128
38
0
0
128
39
0
0
128
40
0
0
128
41
0
0
127
42
0
0
127
43
0
0
127
44
0
0
128
45
0
0
128
46
0
0
128
47
0
0
129
48
0
0
129
49
0
0
129
50
0
0
129
51
0
0
128
52
0
0
127
53
0
0
127
54
0
0
127
55
0
0
127
56
0
0
128
57
0
0
127
58
0
0
127
59
0
0
127
60
0
0
127
61
0
0
127
62
0
0
127
63
0
0
127
64
0
0
127
65
0
0
127
66
0
0
127
67
0
0
127
68
0
0
127
69
0
0
127
70
0
0
127
71
0
0
127
72
0
0
127
73
0
0
128
74
0
0
128
75
0
0
127
76
0
0
127
77
0
0
128
78
0
0
129
79
0
0
130
80
0
0
130
81
0
0
129
82
0
0
128
83
0
0
127
84
0
0
127
85
0
0
127
86
0
0
127
87
0
0
127
88
0
0
127
89
0
0
128
90
0
0
128
91
0
0
129
92
0
0
130
93
0
0
131
94
0
0
132
95
0
0
132
96
0
0
132
97
0
0
132
98
0
0
132
99
0
0
131
100
0
0
130
101
0
0
129
102
0
0
128
103
0
0
127
104
0
0
128
105
0
0
128
106
0
0
127
107
0
0
127
108
0
0
128
109
0
0
128
110
0
0
128
111
0
0
127
112
0
0
127
113
0
0
127
114
0
0
128
115
0
0
128
116
0
0
128
117
0
0
128
118
0
0
127
119
0
0
127
120
0
0
127
121
0
0
128
122
0
0
128
123
0
0
129
124
0
0
130
125
0
0
131
126
0
0
132
127
0
0
132
128
0
0
132
129
0
0
132
130
0
0
131
131
0
0
130
132
0
0
129
133
0
0
128
134
0
0
127
135
0
0
127
136
0
0
128
137
0
0
128
138
0
0
127
139
0
0
127
140
0
0
127
141
0
0
127
142
0
0
127
143
0
0
127
144
0
0
127
145
0
0
128
146
0
0
128
147
0
0
128
148
0
0
127
149
0
0
127
150
0
0
127
151
0
0
127
152
0
0
128
153
0
0
128
154
0
0
128
155
0
0
128
156
0
0
128
157
0
0
127
158
0
0
127
159
0
0
127
160
0
0
127
161
0
0
127
162
0
0
127
163
0
0
128
164
0
0
128
165
0
0
127
166
0
0
127
167
0
0
127
168
0
0
127
169
0
0
127
170
0
0
127
171
0
0
127
172
0
0
128
173
0
0
128
174
0
0
128
175
0
0
128
176
0
0
128
177
0
0
128
178
0
0
129
179
0
0
130
180
0
0
132
181
0
0
134
182
0
0
136
183
0
0
138
184
0
0
140
185
0
0
141
186
0
0
141
187
0
0
141
188
0
0
144
189
0
0
150
190
0
0
159
191
0
0
170
192
0
0
182
193
0
0
195
194
0
0
208
195
0
0
219
196
0
0
227
197
0
0
231
198
0
0
233
199
0
0
236
200
0
0
241
201
0
0
247
202
0
0
254
203
0
1
5
204
0
1
10
205
0
1
14
206
0
1
17
207
0
1
18
208
0
1
18
209
0
1
18
210
0
1
19
211
0
1
21
212
0
1
24
213
0
1
29
214
0
1
33
215
0
1
36
216
0
1
38
217
0
1
39
218
0
1
38
219
0
1
38
220
0
1
39
221
0
1
42
222
0
1
46
223
0
1
50
224
0
1
53
225
0
1
55
226
0
1
56
227
0
1
56
228
0
1
55
229
0
1
54
230
0
1
53
231
0
1
53
232
0
1
54
233
0
1
55
234
0
1
56
235
0
1
57
236
0
1
59
237
0
1
61
238
0
1
62
239
0
1
61
240
0
1
60
241
0
1
60
242
0
1
60
243
0
1
59
244
0
1
57
245
0
1
55
246
0
1
53
247
0
1
51
248
0
1
49
249
0
1
47
250
0
1
45
251
0
1
44
252
0
1
43
253
0
1
41
254
0
1
39
255
0
1
37
0
0
1
35
1
0
1
34
2
0
1
33
3
0
1
31
4
0
1
30
5
0
1
29
6
0
1
29
7
0
1
28
8
0
1
26
9
0
1
24
10
0
1
22
11
0
1
20
12
0
1
18
13
0
1
16
14
0
1
15
15
0
1
15
16
0
1
16
17
0
1
19
18
0
1
23
19
0
1
28
20
0
1
33
21
0
1
37
22
0
1
40
23
0
1
42
24
0
1
44
25
0
1
46
26
0
1
47
27
0
1
47
28
0
1
47
29
0
1
48
30
0
1
50
31
0
1
53
32
0
1
57
33
0
1
60
34
0
1
62
35
0
1
63
36
0
1
63
37
0
1
63
38
0
1
65
39
0
1
69
40
0
1
75
41
0
1
82
42
0
1
91
43
0
1
101
44
0
1
111
45
0
1
119
46
0
1
122
47
0
1
127
48
0
1
137
49
0
1
151
50
0
1
168
51
0
1
187
52
0
1
209
53
0
1
231
54
0
1
252
55
0
2
13
56
0
2
22
57
0
2
25
58
0
2
29
59
0
2
36
60
0
2
46
61
0
2
57
62
0
2
67
63
0
2
76
64
0
2
82
65
0
2
85
66
0
2
85
67
0
2
84
68
0
2
82
69
0
2
81
70
0
2
80
71
0
2
78
72
0
2
79
73
0
2
83
74
0
2
88
75
0
2
93
76
0
2
98
77
0
2
103
78
0
2
106
79
0
2
106
80
0
2
109
81
0
2
114
82
0
2
118
83
0
2
121
84
0
2
122
85
0
2
122
86
0
2
122
87
0
2
122
88
0
2
122
89
0
2
120
90
0
2
119
91
0
2
121
92
0
2
125
93
0
2
129
94
0
2
133
95
0
2
138
96
0
2
143
97
0
2
146
98
0
2
145
99
0
2
146
100
0
2
151
101
0
2
158
102
0
2
164
103
0
2
169
104
0
2
173
105
0
2
177
106
0
2
180
107
0
2
181
108
0
2
179
109
0
2
177
110
0
2
176
111
0
2
177
112
0
2
181
113
0
2
187
114
0
2
195
115
0
2
205
116
0
2
214
117
0
2
222
118
0
2
226
119
0
2
226
120
0
2
228
121
0
2
234
122
0
2
242
123
0
2
249
124
0
2
255
125
0
3
3
126
0
3
5
127
0
3
4
128
0
3
0
129
0
2
252
130
0
2
248
131
0
2
244
132
0
2
241
133
0
2
238
134
0
2
235
135
0
2
231
136
0
2
226
137
0
2
222
138
0
2
219
139
0
2
219
140
0
2
221
141
0
2
224
142
0
2
227
143
0
2
230
144
0
2
232
145
0
2
232
146
0
2
230
147
0
2
229
148
0
2
232
149
0
2
239
150
0
2
248
151
0
3
2
152
0
3
7
153
0
3
7
154
0
3
8
155
0
3
11
156
0
3
15
157
0
3
20
158
0
3
25
159
0
3
32
160
0
3
40
161
0
3
47
162
0
3
53
163
0
3
58
164
0
3
64
165
0
3
71
166
0
3
75
167
0
3
76
168
0
3
84
169
0
3
102
170
0
3
128
171
0
3
160
172
0
3
195
173
0
3
231
174
0
4
8
175
0
4
34
176
0
4
50
177
0
4
56
178
0
4
65
179
0
4
82
180
0
4
103
181
0
4
123
182
0
4
141
183
0
4
156
184
0
4
169
185
0
4
180
186
0
4
188
187
0
4
193
188
0
4
193
189
0
4
189
190
0
4
185
191
0
4
185
192
0
4
192
193
0
4
207
194
0
4
227
195
0
4
246
196
0
5
2
197
0
5
6
198
0
5
4
199
0
4
255
200
0
4
253
201
0
5
0
202
0
5
7
203
0
5
16
204
0
5
22
205
0
5
24
206
0
5
22
207
0
5
19
208
0
5
16
209
0
5
11
210
0
5
4
211
0
4
255
212
0
4
254
213
0
4
254
214
0
4
254
215
0
4
254
216
0
4
255
217
0
5
2
218
0
5
3
219
0
5
0
220
0
4
254
221
0
5
2
222
0
5
9
223
0
5
15
224
0
5
18
225
0
5
17
226
0
5
13
227
0
5
6
228
0
4
254
229
0
4
248
230
0
4
244
231
0
4
241
232
0
4
240
233
0
4
241
234
0
4
245
235
0
4
251
236
0
5
1
237
0
5
5
238
0
5
7
239
0
5
6
240
0
5
1
241
0
4
255
242
0
5
3
243
0
5
9
244
0
5
14
245
0
5
17
246
0
5
19
247
0
5
21
248
0
5
22
249
0
5
20
250
0
5
14
251
0
5
8
252
0
5
2
253
0
4
251
254
0
4
245
255
0
4
238
0
0
4
230
1
0
4
222
2
0
4
215
3
0
4
210
4
0
4
208
5
0
4
207
6
0
4
206
7
0
4
204
8
0
4
201
9
0
4
197
10
0
4
191
11
0
4
183
12
0
4
175
13
0
4
170
14
0
4
170
15
0
4
175
16
0
4
182
17
0
4
186
18
0
4
184
19
0
4
182
20
0
4
182
21
0
4
183
22
0
4
184
23
0
4
186
24
0
4
191
25
0
4
198
26
0
4
206
27
0
4
212
28
0
4
215
29
0
4
218
30
0
4
222
31
0
4
226
32
0
4
224
33
0
4
227
34
0
4
241
35
0
5
10
36
0
5
41
37
0
5
75
38
0
5
110
39
0
5
143
40
0
5
170
41
0
5
187
42
0
5
192
43
0
5
202
44
0
5
220
45
0
5
243
46
0
6
9
47
0
6
27
48
0
6
42
49
0
6
55
50
0
6
65
51
0
6
70
52
0
6
70
53
0
6
66
54
0
6
58
55
0
6
50
56
0
6
47
57
0
6
52
58
0
6
66
59
0
6
86
60
0
6
106
61
0
6
121
62
0
6
128
63
0
6
127
64
0
6
122
65
0
6
117
66
0
6
119
67
0
6
129
68
0
6
142
69
0
6
152
70
0
6
154
71
0
6
149
72
0
6
142
73
0
6
137
74
0
6
133
75
0
6
125
76
0
6
121
77
0
6
121
78
0
6
123
79
0
6
124
80
0
6
124
81
0
6
124
82
0
6
125
83
0
6
126
84
0
6
122
85
0
6
120
86
0
6
125
87
0
6
135
88
0
6
142
89
0
6
143
90
0
6
139
91
0
6
131
92
0
6
120
93
0
6
110
94
0
6
101
95
0
6
94
96
0
6
89
97
0
6
85
98
0
6
81
99
0
6
77
100
0
6
73
101
0
6
69
102
0
6
65
103
0
6
60
104
0
6
55
105
0
6
48
106
0
6
41
107
0
6
39
108
0
6
40
109
0
6
39
110
0
6
34
111
0
6
27
112
0
6
20
113
0
6
14
114
0
6
7
115
0
5
254
116
0
5
245
117
0
5
237
118
0
5
229
119
0
5
221
120
0
5
212
121
0
5
204
122
0
5
197
123
0
5
190
124
0
5
182
125
0
5
173
126
0
5
163
127
0
5
154
128
0
5
149
129
0
5
146
130
0
5
143
131
0
5
139
132
0
5
134
133
0
5
129
134
0
5
123
135
0
5
116
136
0
5
111
137
0
5
108
138
0
5
104
139
0
5
97
140
0
5
90
141
0
5
84
142
0
5
76
143
0
5
68
144
0
5
59
145
0
5
53
146
0
5
53
147
0
5
59
148
0
5
66
149
0
5
70
150
0
5
70
151
0
5
70
152
0
5
71
153
0
5
71
154
0
5
66
155
0
5
66
156
0
5
76
157
0
5
95
158
0
5
121
159
0
5
151
160
0
5
180
161
0
5
209
162
0
5
236
163
0
6
0
164
0
6
5
165
0
6
10
166
0
6
22
167
0
6
41
168
0
6
63
169
0
6
86
170
0
6
109
171
0
6
129
172
0
6
140
173
0
6
141
174
0
6
136
175
0
6
128
176
0
6
119
177
0
6
113
178
0
6
112
179
0
6
117
180
0
6
128
181
0
6
141
182
0
6
156
183
0
6
169
184
0
6
178
185
0
6
181
186
0
6
176
187
0
6
172
188
0
6
176
189
0
6
189
190
0
6
207
191
0
6
222
192
0
6
228
193
0
6
226
194
0
6
221
195
0
6
216
196
0
6
208
197
0
6
199
198
0
6
192
199
0
6
185
200
0
6
177
201
0
6
168
202
0
6
162
203
0
6
160
204
0
6
162
205
0
6
166
206
0
6
168
207
0
6
163
208
0
6
158
209
0
6
157
210
0
6
158
211
0
6
159
212
0
6
158
213
0
6
154
214
0
6
147
215
0
6
138
216
0
6
127
217
0
6
117
218
0
6
108
219
0
6
100
220
0
6
91
221
0
6
81
222
0
6
70
223
0
6
61
224
0
6
55
225
0
6
52
226
0
6
51
227
0
6
51
228
0
6
47
229
0
6
42
230
0
6
39
231
0
6
36
232
0
6
29
233
0
6
21
234
0
6
12
235
0
6
2
236
0
5
250
237
0
5
242
238
0
5
234
239
0
5
227
240
0
5
219
241
0
5
211
242
0
5
207
243
0
5
206
244
0
5
205
245
0
5
200
246
0
5
193
247
0
5
184
248
0
5
177
249
0
5
174
250
0
5
173
251
0
5
170
252
0
5
165
253
0
5
160
254
0
5
159
255
0
5
160
0
0
5
157
1
0
5
154
2
0
5
154
3
0
5
157
4
0
5
159
5
0
5
160
6
0
5
159
7
0
5
153
8
0
5
146
9
0
5
139
10
0
5
133
11
0
5
130
12
0
5
132
13
0
5
135
14
0
5
136
15
0
5
134
16
0
5
130
17
0
5
126
18
0
5
122
19
0
5
119
20
0
5
116
21
0
5
113
22
0
5
110
23
0
5
104
24
0
5
101
25
0
5
107
26
0
5
123
27
0
5
148
28
0
5
177
29
0
5
209
30
0
5
239
31
0
6
3
32
0
6
8
33
0
6
10
34
0
6
15
35
0
6
22
36
0
6
31
37
0
6
45
38
0
6
63
39
0
6
82
40
0
6
94
41
0
6
96
42
0
6
91
43
0
6
84
44
0
6
77
45
0
6
68
46
0
6
65
47
0
6
72
48
0
6
86
49
0
6
102
50
0
6
115
51
0
6
122
52
0
6
123
53
0
6
121
54
0
6
116
55
0
6
109
56
0
6
107
57
0
6
111
58
0
6
117
59
0
6
120
60
0
6
119
61
0
6
115
62
0
6
110
63
0
6
104
64
0
6
97
65
0
6
92
66
0
6
88
67
0
6
84
68
0
6
77
69
0
6
70
70
0
6
67
71
0
6
68
72
0
6
71
73
0
6
74
74
0
6
75
75
0
6
73
76
0
6
66
77
0
6
61
78
0
6
60
79
0
6
59
80
0
6
54
81
0
6
46
82
0
6
37
83
0
6
31
84
0
6
29
85
0
6
28
86
0
6
24
87
0
6
16
88
0
6
7
89
0
5
253
90
0
5
243
91
0
5
234
92
0
5
230
93
0
5
232
94
0
5
237
95
0
5
242
96
0
5
246
97
0
5
248
98
0
5
246
99
0
5
240
100
0
5
233
101
0
5
226
102
0
5
219
103
0
5
214
104
0
5
210
105
0
5
206
106
0
5
198
107
0
5
189
108
0
5
181
109
0
5
179
110
0
5
182
111
0
5
185
112
0
5
185
113
0
5
180
114
0
5
173
115
0
5
167
116
0
5
164
117
0
5
161
118
0
5
156
119
0
5
149
120
0
5
141
121
0
5
134
122
0
5
128
123
0
5
121
124
0
5
113
125
0
5
106
126
0
5
102
127
0
5
103
128
0
5
110
129
0
5
122
130
0
5
133
131
0
5
135
132
0
5
136
133
0
5
142
134
0
5
150
135
0
5
156
136
0
5
161
137
0
5
168
138
0
5
178
139
0
5
186
140
0
5
186
141
0
5
184
142
0
5
180
143
0
5
175
144
0
5
174
145
0
5
176
146
0
5
176
147
0
5
170
148
0
5
167
149
0
5
172
150
0
5
190
151
0
5
220
152
0
6
0
153
0
6
36
154
0
6
67
155
0
6
88
156
0
6
96
157
0
6
97
158
0
6
100
159
0
6
107
160
0
6
118
161
0
6
135
162
0
6
156
163
0
6
178
164
0
6
196
165
0
6
205
166
0
6
203
167
0
6
198
168
0
6
194
169
0
6
191
170
0
6
193
171
0
6
200
172
0
6
209
173
0
6
214
174
0
6
214
175
0
6
210
176
0
6
205
177
0
6
201
178
0
6
196
179
0
6
190
180
0
6
182
181
0
6
172
182
0
6
163
183
0
6
158
184
0
6
156
185
0
6
157
186
0
6
160
187
0
6
163
188
0
6
164
189
0
6
163
190
0
6
159
191
0
6
152
192
0
6
143
193
0
6
135
194
0
6
129
195
0
6
123
196
0
6
119
197
0
6
117
198
0
6
117
199
0
6
116
200
0
6
111
201
0
6
102
202
0
6
92
203
0
6
81
204
0
6
70
205
0
6
59
206
0
6
52
207
0
6
49
208
0
6
49
209
0
6
46
210
0
6
38
211
0
6
29
212
0
6
19
213
0
6
12
214
0
6
5
215
0
5
252
216
0
5
246
217
0
5
243
218
0
5
244
219
0
5
247
220
0
5
251
221
0
5
255
222
0
6
2
223
0
6
1
224
0
5
251
225
0
5
245
226
0
5
239
227
0
5
232
228
0
5
226
229
0
5
224
230
0
5
228
231
0
5
233
232
0
5
234
233
0
5
229
234
0
5
221
235
0
5
215
236
0
5
214
237
0
5
217
238
0
5
220
239
0
5
221
240
0
5
219
241
0
5
215
242
0
5
208
243
0
5
201
244
0
5
196
245
0
5
193
246
0
5
187
247
0
5
180
248
0
5
172
249
0
5
163
250
0
5
157
251
0
5
154
252
0
5
153
253
0
5
154
254
0
5
158
255
0
5
161
0
0
5
157
1
0
5
158
2
0
5
168
3
0
5
182
4
0
5
194
5
0
5
200
6
0
5
201
7
0
5
199
8
0
5
194
9
0
5
188
10
0
5
185
11
0
5
182
12
0
5
176
13
0
5
176
14
0
5
182
15
0
5
188
16
0
5
187
17
0
5
187
18
0
5
193
19
0
5
207
20
0
5
227
21
0
5
253
22
0
6
27
23
0
6
57
24
0
6
80
25
0
6
90
26
0
6
94
27
0
6
99
28
0
6
104
29
0
6
107
30
0
6
112
31
0
6
123
32
0
6
139
33
0
6
152
34
0
6
156
35
0
6
153
36
0
6
147
37
0
6
138
38
0
6
130
39
0
6
120
40
0
6
117
41
0
6
120
42
0
6
124
43
0
6
123
44
0
6
119
45
0
6
117
46
0
6
121
47
0
6
129
48
0
6
135
49
0
6
135
50
0
6
131
51
0
6
130
52
0
6
134
53
0
6
141
54
0
6
148
55
0
6
152
56
0
6
152
57
0
6
148
58
0
6
140
59
0
6
130
60
0
6
119
61
0
6
110
62
0
6
102
63
0
6
93
64
0
6
83
65
0
6
75
66
0
6
71
67
0
6
70
68
0
6
69
69
0
6
68
70
0
6
67
71
0
6
65
72
0
6
61
73
0
6
54
74
0
6
47
75
0
6
43
76
0
6
43
77
0
6
45
78
0
6
44
79
0
6
37
80
0
6
30
81
0
6
20
82
0
6
12
83
0
6
5
84
0
5
253
85
0
5
245
86
0
5
239
87
0
5
234
88
0
5
230
89
0
5
229
90
0
5
234
91
0
5
245
92
0
5
255
93
0
6
1
94
0
6
1
95
0
6
5
96
0
6
11
97
0
6
17
98
0
6
21
99
0
6
23
100
0
6
21
101
0
6
15
102
0
6
7
103
0
5
255
104
0
5
247
105
0
5
243
106
0
5
247
107
0
6
0
108
0
6
7
109
0
6
8
110
0
6
2
111
0
5
250
112
0
5
243
113
0
5
240
114
0
5
242
115
0
5
247
116
0
5
249
117
0
5
245
118
0
5
243
119
0
5
242
120
0
5
240
121
0
5
234
122
0
5
232
123
0
5
235
124
0
5
238
125
0
5
234
126
0
5
232
127
0
5
233
128
0
5
233
129
0
5
231
130
0
5
230
131
0
5
233
132
0
5
238
133
0
5
239
134
0
5
236
135
0
5
234
136
0
5
230
137
0
5
226
138
0
5
226
139
0
5
228
140
0
5
228
141
0
5
223
142
0
5
217
143
0
5
214
144
0
5
216
145
0
5
226
146
0
5
245
147
0
6
16
148
0
6
44
149
0
6
68
150
0
6
81
151
0
6
82
152
0
6
80
153
0
6
75
154
0
6
67
155
0
6
59
156
0
6
57
157
0
6
66
158
0
6
84
159
0
6
103
160
0
6
116
161
0
6
121
162
0
6
119
163
0
6
114
164
0
6
106
165
0
6
100
166
0
6
101
167
0
6
110
168
0
6
120
169
0
6
127
170
0
6
129
171
0
6
130
172
0
6
134
173
0
6
138
174
0
6
137
175
0
6
133
176
0
6
132
177
0
6
132
178
0
6
132
179
0
6
129
180
0
6
127
181
0
6
128
182
0
6
128
183
0
6
127
184
0
6
126
185
0
6
125
186
0
6
124
187
0
6
123
188
0
6
118
189
0
6
113
190
0
6
112
191
0
6
117
192
0
6
124
193
0
6
129
194
0
6
131
195
0
6
132
196
0
6
130
197
0
6
123
198
0
6
119
199
0
6
117
200
0
6
114
201
0
6
106
202
0
6
98
203
0
6
89
204
0
6
79
205
0
6
71
206
0
6
66
207
0
6
63
208
0
6
62
209
0
6
63
210
0
6
64
211
0
6
59
212
0
6
56
213
0
6
59
214
0
6
67
215
0
6
77
216
0
6
87
217
0
6
94
218
0
6
94
219
0
6
93
220
0
6
98
221
0
6
106
222
0
6
110
223
0
6
107
224
0
6
100
225
0
6
90
226
0
6
81
227
0
6
71
228
0
6
60
229
0
6
49
230
0
6
43
231
0
6
47
232
0
6
60
233
0
6
73
234
0
6
75
235
0
6
75
236
0
6
75
237
0
6
73
238
0
6
70
239
0
6
68
240
0
6
68
241
0
6
65
242
0
6
62
243
0
6
64
244
0
6
71
245
0
6
74
246
0
6
71
247
0
6
73
248
0
6
81
249
0
6
89
250
0
6
93
251
0
6
92
252
0
6
85
253
0
6
80
254
0
6
80
255
0
6
86
0
0
6
96
1
0
6
104
2
0
6
104
3
0
6
101
4
0
6
97
5
0
6
90
6
0
6
83
7
0
6
79
8
0
6
79
9
0
6
80
10
0
6
79
11
0
6
74
12
0
6
68
13
0
6
64
14
0
6
66
15
0
6
77
16
0
6
98
17
0
6
126
18
0
6
154
19
0
6
175
20
0
6
186
21
0
6
187
22
0
6
181
23
0
6
174
24
0
6
164
25
0
6
158
26
0
6
164
27
0
6
182
28
0
6
204
29
0
6
222
30
0
6
232
31
0
6
234
32
0
6
232
33
0
6
228
34
0
6
220
35
0
6
217
36
0
6
222
37
0
6
232
38
0
6
238
39
0
6
237
40
0
6
234
41
0
6
236
42
0
6
244
43
0
6
253
44
0
7
0
45
0
6
253
46
0
6
252
47
0
6
251
48
0
6
248
49
0
6
245
50
0
6
247
51
0
6
254
52
0
7
6
53
0
7
8
54
0
7
3
55
0
6
251
56
0
6
245
57
0
6
240
58
0
6
231
59
0
6
226
60
0
6
227
61
0
6
231
62
0
6
233
63
0
6
229
64
0
6
223
65
0
6
220
66
0
6
219
67
0
6
217
68
0
6
210
69
0
6
204
70
0
6
197
71
0
6
187
72
0
6
176
73
0
6
169
74
0
6
168
75
0
6
171
76
0
6
173
77
0
6
171
78
0
6
165
79
0
6
157
80
0
6
150
81
0
6
140
82
0
6
135
83
0
6
137
84
0
6
142
85
0
6
146
86
0
6
148
87
0
6
146
88
0
6
139
89
0
6
133
90
0
6
130
91
0
6
125
92
0
6
119
93
0
6
113
94
0
6
104
95
0
6
99
96
0
6
98
97
0
6
96
98
0
6
89
99
0
6
80
100
0
6
76
101
0
6
81
102
0
6
92
103
0
6
99
104
0
6
97
105
0
6
95
106
0
6
91
107
0
6
84
108
0
6
76
109
0
6
71
110
0
6
67
111
0
6
59
112
0
6
52
113
0
6
48
114
0
6
44
115
0
6
37
116
0
6
30
117
0
6
27
118
0
6
26
119
0
6
25
120
0
6
24
121
0
6
22
122
0
6
16
123
0
6
11
124
0
6
12
125
0
6
17
126
0
6
21
127
0
6
22
128
0
6
21
129
0
6
18
130
0
6
15
131
0
6
8
132
0
6
1
133
0
5
251
134
0
5
243
135
0
5
238
136
0
5
235
137
0
5
229
138
0
5
223
139
0
5
219
140
0
5
216
141
0
5
218
142
0
5
230
143
0
5
253
144
0
6
26
145
0
6
52
146
0
6
69
147
0
6
75
148
0
6
74
149
0
6
69
150
0
6
62
151
0
6
63
152
0
6
77
153
0
6
100
154
0
6
123
155
0
6
139
156
0
6
145
157
0
6
144
158
0
6
139
159
0
6
132
160
0
6
124
161
0
6
122
162
0
6
125
163
0
6
130
164
0
6
131
165
0
6
129
166
0
6
128
167
0
6
132
168
0
6
140
169
0
6
146
170
0
6
145
171
0
6
142
172
0
6
142
173
0
6
144
174
0
6
145
175
0
6
144
176
0
6
142
177
0
6
141
178
0
6
139
179
0
6
134
180
0
6
126
181
0
6
118
182
0
6
112
183
0
6
108
184
0
6
104
185
0
6
96
186
0
6
90
187
0
6
89
188
0
6
92
189
0
6
96
190
0
6
99
191
0
6
102
192
0
6
103
193
0
6
99
194
0
6
94
195
0
6
90
196
0
6
86
197
0
6
80
198
0
6
74
199
0
6
70
200
0
6
67
201
0
6
63
202
0
6
57
203
0
6
50
204
0
6
45
205
0
6
43
206
0
6
42
207
0
6
37
208
0
6
33
209
0
6
34
210
0
6
37
211
0
6
40
212
0
6
43
213
0
6
47
214
0
6
49
215
0
6
44
216
0
6
39
217
0
6
35
218
0
6
29
219
0
6
24
220
0
6
23
221
0
6
27
222
0
6
32
223
0
6
32
224
0
6
28
225
0
6
22
226
0
6
18
227
0
6
22
228
0
6
28
229
0
6
26
230
0
6
24
231
0
6
21
232
0
6
15
233
0
6
11
234
0
6
5
235
0
5
255
236
0
5
252
237
0
5
248
238
0
5
241
239
0
5
235
240
0
5
230
241
0
5
224
242
0
5
216
243
0
5
210
244
0
5
208
245
0
5
209
246
0
5
211
247
0
5
211
248
0
5
205
249
0
5
200
250
0
5
197
251
0
5
196
252
0
5
195
253
0
5
196
254
0
5
199
255
0
5
201
0
0
5
199
1
0
5
194
2
0
5
188
3
0
5
180
4
0
5
176
5
0
5
176
6
0
5
175
7
0
5
169
8
0
5
162
9
0
5
154
10
0
5
148
11
0
5
151
12
0
5
169
13
0
5
199
14
0
5
234
15
0
6
8
16
0
6
25
17
0
6
29
18
0
6
26
19
0
6
19
20
0
6
11
21
0
6
12
22
0
6
27
23
0
6
53
24
0
6
79
25
0
6
96
26
0
6
100
27
0
6
97
28
0
6
90
29
0
6
84
30
0
6
76
31
0
6
70
32
0
6
71
33
0
6
76
34
0
6
79
35
0
6
79
36
0
6
81
37
0
6
90
38
0
6
103
39
0
6
113
40
0
6
115
41
0
6
113
42
0
6
112
43
0
6
111
44
0
6
110
45
0
6
109
46
0
6
112
47
0
6
118
48
0
6
123
49
0
6
122
50
0
6
116
51
0
6
110
52
0
6
106
53
0
6
102
54
0
6
95
55
0
6
87
56
0
6
82
57
0
6
79
58
0
6
77
59
0
6
76
60
0
6
76
61
0
6
79
62
0
6
81
63
0
6
77
64
0
6
74
65
0
6
73
66
0
6
71
67
0
6
65
68
0
6
57
69
0
6
49
70
0
6
41
71
0
6
32
72
0
6
22
73
0
6
14
74
0
6
9
75
0
6
8
76
0
6
9
77
0
6
5
78
0
6
1
79
0
6
1
80
0
6
5
81
0
6
12
82
0
6
21
83
0
6
31
84
0
6
36
85
0
6
35
86
0
6
36
87
0
6
38
88
0
6
39
89
0
6
39
90
0
6
41
91
0
6
45
92
0
6
46
93
0
6
44
94
0
6
45
95
0
6
44
96
0
6
42
97
0
6
48
98
0
6
57
99
0
6
61
100
0
6
57
101
0
6
50
102
0
6
46
103
0
6
43
104
0
6
37
105
0
6
38
106
0
6
43
107
0
6
46
108
0
6
42
109
0
6
40
110
0
6
41
111
0
6
41
112
0
6
36
113
0
6
31
114
0
6
29
115
0
6
29
116
0
6
29
117
0
6
28
118
0
6
24
119
0
6
16
120
0
6
8
121
0
6
3
122
0
6
1
123
0
6
3
124
0
6
7
125
0
6
10
126
0
6
9
127
0
6
2
128
0
5
250
129
0
5
241
130
0
5
234
131
0
5
229
132
0
5
223
133
0
5
215
134
0
5
205
135
0
5
195
136
0
5
189
137
0
5
193
138
0
5
210
139
0
5
238
140
0
6
14
141
0
6
40
142
0
6
55
143
0
6
59
144
0
6
56
145
0
6
49
146
0
6
42
147
0
6
44
148
0
6
59
149
0
6
83
150
0
6
105
151
0
6
117
152
0
6
117
153
0
6
113
154
0
6
106
155
0
6
101
156
0
6
95
157
0
6
88
158
0
6
86
159
0
6
85
160
0
6
82
161
0
6
79
162
0
6
83
163
0
6
97
164
0
6
116
165
0
6
131
166
0
6
135
167
0
6
133
168
0
6
132
169
0
6
133
170
0
6
136
171
0
6
140
172
0
6
146
173
0
6
151
174
0
6
150
175
0
6
145
176
0
6
138
177
0
6
130
178
0
6
126
179
0
6
126
180
0
6
124
181
0
6
118
182
0
6
111
183
0
6
106
184
0
6
102
185
0
6
99
186
0
6
100
187
0
6
106
188
0
6
112
189
0
6
111
190
0
6
110
191
0
6
108
192
0
6
102
193
0
6
95
194
0
6
87
195
0
6
78
196
0
6
71
197
0
6
65
198
0
6
60
199
0
6
57
200
0
6
56
201
0
6
58
202
0
6
61
203
0
6
59
204
0
6
55
205
0
6
54
206
0
6
56
207
0
6
61
208
0
6
70
209
0
6
81
210
0
6
86
211
0
6
86
212
0
6
88
213
0
6
90
214
0
6
90
215
0
6
88
216
0
6
87
217
0
6
87
218
0
6
84
219
0
6
80
220
0
6
78
221
0
6
72
222
0
6
71
223
0
6
78
224
0
6
87
225
0
6
89
226
0
6
85
227
0
6
77
228
0
6
71
229
0
6
65
230
0
6
60
231
0
6
62
232
0
6
67
233
0
6
68
234
0
6
66
235
0
6
67
236
0
6
70
237
0
6
71
238
0
6
66
239
0
6
61
240
0
6
58
241
0
6
57
242
0
6
59
243
0
6
62
244
0
6
63
245
0
6
58
246
0
6
53
247
0
6
53
248
0
6
57
249
0
6
63
250
0
6
68
251
0
6
69
252
0
6
65
253
0
6
57
254
0
6
48
255
0
6
38
0
0
6
30
1
0
6
25
2
0
6
23
3
0
6
20
4
0
6
14
5
0
6
6
6
0
6
3
7
0
6
11
8
0
6
32
9
0
6
63
10
0
6
98
11
0
6
129
12
0
6
148
13
0
6
153
14
0
6
151
15
0
6
148
16
0
6
148
17
0
6
157
18
0
6
176
19
0
6
198
20
0
6
214
21
0
6
218
22
0
6
216
23
0
6
210
24
0
6
205
25
0
6
205
26
0
6
206
27
0
6
200
28
0
6
196
29
0
6
195
30
0
6
195
31
0
6
198
32
0
6
209
33
0
6
228
34
0
6
250
35
0
7
11
36
0
7
17
37
0
7
16
38
0
7
19
39
0
7
27
40
0
7
36
41
0
7
43
42
0
7
47
43
0
7
48
44
0
7
46
45
0
7
41
46
0
7
34
47
0
7
27
48
0
7
22
49
0
7
19
50
0
7
15
51
0
7
8
52
0
7
0
53
0
6
252
54
0
6
253
55
0
7
2
56
0
7
9
57
0
7
18
58
0
7
22
59
0
7
18
60
0
7
15
61
0
7
12
62
0
7
5
63
0
6
251
64
0
6
242
65
0
6
236
66
0
6
231
67
0
6
226
68
0
6
220
69
0
6
214
70
0
6
210
71
0
6
208
72
0
6
206
73
0
6
198
74
0
6
193
75
0
6
193
76
0
6
199
77
0
6
208
78
0
6
217
79
0
6
222
80
0
6
218
81
0
6
214
82
0
6
210
83
0
6
205
84
0
6
201
85
0
6
201
86
0
6
205
87
0
6
208
88
0
6
204
89
0
6
199
90
0
6
193
91
0
6
185
92
0
6
183
93
0
6
186
94
0
6
186
95
0
6
180
96
0
6
172
97
0
6
163
98
0
6
157
99
0
6
150
100
0
6
145
101
0
6
146
102
0
6
148
103
0
6
144
104
0
6
141
105
0
6
141
106
0
6
141
107
0
6
138
108
0
6
131
109
0
6
126
110
0
6
124
111
0
6
121
112
0
6
116
113
0
6
110
114
0
6
104
115
0
6
98
116
0
6
89
117
0
6
84
118
0
6
86
119
0
6
92
120
0
6
95
121
0
6
92
122
0
6
85
123
0
6
78
124
0
6
73
125
0
6
71
126
0
6
70
127
0
6
67
128
0
6
61
129
0
6
53
130
0
6
46
131
0
6
43
132
0
6
48
133
0
6
65
134
0
6
93
135
0
6
128
136
0
6
160
137
0
6
183
138
0
6
192
139
0
6
190
140
0
6
183
141
0
6
176
142
0
6
176
143
0
6
189
144
0
6
213
145
0
6
236
146
0
6
249
147
0
6
250
148
0
6
244
149
0
6
238
150
0
6
235
151
0
6
232
152
0
6
224
153
0
6
219
154
0
6
216
155
0
6
212
156
0
6
209
157
0
6
214
158
0
6
230
159
0
6
253
160
0
7
19
161
0
7
30
162
0
7
28
163
0
7
27
164
0
7
31
165
0
7
39
166
0
7
50
167
0
7
62
168
0
7
72
169
0
7
78
170
0
7
77
171
0
7
69
172
0
7
58
173
0
7
48
174
0
7
40
175
0
7
34
176
0
7
26
177
0
7
16
178
0
7
9
179
0
7
5
180
0
7
4
181
0
7
8
182
0
7
17
183
0
7
27
184
0
7
31
185
0
7
28
186
0
7
28
187
0
7
28
188
0
7
26
189
0
7
20
190
0
7
13
191
0
7
6
192
0
7
1
193
0
6
253
194
0
6
249
195
0
6
244
196
0
6
238
197
0
6
232
198
0
6
225
199
0
6
215
200
0
6
208
201
0
6
208
202
0
6
216
203
0
6
229
204
0
6
241
205
0
6
245
206
0
6
242
207
0
6
238
208
0
6
233
209
0
6
229
210
0
6
230
211
0
6
237
212
0
6
247
213
0
6
253
214
0
6
251
215
0
6
245
216
0
6
237
217
0
6
229
218
0
6
224
219
0
6
221
220
0
6
216
221
0
6
207
222
0
6
197
223
0
6
186
224
0
6
175
225
0
6
166
226
0
6
161
227
0
6
157
228
0
6
152
229
0
6
143
230
0
6
136
231
0
6
134
232
0
6
135
233
0
6
136
234
0
6
130
235
0
6
126
236
0
6
125
237
0
6
123
238
0
6
116
239
0
6
107
240
0
6
98
241
0
6
91
242
0
6
82
243
0
6
78
244
0
6
81
245
0
6
85
246
0
6
85
247
0
6
79
248
0
6
72
249
0
6
67
250
0
6
65
251
0
6
64
252
0
6
62
253
0
6
57
254
0
6
51
255
0
6
49
0
0
6
54
1
0
6
65
2
0
6
83
3
0
6
107
4
0
6
137
5
0
6
168
6
0
6
192
7
0
6
202
8
0
6
205
9
0
6
208
10
0
6
211
11
0
6
215
12
0
6
225
13
0
6
243
14
0
7
7
15
0
7
18
16
0
7
17
17
0
7
11
18
0
7
3
19
0
6
254
20
0
6
250
21
0
6
242
22
0
6
234
23
0
6
229
24
0
6
225
25
0
6
223
26
0
6
227
27
0
6
239
28
0
7
2
29
0
7
21
30
0
7
34
31
0
7
34
32
0
7
34
33
0
7
39
34
0
7
49
35
0
7
60
36
0
7
69
37
0
7
76
38
0
7
81
39
0
7
83
40
0
7
78
41
0
7
70
42
0
7
61
43
0
7
50
44
0
7
42
45
0
7
35
46
0
7
25
47
0
7
19
48
0
7
18
49
0
7
19
50
0
7
19
51
0
7
19
52
0
7
21
53
0
7
23
54
0
7
19
55
0
7
16
56
0
7
18
57
0
7
23
58
0
7
24
59
0
7
18
60
0
7
8
61
0
6
253
62
0
6
245
63
0
6
238
64
0
6
230
65
0
6
220
66
0
6
209
67
0
6
198
68
0
6
187
69
0
6
180
70
0
6
180
71
0
6
187
72
0
6
198
73
0
6
206
74
0
6
205
75
0
6
201
76
0
6
196
77
0
6
191
78
0
6
189
79
0
6
192
80
0
6
200
81
0
6
210
82
0
6
218
83
0
6
222
84
0
6
219
85
0
6
211
86
0
6
201
87
0
6
190
88
0
6
180
89
0
6
169
90
0
6
159
91
0
6
152
92
0
6
145
93
0
6
137
94
0
6
128
95
0
6
119
96
0
6
111
97
0
6
102
98
0
6
92
99
0
6
83
100
0
6
76
101
0
6
71
102
0
6
68
103
0
6
65
104
0
6
57
105
0
6
48
106
0
6
38
107
0
6
28
108
0
6
17
109
0
6
8
110
0
6
3
111
0
5
254
112
0
5
247
113
0
5
242
114
0
5
238
115
0
5
232
116
0
5
224
117
0
5
219
118
0
5
219
119
0
5
222
120
0
5
223
121
0
5
221
122
0
5
215
123
0
5
212
124
0
5
217
125
0
5
229
126
0
5
246
127
0
6
8
128
0
6
26
129
0
6
46
130
0
6
63
131
0
6
73
132
0
6
73
133
0
6
70
134
0
6
67
135
0
6
66
136
0
6
68
137
0
6
76
138
0
6
89
139
0
6
101
140
0
6
107
141
0
6
106
142
0
6
103
143
0
6
101
144
0
6
97
145
0
6
90
146
0
6
84
147
0
6
80
148
0
6
75
149
0
6
70
150
0
6
67
151
0
6
68
152
0
6
76
153
0
6
88
154
0
6
101
155
0
6
108
156
0
6
106
157
0
6
102
158
0
6
99
159
0
6
98
160
0
6
100
161
0
6
105
162
0
6
112
163
0
6
119
164
0
6
125
165
0
6
127
166
0
6
124
167
0
6
116
168
0
6
106
169
0
6
95
170
0
6
83
171
0
6
74
172
0
6
69
173
0
6
68
174
0
6
67
175
0
6
63
176
0
6
59
177
0
6
58
178
0
6
60
179
0
6
60
180
0
6
56
181
0
6
56
182
0
6
60
183
0
6
62
184
0
6
58
185
0
6
50
186
0
6
42
187
0
6
36
188
0
6
32
189
0
6
26
190
0
6
17
191
0
6
9
192
0
6
2
193
0
5
251
194
0
5
247
195
0
5
246
196
0
5
249
197
0
6
0
198
0
6
5
199
0
6
5
200
0
5
255
201
0
5
252
202
0
5
253
203
0
6
1
204
0
6
5
205
0
6
8
206
0
6
12
207
0
6
19
208
0
6
29
209
0
6
36
210
0
6
34
211
0
6
31
212
0
6
28
213
0
6
21
214
0
6
13
215
0
6
4
216
0
6
0
217
0
6
0
218
0
5
253
219
0
5
247
220
0
5
242
221
0
5
235
222
0
5
227
223
0
5
218
224
0
5
209
225
0
5
201
226
0
5
194
227
0
5
188
228
0
5
181
229
0
5
173
230
0
5
165
231
0
5
158
232
0
5
151
233
0
5
142
234
0
5
134
235
0
5
128
236
0
5
121
237
0
5
113
238
0
5
104
239
0
5
96
240
0
5
88
241
0
5
82
242
0
5
82
243
0
5
87
244
0
5
92
245
0
5
94
246
0
5
93
247
0
5
87
248
0
5
84
249
0
5
90
250
0
5
106
251
0
5
126
252
0
5
145
253
0
5
160
254
0
5
172
255
0
5
181
0
0
5
186
1
0
5
185
2
0
5
180
3
0
5
174
4
0
5
170
5
0
5
168
6
0
5
170
7
0
5
176
8
0
5
183
9
0
5
188
10
0
5
190
11
0
5
190
12
0
5
188
13
0
5
182
14
0
5
176
15
0
5
171
16
0
5
165
17
0
5
157
18
0
5
149
19
0
5
143
20
0
5
142
21
0
5
147
22
0
5
156
23
0
5
166
24
0
5
173
25
0
5
176
26
0
5
173
27
0
5
166
28
0
5
161
29
0
5
160
30
0
5
163
31
0
5
171
32
0
5
182
33
0
5
195
34
0
5
206
35
0
5
213
36
0
5
214
37
0
5
209
38
0
5
203
39
0
5
199
40
0
5
199
41
0
5
201
42
0
5
203
43
0
5
203
44
0
5
201
45
0
5
199
46
0
5
200
47
0
5
203
48
0
5
205
49
0
5
201
50
0
5
198
51
0
5
197
52
0
5
195
53
0
5
191
54
0
5
187
55
0
5
186
56
0
5
188
57
0
5
191
58
0
5
190
59
0
5
184
60
0
5
179
61
0
5
176
62
0
5
175
63
0
5
176
64
0
5
180
65
0
5
186
66
0
5
191
67
0
5
192
68
0
5
188
69
0
5
181
70
0
5
174
71
0
5
169
72
0
5
165
73
0
5
162
74
0
5
160
75
0
5
161
76
0
5
168
77
0
5
182
78
0
5
197
79
0
5
207
80
0
5
207
81
0
5
204
82
0
5
197
83
0
5
188
84
0
5
182
85
0
5
181
86
0
5
185
87
0
5
188
88
0
5
184
89
0
5
179
90
0
5
175
91
0
5
169
92
0
5
162
93
0
5
154
94
0
5
145
95
0
5
135
96
0
5
127
97
0
5
121
98
0
5
113
99
0
5
108
100
0
5
107
101
0
5
106
102
0
5
100
103
0
5
93
104
0
5
85
105
0
5
79
106
0
5
73
107
0
5
66
108
0
5
62
109
0
5
58
110
0
5
53
111
0
5
54
112
0
5
60
113
0
5
66
114
0
5
68
115
0
5
66
116
0
5
60
117
0
5
56
118
0
5
60
119
0
5
74
120
0
5
96
121
0
5
120
122
0
5
143
123
0
5
159
124
0
5
168
125
0
5
169
126
0
5
165
127
0
5
160
128
0
5
156
129
0
5
154
130
0
5
155
131
0
5
159
132
0
5
163
133
0
5
165
134
0
5
165
135
0
5
164
136
0
5
164
137
0
5
166
138
0
5
166
139
0
5
160
140
0
5
155
141
0
5
150
142
0
5
145
143
0
5
141
144
0
5
140
145
0
5
145
146
0
5
155
147
0
5
167
148
0
5
177
149
0
5
181
150
0
5
178
151
0
5
174
152
0
5
169
153
0
5
162
154
0
5
155
155
0
5
153
156
0
5
158
157
0
5
168
158
0
5
180
159
0
5
190
160
0
5
197
161
0
5
201
162
0
5
201
163
0
5
197
164
0
5
197
165
0
5
203
166
0
5
212
167
0
5
218
168
0
5
220
169
0
5
219
170
0
5
217
171
0
5
214
172
0
5
210
173
0
5
204
174
0
5
195
175
0
5
187
176
0
5
180
177
0
5
173
178
0
5
167
179
0
5
163
180
0
5
162
181
0
5
163
182
0
5
163
183
0
5
160
184
0
5
153
185
0
5
147
186
0
5
144
187
0
5
146
188
0
5
152
189
0
5
160
190
0
5
167
191
0
5
169
192
0
5
164
193
0
5
157
194
0
5
148
195
0
5
140
196
0
5
135
197
0
5
134
198
0
5
133
199
0
5
130
200
0
5
127
201
0
5
130
202
0
5
139
203
0
5
153
204
0
5
165
205
0
5
170
206
0
5
167
207
0
5
163
208
0
5
159
209
0
5
157
210
0
5
158
211
0
5
162
212
0
5
165
213
0
5
164
214
0
5
158
215
0
5
151
216
0
5
146
217
0
5
142
218
0
5
137
219
0
5
130
220
0
5
123
221
0
5
120
222
0
5
117
223
0
5
111
224
0
5
110
225
0
5
114
226
0
5
116
227
0
5
113
228
0
5
106
229
0
5
102
230
0
5
102
231
0
5
101
232
0
5
98
233
0
5
99
234
0
5
100
235
0
5
98
236
0
5
101
237
0
5
107
238
0
5
111
239
0
5
109
240
0
5
103
241
0
5
97
242
0
5
95
243
0
5
102
244
0
5
120
245
0
5
144
246
0
5
169
247
0
5
190
248
0
5
204
249
0
5
209
250
0
5
208
251
0
5
207
252
0
5
206
253
0
5
205
254
0
5
205
255
0
5
208
0
0
5
212
1
0
5
214
2
0
5
213
3
0
5
208
4
0
5
204
5
0
5
203
6
0
5
205
7
0
5
204
8
0
5
200
9
0
5
199
10
0
5
199
11
0
5
199
12
0
5
198
13
0
5
200
14
0
5
205
15
0
5
213
16
0
5
220
17
0
5
221
18
0
5
218
19
0
5
216
20
0
5
214
21
0
5
210
22
0
5
203
23
0
5
195
24
0
5
190
25
0
5
190
26
0
5
195
27
0
5
202
28
0
5
209
29
0
5
214
30
0
5
217
31
0
5
216
32
0
5
211
33
0
5
211
34
0
5
217
35
0
5
227
36
0
5
235
37
0
5
238
38
0
5
236
39
0
5
231
40
0
5
225
41
0
5
217
42
0
5
209
43
0
5
199
44
0
5
189
45
0
5
179
46
0
5
170
47
0
5
163
48
0
5
159
49
0
5
158
50
0
5
158
51
0
5
157
52
0
5
154
53
0
5
147
54
0
5
140
55
0
5
137
56
0
5
139
57
0
5
146
58
0
5
155
59
0
5
161
60
0
5
159
61
0
5
154
62
0
5
148
63
0
5
140
64
0
5
132
65
0
5
126
66
0
5
123
67
0
5
121
68
0
5
118
69
0
5
117
70
0
5
121
71
0
5
131
72
0
5
144
73
0
5
156
74
0
5
163
75
0
5
163
76
0
5
159
77
0
5
157
78
0
5
159
79
0
5
163
80
0
5
167
81
0
5
169
82
0
5
168
83
0
5
162
84
0
5
156
85
0
5
152
86
0
5
150
87
0
5
147
88
0
5
140
89
0
5
135
90
0
5
133
91
0
5
131
92
0
5
126
93
0
5
126
94
0
5
129
95
0
5
129
96
0
5
124
97
0
5
119
98
0
5
118
99
0
5
120
100
0
5
120
101
0
5
119
102
0
5
122
103
0
5
124
104
0
5
121
105
0
5
122
106
0
5
124
107
0
5
124
108
0
5
121
109
0
5
114
110
0
5
109
111
0
5
110
112
0
5
121
113
0
5
140
114
0
5
163
115
0
5
186
116
0
5
204
117
0
5
214
118
0
5
214
119
0
5
213
120
0
5
213
121
0
5
214
122
0
5
215
123
0
5
218
124
0
5
223
125
0
5
229
126
0
5
232
127
0
5
229
128
0
5
223
129
0
5
219
130
0
5
218
131
0
5
217
132
0
5
211
133
0
5
209
134
0
5
210
135
0
5
211
136
0
5
210
137
0
5
209
138
0
5
210
139
0
5
214
140
0
5
219
141
0
5
221
142
0
5
218
143
0
5
212
144
0
5
207
145
0
5
202
146
0
5
196
147
0
5
189
148
0
5
182
149
0
5
177
150
0
5
178
151
0
5
184
152
0
5
192
153
0
5
199
154
0
5
202
155
0
5
201
156
0
5
196
157
0
5
191
158
0
5
191
159
0
5
197
160
0
5
205
161
0
5
210
162
0
5
209
163
0
5
203
164
0
5
194
165
0
5
185
166
0
5
177
167
0
5
168
168
0
5
159
169
0
5
149
170
0
5
139
171
0
5
128
172
0
5
120
173
0
5
117
174
0
5
118
175
0
5
121
176
0
5
122
177
0
5
119
178
0
5
114
179
0
5
111
180
0
5
111
181
0
5
115
182
0
5
123
183
0
5
131
184
0
5
133
185
0
5
129
186
0
5
126
187
0
5
123
188
0
5
117
189
0
5
110
190
0
5
103
191
0
5
94
192
0
5
87
193
0
5
82
194
0
5
81
195
0
5
86
196
0
5
97
197
0
5
111
198
0
5
125
199
0
5
135
200
0
5
137
201
0
5
135
202
0
5
135
203
0
5
139
204
0
5
145
205
0
5
150
206
0
5
150
207
0
5
145
208
0
5
139
209
0
5
134
210
0
5
129
211
0
5
123
212
0
5
115
213
0
5
109
214
0
5
107
215
0
5
109
216
0
5
110
217
0
5
106
218
0
5
106
219
0
5
110
220
0
5
114
221
0
5
116
222
0
5
117
223
0
5
120
224
0
5
122
225
0
5
119
226
0
5
117
227
0
5
118
228
0
5
116
229
0
5
114
230
0
5
115
231
0
5
117
232
0
5
116
233
0
5
112
234
0
5
105
235
0
5
100
236
0
5
103
237
0
5
116
238
0
5
136
239
0
5
157
240
0
5
176
241
0
5
190
242
0
5
197
243
0
5
196
244
0
5
192
245
0
5
188
246
0
5
184
247
0
5
182
248
0
5
183
249
0
5
188
250
0
5
194
251
0
5
197
252
0
5
196
253
0
5
192
254
0
5
189
255
0
5
187
0
0
5
183
1
0
5
178
2
0
5
177
3
0
5
177
4
0
5
175
5
0
5
169
6
0
5
162
7
0
5
159
8
0
5
160
9
0
5
162
10
0
5
162
11
0
5
158
12
0
5
152
13
0
5
145
14
0
5
136
15
0
5
128
16
0
5
122
17
0
5
119
18
0
5
117
19
0
5
117
20
0
5
122
21
0
5
131
22
0
5
140
23
0
5
146
24
0
5
146
25
0
5
141
26
0
5
136
27
0
5
134
28
0
5
135
29
0
5
137
30
0
5
138
31
0
5
137
32
0
5
134
33
0
5
130
34
0
5
124
35
0
5
119
36
0
5
114
37
0
5
109
38
0
5
103
39
0
5
96
40
0
5
88
41
0
5
84
42
0
5
85
43
0
5
89
44
0
5
93
45
0
5
94
46
0
5
92
47
0
5
87
48
0
5
81
49
0
5
78
50
0
5
79
51
0
5
84
52
0
5
91
53
0
5
95
54
0
5
92
55
0
5
89
56
0
5
85
57
0
5
79
58
0
5
75
59
0
5
71
60
0
5
65
61
0
5
59
62
0
5
57
63
0
5
58
64
0
5
61
65
0
5
68
66
0
5
79
67
0
5
92
68
0
5
104
69
0
5
111
70
0
5
109
71
0
5
108
72
0
5
111
73
0
5
115
74
0
5
117
75
0
5
115
76
0
5
110
77
0
5
103
78
0
5
95
79
0
5
88
80
0
5
80
81
0
5
72
82
0
5
68
83
0
5
67
84
0
5
69
85
0
5
70
86
0
5
65
87
0
5
63
88
0
5
64
89
0
5
67
90
0
5
71
91
0
5
75
92
0
5
79
93
0
5
81
94
0
5
77
95
0
5
73
96
0
5
70
97
0
5
65
98
0
5
60
99
0
5
58
100
0
5
58
101
0
5
57
102
0
5
54
103
0
5
48
104
0
5
45
105
0
5
51
106
0
5
66
107
0
5
86
108
0
5
108
109
0
5
128
110
0
5
145
111
0
5
156
112
0
5
157
113
0
5
156
114
0
5
155
115
0
5
152
116
0
5
147
117
0
5
143
118
0
5
144
119
0
5
150
120
0
5
155
121
0
5
156
122
0
5
154
123
0
5
153
124
0
5
155
125
0
5
156
126
0
5
152
127
0
5
152
128
0
5
155
129
0
5
157
130
0
5
155
131
0
5
152
132
0
5
151
133
0
5
152
134
0
5
154
135
0
5
153
136
0
5
148
137
0
5
140
138
0
5
131
139
0
5
122
140
0
5
114
141
0
5
105
142
0
5
97
143
0
5
93
144
0
5
94
145
0
5
101
146
0
5
111
147
0
5
122
148
0
5
130
149
0
5
133
150
0
5
130
151
0
5
126
152
0
5
127
153
0
5
132
154
0
5
136
155
0
5
137
156
0
5
134
157
0
5
129
158
0
5
123
159
0
5
117
160
0
5
111
161
0
5
106
162
0
5
101
163
0
5
96
164
0
5
90
165
0
5
82
166
0
5
76
167
0
5
74
168
0
5
74
169
0
5
75
170
0
5
76
171
0
5
77
172
0
5
75
173
0
5
70
174
0
5
67
175
0
5
68
176
0
5
73
177
0
5
79
178
0
5
82
179
0
5
79
180
0
5
74
181
0
5
68
182
0
5
60
183
0
5
51
184
0
5
42
185
0
5
33
186
0
5
25
187
0
5
20
188
0
5
19
189
0
5
22
190
0
5
28
191
0
5
36
192
0
5
46
193
0
5
55
194
0
5
60
195
0
5
58
196
0
5
56
197
0
5
57
198
0
5
59
199
0
5
60
200
0
5
59
201
0
5
56
202
0
5
50
203
0
5
42
204
0
5
35
205
0
5
28
206
0
5
21
207
0
5
18
208
0
5
18
209
0
5
19
210
0
5
16
211
0
5
12
212
0
5
11
213
0
5
11
214
0
5
11
215
0
5
11
216
0
5
13
217
0
5
16
218
0
5
17
219
0
5
13
220
0
5
11
221
0
5
9
222
0
5
4
223
0
5
3
224
0
5
6
225
0
5
8
226
0
5
5
227
0
4
255
228
0
4
250
229
0
4
248
230
0
4
253
231
0
5
10
232
0
5
28
233
0
5
48
234
0
5
66
235
0
5
79
236
0
5
86
237
0
5
85
238
0
5
80
239
0
5
73
240
0
5
65
241
0
5
56
242
0
5
52
243
0
5
54
244
0
5
60
245
0
5
66
246
0
5
69
247
0
5
69
248
0
5
70
249
0
5
73
250
0
5
73
251
0
5
71
252
0
5
73
253
0
5
77
254
0
5
78
255
0
5
74
0
0
5
68
1
0
5
64
2
0
5
63
3
0
5
64
4
0
5
63
5
0
5
60
6
0
5
55
7
0
5
50
8
0
5
46
9
0
5
42
10
0
5
35
11
0
5
29
12
0
5
26
13
0
5
28
14
0
5
34
15
0
5
44
16
0
5
55
17
0
5
65
18
0
5
71
19
0
5
71
20
0
5
68
21
0
5
68
22
0
5
70
23
0
5
72
24
0
5
72
25
0
5
70
26
0
5
68
27
0
5
65
28
0
5
62
29
0
5
59
30
0
5
56
31
0
5
53
32
0
5
50
33
0
5
46
34
0
5
39
35
0
5
32
36
0
5
28
37
0
5
28
38
0
5
31
39
0
5
35
40
0
5
39
41
0
5
39
42
0
5
34
43
0
5
29
44
0
5
27
45
0
5
29
46
0
5
34
47
0
5
38
48
0
5
38
49
0
5
34
50
0
5
29
51
0
5
22
52
0
5
15
53
0
5
8
54
0
5
0
55
0
4
248
56
0
4
243
57
0
4
241
58
0
4
242
59
0
4
246
60
0
4
253
61
0
5
7
62
0
5
17
63
0
5
23
64
0
5
23
65
0
5
21
66
0
5
20
67
0
5
19
68
0
5
17
69
0
5
12
70
0
5
5
71
0
4
253
72
0
4
245
73
0
4
237
74
0
4
229
75
0
4
222
76
0
4
220
77
0
4
222
78
0
4
226
79
0
4
227
80
0
4
224
81
0
4
223
82
0
4
225
83
0
4
228
84
0
4
231
85
0
4
234
86
0
4
237
87
0
4
238
88
0
4
234
89
0
4
230
90
0
4
225
91
0
4
220
92
0
4
219
93
0
4
222
94
0
4
226
95
0
4
228
96
0
4
226
97
0
4
222
98
0
4
222
99
0
4
229
100
0
4
243
101
0
5
6
102
0
5
24
103
0
5
40
104
0
5
53
105
0
5
61
106
0
5
62
107
0
5
58
108
0
5
51
109
0
5
45
110
0
5
39
111
0
5
32
112
0
5
31
113
0
5
37
114
0
5
45
115
0
5
52
116
0
5
57
117
0
5
61
118
0
5
65
119
0
5
67
120
0
5
64
121
0
5
64
122
0
5
67
123
0
5
68
124
0
5
64
125
0
5
57
126
0
5
51
127
0
5
50
128
0
5
52
129
0
5
54
130
0
5
54
131
0
5
53
132
0
5
52
133
0
5
52
134
0
5
51
135
0
5
47
136
0
5
43
137
0
5
43
138
0
5
47
139
0
5
54
140
0
5
63
141
0
5
73
142
0
5
82
143
0
5
89
144
0
5
92
145
0
5
88
146
0
5
86
147
0
5
85
148
0
5
83
149
0
5
78
150
0
5
72
151
0
5
68
152
0
5
67
153
0
5
69
154
0
5
70
155
0
5
70
156
0
5
69
157
0
5
67
158
0
5
64
159
0
5
59
160
0
5
53
161
0
5
51
162
0
5
52
163
0
5
55
164
0
5
59
165
0
5
63
166
0
5
65
167
0
5
62
168
0
5
58
169
0
5
55
170
0
5
55
171
0
5
57
172
0
5
58
173
0
5
57
174
0
5
52
175
0
5
45
176
0
5
38
177
0
5
33
178
0
5
28
179
0
5
21
180
0
5
14
181
0
5
9
182
0
5
6
183
0
5
5
184
0
5
6
185
0
5
11
186
0
5
20
187
0
5
31
188
0
5
39
189
0
5
41
190
0
5
38
191
0
5
34
192
0
5
30
193
0
5
25
194
0
5
19
195
0
5
13
196
0
5
6
197
0
4
254
198
0
4
246
199
0
4
238
200
0
4
231
201
0
4
228
202
0
4
228
203
0
4
230
204
0
4
231
205
0
4
229
206
0
4
225
207
0
4
224
208
0
4
225
209
0
4
227
210
0
4
229
211
0
4
230
212
0
4
230
213
0
4
227
214
0
4
221
215
0
4
214
216
0
4
207
217
0
4
203
218
0
4
204
219
0
4
208
220
0
4
212
221
0
4
212
222
0
4
209
223
0
4
209
224
0
4
214
225
0
4
225
226
0
4
241
227
0
5
4
228
0
5
22
229
0
5
38
230
0
5
50
231
0
5
56
232
0
5
55
233
0
5
50
234
0
5
45
235
0
5
39
236
0
5
32
237
0
5
30
238
0
5
35
239
0
5
43
240
0
5
51
241
0
5
57
242
0
5
62
243
0
5
67
244
0
5
71
245
0
5
70
246
0
5
67
247
0
5
66
248
0
5
65
249
0
5
61
250
0
5
55
251
0
5
52
252
0
5
52
253
0
5
55
254
0
5
59
255
0
5
63
0
0
5
65
1
0
5
65
2
0
5
63
3
0
5
59
4
0
5
54
5
0
5
46
6
0
5
41
7
0
5
41
8
0
5
46
9
0
5
54
10
0
5
63
11
0
5
72
12
0
5
80
13
0
5
87
14
0
5
89
15
0
5
86
16
0
5
83
17
0
5
81
18
0
5
78
19
0
5
74
20
0
5
71
21
0
5
70
22
0
5
71
23
0
5
73
24
0
5
76
25
0
5
78
26
0
5
78
27
0
5
76
28
0
5
72
29
0
5
65
30
0
5
58
31
0
5
53
32
0
5
52
33
0
5
54
34
0
5
58
35
0
5
63
36
0
5
65
37
0
5
62
38
0
5
58
39
0
5
55
40
0
5
54
41
0
5
52
42
0
5
50
43
0
5
46
44
0
5
41
45
0
5
35
46
0
5
29
47
0
5
22
48
0
5
13
49
0
5
4
50
0
4
252
51
0
4
246
52
0
4
242
53
0
4
242
54
0
4
245
55
0
4
251
56
0
5
4
57
0
5
11
58
0
5
13
59
0
5
9
60
0
5
4
61
0
4
254
62
0
4
247
63
0
4
239
64
0
4
232
65
0
4
226
66
0
4
219
67
0
4
211
68
0
4
203
69
0
4
196
70
0
4
192
71
0
4
193
72
0
4
196
73
0
4
198
74
0
4
196
75
0
4
193
76
0
4
192
77
0
4
193
78
0
4
194
79
0
4
194
80
0
4
193
81
0
4
191
82
0
4
187
83
0
4
180
84
0
4
172
85
0
4
166
86
0
4
164
87
0
4
166
88
0
4
171
89
0
4
176
90
0
4
178
91
0
4
175
92
0
4
174
93
0
4
178
94
0
4
186
95
0
4
197
96
0
4
209
97
0
4
223
98
0
4
238
99
0
4
251
100
0
5
3
101
0
5
5
102
0
5
5
103
0
5
6
104
0
5
8
105
0
5
7
106
0
5
5
107
0
5
9
108
0
5
18
109
0
5
28
110
0
5
35
111
0
5
40
112
0
5
43
113
0
5
46
114
0
5
46
115
0
5
41
116
0
5
36
117
0
5
31
118
0
5
23
119
0
5
16
120
0
5
8
121
0
5
2
122
0
5
1
123
0
5
5
124
0
5
11
125
0
5
18
126
0
5
24
127
0
5
28
128
0
5
31
129
0
5
32
130
0
5
29
131
0
5
24
132
0
5
23
133
0
5
25
134
0
5
29
135
0
5
35
136
0
5
43
137
0
5
53
138
0
5
62
139
0
5
69
140
0
5
71
141
0
5
68
142
0
5
62
143
0
5
54
144
0
5
46
145
0
5
41
146
0
5
40
147
0
5
43
148
0
5
48
149
0
5
54
150
0
5
59
151
0
5
62
152
0
5
63
153
0
5
63
154
0
5
61
155
0
5
57
156
0
5
51
157
0
5
48
158
0
5
50
159
0
5
56
160
0
5
63
161
0
5
69
162
0
5
72
163
0
5
70
164
0
5
64
165
0
5
58
166
0
5
54
167
0
5
52
168
0
5
50
169
0
5
46
170
0
5
39
171
0
5
32
172
0
5
26
173
0
5
20
174
0
5
14
175
0
5
6
176
0
4
253
177
0
4
246
178
0
4
240
179
0
4
237
180
0
4
239
181
0
4
246
182
0
5
0
183
0
5
6
184
0
5
6
185
0
5
2
186
0
4
251
187
0
4
245
188
0
4
240
189
0
4
234
190
0
4
227
191
0
4
220
192
0
4
212
193
0
4
203
194
0
4
195
195
0
4
191
196
0
4
191
197
0
4
195
198
0
4
201
199
0
4
206
200
0
4
205
201
0
4
202
202
0
4
201
203
0
4
201
204
0
4
200
205
0
4
198
206
0
4
194
207
0
4
189
208
0
4
183
209
0
4
178
210
0
4
175
211
0
4
175
212
0
4
179
213
0
4
186
214
0
4
195
215
0
4
202
216
0
4
204
217
0
4
203
218
0
4
205
219
0
4
212
220
0
4
222
221
0
4
234
222
0
4
248
223
0
5
8
224
0
5
23
225
0
5
36
226
0
5
46
227
0
5
52
228
0
5
57
229
0
5
62
230
0
5
66
231
0
5
64
232
0
5
65
233
0
5
73
234
0
5
86
235
0
5
98
236
0
5
107
237
0
5
113
238
0
5
117
239
0
5
120
240
0
5
121
241
0
5
118
242
0
5
111
243
0
5
103
244
0
5
96
245
0
5
90
246
0
5
82
247
0
5
79
248
0
5
83
249
0
5
92
250
0
5
104
251
0
5
117
252
0
5
128
253
0
5
136
254
0
5
140
255
0
5
140
0
0
5
135
1
0
5
131
2
0
5
130
3
0
5
132
4
0
5
136
5
0
5
143
6
0
5
152
7
0
5
162
8
0
5
170
9
0
5
176
10
0
5
180
11
0
5
181
12
0
5
179
13
0
5
174
14
0
5
167
15
0
5
164
16
0
5
166
17
0
5
172
18
0
5
179
19
0
5
187
20
0
5
195
21
0
5
202
22
0
5
207
23
0
5
209
24
0
5
207
25
0
5
201
26
0
5
195
27
0
5
192
28
0
5
193
29
0
5
198
30
0
5
205
31
0
5
210
32
0
5
211
33
0
5
207
34
0
5
200
35
0
5
191
36
0
5
182
37
0
5
174
38
0
5
166
39
0
5
158
40
0
5
150
41
0
5
144
42
0
5
139
43
0
5
134
44
0
5
128
45
0
5
120
46
0
5
111
47
0
5
102
48
0
5
94
49
0
5
89
50
0
5
88
51
0
5
92
52
0
5
96
53
0
5
96
54
0
5
91
55
0
5
84
56
0
5
79
57
0
5
77
58
0
5
75
59
0
5
71
60
0
5
64
61
0
5
55
62
0
5
46
63
0
5
36
64
0
5
29
65
0
5
26
66
0
5
27
67
0
5
30
68
0
5
33
69
0
5
32
70
0
5
27
71
0
5
22
72
0
5
17
73
0
5
10
74
0
5
3
75
0
4
251
76
0
4
244
77
0
4
237
78
0
4
232
79
0
4
230
80
0
4
232
81
0
4
237
82
0
4
245
83
0
4
255
84
0
5
8
85
0
5
11
86
0
5
8
87
0
5
6
88
0
5
5
89
0
5
4
90
0
5
3
91
0
5
4
92
0
5
10
93
0
5
21
94
0
5
34
95
0
5
46
96
0
5
57
97
0
5
70
98
0
5
86
99
0
5
103
100
0
5
114
101
0
5
116
102
0
5
122
103
0
5
132
104
0
5
143
105
0
5
151
106
0
5
157
107
0
5
161
108
0
5
164
109
0
5
166
110
0
5
167
111
0
5
167
112
0
5
166
113
0
5
166
114
0
5
167
115
0
5
166
116
0
5
160
117
0
5
159
118
0
5
166
119
0
5
179
120
0
5
193
121
0
5
206
122
0
5
218
123
0
5
228
124
0
5
236
125
0
5
239
126
0
5
235
127
0
5
230
128
0
5
225
129
0
5
220
130
0
5
217
131
0
5
219
132
0
5
227
133
0
5
240
134
0
5
255
135
0
6
13
136
0
6
23
137
0
6
29
138
0
6
32
139
0
6
30
140
0
6
25
141
0
6
23
142
0
6
27
143
0
6
33
144
0
6
39
145
0
6
44
146
0
6
49
147
0
6
56
148
0
6
63
149
0
6
69
150
0
6
73
151
0
6
71
152
0
6
64
153
0
6
59
154
0
6
58
155
0
6
61
156
0
6
66
157
0
6
69
158
0
6
69
159
0
6
67
160
0
6
63
161
0
6
56
162
0
6
47
163
0
6
38
164
0
6
28
165
0
6
21
166
0
6
16
167
0
6
8
168
0
6
2
169
0
5
255
170
0
5
252
171
0
5
246
172
0
5
237
173
0
5
229
174
0
5
222
175
0
5
213
176
0
5
208
177
0
5
208
178
0
5
208
179
0
5
202
180
0
5
195
181
0
5
187
182
0
5
182
183
0
5
180
184
0
5
178
185
0
5
175
186
0
5
171
187
0
5
168
188
0
5
165
189
0
5
160
190
0
5
152
191
0
5
146
192
0
5
143
193
0
5
142
194
0
5
142
195
0
5
142
196
0
5
141
197
0
5
138
198
0
5
133
199
0
5
126
200
0
5
120
201
0
5
116
202
0
5
112
203
0
5
105
204
0
5
100
205
0
5
99
206
0
5
103
207
0
5
109
208
0
5
116
209
0
5
124
210
0
5
133
211
0
5
140
212
0
5
142
213
0
5
138
214
0
5
130
215
0
5
121
216
0
5
113
217
0
5
107
218
0
5
107
219
0
5
115
220
0
5
130
221
0
5
146
222
0
5
163
223
0
5
181
224
0
5
202
225
0
5
224
226
0
5
242
227
0
5
249
228
0
5
252
229
0
6
1
230
0
6
6
231
0
6
9
232
0
6
11
233
0
6
12
234
0
6
14
235
0
6
18
236
0
6
23
237
0
6
29
238
0
6
36
239
0
6
45
240
0
6
53
241
0
6
59
242
0
6
58
243
0
6
56
244
0
6
60
245
0
6
71
246
0
6
86
247
0
6
100
248
0
6
113
249
0
6
125
250
0
6
136
251
0
6
143
252
0
6
144
253
0
6
138
254
0
6
129
255
0
6
118
0
0
6
107
1
0
6
100
2
0
6
100
3
0
6
108
4
0
6
122
5
0
6
138
6
0
6
152
7
0
6
164
8
0
6
173
9
0
6
177
10
0
6
174
11
0
6
170
12
0
6
168
13
0
6
166
14
0
6
164
15
0
6
162
16
0
6
163
17
0
6
168
18
0
6
175
19
0
6
182
20
0
6
187
21
0
6
188
22
0
6
185
23
0
6
178
24
0
6
170
25
0
6
165
26
0
6
162
27
0
6
160
28
0
6
156
29
0
6
150
30
0
6
143
31
0
6
136
32
0
6
128
33
0
6
119
34
0
6
113
35
0
6
110
36
0
6
110
37
0
6
108
38
0
6
101
39
0
6
94
40
0
6
87
41
0
6
78
42
0
6
69
43
0
6
63
44
0
6
60
45
0
6
55
46
0
6
49
47
0
6
44
48
0
6
37
49
0
6
30
50
0
6
23
51
0
6
14
52
0
6
8
53
0
6
5
54
0
6
2
55
0
5
254
56
0
5
251
57
0
5
250
58
0
5
251
59
0
5
251
60
0
5
249
61
0
5
244
62
0
5
236
63
0
5
228
64
0
5
222
65
0
5
219
66
0
5
220
67
0
5
223
68
0
5
226
69
0
5
228
70
0
5
228
71
0
5
227
72
0
5
224
73
0
5
217
74
0
5
211
75
0
5
209
76
0
5
210
77
0
5
211
78
0
5
212
79
0
5
214
80
0
5
218
81
0
5
224
82
0
5
230
83
0
5
235
84
0
5
239
85
0
5
242
86
0
5
242
87
0
5
238
88
0
5
239
89
0
5
248
90
0
6
8
91
0
6
27
92
0
6
48
93
0
6
69
94
0
6
89
95
0
6
108
96
0
6
124
97
0
6
133
98
0
6
133
99
0
6
128
100
0
6
122
101
0
6
117
102
0
6
112
103
0
6
109
104
0
6
111
105
0
6
119
106
0
6
132
107
0
6
147
108
0
6
162
109
0
6
176
110
0
6
187
111
0
6
193
112
0
6
192
113
0
6
187
114
0
6
185
115
0
6
187
116
0
6
192
117
0
6
196
118
0
6
200
119
0
6
205
120
0
6
212
121
0
6
221
122
0
6
230
123
0
6
237
124
0
6
241
125
0
6
242
126
0
6
239
127
0
6
232
128
0
6
228
129
0
6
231
130
0
6
241
131
0
6
254
132
0
7
11
133
0
7
20
134
0
7
26
135
0
7
29
136
0
7
29
137
0
7
24
138
0
7
16
139
0
7
6
140
0
6
250
141
0
6
240
142
0
6
234
143
0
6
234
144
0
6
237
145
0
6
241
146
0
6
245
147
0
6
248
148
0
6
250
149
0
6
250
150
0
6
246
151
0
6
237
152
0
6
228
153
0
6
218
154
0
6
207
155
0
6
196
156
0
6
184
157
0
6
173
158
0
6
163
159
0
6
156
160
0
6
153
161
0
6
154
162
0
6
158
163
0
6
162
164
0
6
162
165
0
6
158
166
0
6
153
167
0
6
147
168
0
6
138
169
0
6
130
170
0
6
124
171
0
6
119
172
0
6
110
173
0
6
101
174
0
6
92
175
0
6
86
176
0
6
82
177
0
6
76
178
0
6
68
179
0
6
61
180
0
6
52
181
0
6
42
182
0
6
31
183
0
6
23
184
0
6
19
185
0
6
18
186
0
6
18
187
0
6
17
188
0
6
14
189
0
6
9
190
0
6
0
191
0
5
249
192
0
5
247
193
0
5
248
194
0
5
251
195
0
5
253
196
0
5
253
197
0
5
250
198
0
5
244
199
0
5
236
200
0
5
227
201
0
5
218
202
0
5
210
203
0
5
202
204
0
5
194
205
0
5
188
206
0
5
185
207
0
5
187
208
0
5
191
209
0
5
196
210
0
5
201
211
0
5
205
212
0
5
207
213
0
5
204
214
0
5
199
215
0
5
199
216
0
5
205
217
0
5
216
218
0
5
228
219
0
5
238
220
0
5
248
221
0
6
4
222
0
6
16
223
0
6
27
224
0
6
34
225
0
6
35
226
0
6
33
227
0
6
31
228
0
6
28
229
0
6
21
230
0
6
17
231
0
6
20
232
0
6
27
233
0
6
34
234
0
6
41
235
0
6
49
236
0
6
58
237
0
6
65
238
0
6
67
239
0
6
63
240
0
6
55
241
0
6
46
242
0
6
37
243
0
6
27
244
0
6
17
245
0
6
8
246
0
6
3
247
0
6
2
248
0
6
6
249
0
6
13
250
0
6
21
251
0
6
29
252
0
6
34
253
0
6
35
254
0
6
30
255
0
6
26
0
0
6
26
1
0
6
30
2
0
6
34
3
0
6
37
4
0
6
38
5
0
6
36
6
0
6
31
7
0
6
26
8
0
6
22
9
0
6
20
10
0
6
18
11
0
6
14
12
0
6
6
13
0
6
0
14
0
5
251
15
0
5
248
16
0
5
245
17
0
5
242
18
0
5
240
19
0
5
237
20
0
5
233
21
0
5
226
22
0
5
217
23
0
5
207
24
0
5
198
25
0
5
192
26
0
5
189
27
0
5
186
28
0
5
179
29
0
5
172
30
0
5
166
31
0
5
161
32
0
5
159
33
0
5
160
34
0
5
164
35
0
5
168
36
0
5
169
37
0
5
166
38
0
5
159
39
0
5
151
40
0
5
141
41
0
5
131
42
0
5
122
43
0
5
113
44
0
5
103
45
0
5
94
46
0
5
86
47
0
5
80
48
0
5
73
49
0
5
65
50
0
5
56
51
0
5
47
52
0
5
38
53
0
5
30
54
0
5
25
55
0
5
25
56
0
5
27
57
0
5
28
58
0
5
25
59
0
5
19
60
0
5
13
61
0
5
7
62
0
5
2
63
0
4
255
64
0
5
1
65
0
5
3
66
0
5
3
67
0
4
254
68
0
4
249
69
0
4
242
70
0
4
237
71
0
4
233
72
0
4
227
73
0
4
221
74
0
4
216
75
0
4
211
76
0
4
208
77
0
4
207
78
0
4
209
79
0
4
213
80
0
4
217
81
0
4
219
82
0
4
219
83
0
4
216
84
0
4
211
85
0
4
208
86
0
4
209
87
0
4
210
88
0
4
211
89
0
4
210
90
0
4
209
91
0
4
209
92
0
4
212
93
0
4
217
94
0
4
224
95
0
4
232
96
0
4
241
97
0
4
250
98
0
5
1
99
0
5
3
100
0
4
255
101
0
4
254
102
0
5
2
103
0
5
8
104
0
5
12
105
0
5
12
106
0
5
7
107
0
5
0
108
0
4
247
109
0
4
239
110
0
4
232
111
0
4
227
112
0
4
224
113
0
4
223
114
0
4
224
115
0
4
225
116
0
4
223
117
0
4
220
118
0
4
221
119
0
4
226
120
0
4
233
121
0
4
239
122
0
4
242
123
0
4
240
124
0
4
235
125
0
4
228
126
0
4
222
127
0
4
217
128
0
4
213
129
0
4
208
130
0
4
201
131
0
4
195
132
0
4
190
133
0
4
183
134
0
4
179
135
0
4
180
136
0
4
183
137
0
4
184
138
0
4
180
139
0
4
176
140
0
4
172
141
0
4
167
142
0
4
160
143
0
4
154
144
0
4
147
145
0
4
140
146
0
4
133
147
0
4
126
148
0
4
119
149
0
4
112
150
0
4
107
151
0
4
104
152
0
4
104
153
0
4
104
154
0
4
103
155
0
4
98
156
0
4
91
157
0
4
84
158
0
4
76
159
0
4
70
160
0
4
66
161
0
4
64
162
0
4
63
163
0
4
62
164
0
4
60
165
0
4
56
166
0
4
50
167
0
4
44
168
0
4
39
169
0
4
35
170
0
4
32
171
0
4
28
172
0
4
23
173
0
4
17
174
0
4
13
175
0
4
11
176
0
4
8
177
0
4
3
178
0
4
0
179
0
3
254
180
0
3
250
181
0
3
249
182
0
3
251
183
0
3
252
184
0
3
249
185
0
3
247
186
0
3
245
187
0
3
241
188
0
3
237
189
0
3
235
190
0
3
237
191
0
3
242
192
0
3
244
193
0
3
242
194
0
3
239
195
0
3
235
196
0
3
230
197
0
3
225
198
0
3
219
199
0
3
214
200
0
3
209
201
0
3
204
202
0
3
199
203
0
3
196
204
0
3
195
205
0
3
196
206
0
3
197
207
0
3
198
208
0
3
198
209
0
3
195
210
0
3
193
211
0
3
193
212
0
3
196
213
0
3
199
214
0
3
199
215
0
3
196
216
0
3
192
217
0
3
187
218
0
3
183
219
0
3
180
220
0
3
177
221
0
3
176
222
0
3
177
223
0
3
179
224
0
3
179
225
0
3
176
226
0
3
175
227
0
3
178
228
0
3
184
229
0
3
190
230
0
3
193
231
0
3
191
232
0
3
190
233
0
3
193
234
0
3
198
235
0
3
204
236
0
3
207
237
0
3
205
238
0
3
202
239
0
3
199
240
0
3
197
241
0
3
195
242
0
3
190
243
0
3
186
244
0
3
184
245
0
3
184
246
0
3
184
247
0
3
183
248
0
3
179
249
0
3
177
250
0
3
177
251
0
3
178
252
0
3
177
253
0
3
173
254
0
3
168
255
0
3
163
0
0
3
157
1
0
3
153
2
0
3
151
3
0
3
149
4
0
3
145
5
0
3
144
6
0
3
143
7
0
3
139
8
0
3
137
9
0
3
139
10
0
3
140
11
0
3
138
12
0
3
134
13
0
3
130
14
0
3
126
15
0
3
124
16
0
3
124
17
0
3
126
18
0
3
128
19
0
3
127
20
0
3
124
21
0
3
121
22
0
3
116
23
0
3
112
24
0
3
109
25
0
3
107
26
0
3
104
27
0
3
100
28
0
3
96
29
0
3
91
30
0
3
86
31
0
3
82
32
0
3
77
33
0
3
72
34
0
3
67
35
0
3
63
36
0
3
59
37
0
3
55
38
0
3
51
39
0
3
47
40
0
3
42
41
0
3
37
42
0
3
34
43
0
3
31
44
0
3
28
45
0
3
26
46
0
3
26
47
0
3
27
48
0
3
26
49
0
3
22
50
0
3
17
51
0
3
14
52
0
3
14
53
0
3
15
54
0
3
13
55
0
3
10
56
0
3
9
57
0
3
7
58
0
3
4
59
0
3
1
60
0
3
0
61
0
3
0
62
0
3
1
63
0
3
1
64
0
2
255
65
0
2
252
66
0
2
248
67
0
2
245
68
0
2
242
69
0
2
238
70
0
2
235
71
0
2
234
72
0
2
234
73
0
2
233
74
0
2
232
75
0
2
231
76
0
2
230
77
0
2
229
78
0
2
226
79
0
2
223
80
0
2
222
81
0
2
222
82
0
2
222
83
0
2
222
84
0
2
221
85
0
2
220
86
0
2
219
87
0
2
217
88
0
2
214
89
0
2
211
90
0
2
210
91
0
2
211
92
0
2
212
93
0
2
211
94
0
2
209
95
0
2
208
96
0
2
208
97
0
2
211
98
0
2
216
99
0
2
221
100
0
2
224
101
0
2
224
102
0
2
223
103
0
2
222
104
0
2
222
105
0
2
222
106
0
2
222
107
0
2
221
108
0
2
218
109
0
2
215
110
0
2
212
111
0
2
208
112
0
2
205
113
0
2
204
114
0
2
204
115
0
2
205
116
0
2
205
117
0
2
205
118
0
2
203
119
0
2
200
120
0
2
199
121
0
2
200
122
0
2
202
123
0
2
202
124
0
2
199
125
0
2
196
126
0
2
192
127
0
2
187
128
0
2
182
129
0
2
177
130
0
2
173
131
0
2
168
132
0
2
163
133
0
2
158
134
0
2
156
135
0
2
159
136
0
2
165
137
0
2
172
138
0
2
176
139
0
2
177
140
0
2
175
141
0
2
173
142
0
2
172
143
0
2
173
144
0
2
175
145
0
2
177
146
0
2
178
147
0
2
177
148
0
2
176
149
0
2
177
150
0
2
182
151
0
2
190
152
0
2
198
153
0
2
202
154
0
2
201
155
0
2
199
156
0
2
196
157
0
2
193
158
0
2
189
159
0
2
187
160
0
2
187
161
0
2
188
162
0
2
189
163
0
2
190
164
0
2
191
165
0
2
193
166
0
2
195
167
0
2
195
168
0
2
193
169
0
2
191
170
0
2
189
171
0
2
188
172
0
2
189
173
0
2
192
174
0
2
195
175
0
2
197
176
0
2
199
177
0
2
202
178
0
2
206
179
0
2
211
180
0
2
215
181
0
2
216
182
0
2
215
183
0
2
214
184
0
2
213
185
0
2
212
186
0
2
212
187
0
2
215
188
0
2
220
189
0
2
226
190
0
2
230
191
0
2
232
192
0
2
233
193
0
2
234
194
0
2
235
195
0
2
235
196
0
2
233
197
0
2
232
198
0
2
232
199
0
2
231
200
0
2
231
201
0
2
233
202
0
2
237
203
0
2
243
204
0
2
247
205
0
2
248
206
0
2
247
207
0
2
246
208
0
2
244
209
0
2
240
210
0
2
236
211
0
2
234
212
0
2
233
213
0
2
233
214
0
2
234
215
0
2
236
216
0
2
241
217
0
2
248
218
0
2
255
219
0
3
3
220
0
3
2
221
0
3
0
222
0
2
255
223
0
3
0
224
0
3
1
225
0
3
2
226
0
3
3
227
0
3
3
228
0
3
1
229
0
2
254
230
0
2
252
231
0
2
249
232
0
2
246
233
0
2
242
234
0
2
238
235
0
2
235
236
0
2
231
237
0
2
227
238
0
2
226
239
0
2
227
240
0
2
229
241
0
2
231
242
0
2
232
243
0
2
232
244
0
2
231
245
0
2
229
246
0
2
226
247
0
2
225
248
0
2
225
249
0
2
224
250
0
2
221
251
0
2
217
252
0
2
213
253
0
2
211
254
0
2
212
255
0
2
215
0
0
2
218
1
0
2
220
2
0
2
221
3
0
2
220
4
0
2
218
5
0
2
217
6
0
2
220
7
0
2
225
8
0
2
229
9
0
2
231
10
0
2
231
11
0
2
231
12
0
2
230
13
0
2
227
14
0
2
223
15
0
2
219
16
0
2
215
17
0
2
212
18
0
2
209
19
0
2
206
20
0
2
205
21
0
2
207
22
0
2
211
23
0
2
214
24
0
2
217
25
0
2
219
26
0
2
221
27
0
2
223
28
0
2
223
29
0
2
220
30
0
2
218
31
0
2
216
32
0
2
213
33
0
2
210
34
0
2
207
35
0
2
207
36
0
2
209
37
0
2
211
38
0
2
211
39
0
2
208
40
0
2
204
41
0
2
200
42
0
2
195
43
0
2
191
44
0
2
188
45
0
2
186
46
0
2
184
47
0
2
182
48
0
2
181
49
0
2
181
50
0
2
182
51
0
2
183
52
0
2
183
53
0
2
184
54
0
2
184
55
0
2
183
56
0
2
180
57
0
2
179
58
0
2
178
59
0
2
177
60
0
2
176
61
0
2
177
62
0
2
178
63
0
2
180
64
0
2
182
65
0
2
182
66
0
2
181
67
0
2
179
68
0
2
177
69
0
2
174
70
0
2
170
71
0
2
168
72
0
2
167
73
0
2
167
74
0
2
167
75
0
2
168
76
0
2
168
77
0
2
167
78
0
2
166
79
0
2
164
80
0
2
161
81
0
2
157
82
0
2
153
83
0
2
150
84
0
2
148
85
0
2
148
86
0
2
149
87
0
2
151
88
0
2
154
89
0
2
157
90
0
2
158
91
0
2
157
92
0
2
154
93
0
2
150
94
0
2
145
95
0
2
140
96
0
2
135
97
0
2
131
98
0
2
128
99
0
2
126
100
0
2
126
101
0
2
127
102
0
2
128
103
0
2
128
104
0
2
128
105
0
2
126
106
0
2
124
107
0
2
121
108
0
2
118
109
0
2
116
110
0
2
115
111
0
2
114
112
0
2
114
113
0
2
115
114
0
2
116
115
0
2
116
116
0
2
115
117
0
2
113
118
0
2
110
119
0
2
107
120
0
2
105
121
0
2
103
122
0
2
101
123
0
2
98
124
0
2
97
125
0
2
99
126
0
2
103
127
0
2
108
128
0
2
112
129
0
2
115
130
0
2
115
131
0
2
114
132
0
2
113
133
0
2
113
134
0
2
112
135
0
2
109
136
0
2
107
137
0
2
104
138
0
2
101
139
0
2
98
140
0
2
96
141
0
2
96
142
0
2
96
143
0
2
97
144
0
2
97
145
0
2
95
146
0
2
93
147
0
2
93
148
0
2
94
149
0
2
96
150
0
2
98
151
0
2
100
152
0
2
102
153
0
2
104
154
0
2
105
155
0
2
104
156
0
2
103
157
0
2
102
158
0
2
99
159
0
2
96
160
0
2
92
161
0
2
91
162
0
2
93
163
0
2
96
164
0
2
99
165
0
2
99
166
0
2
98
167
0
2
97
168
0
2
96
169
0
2
93
170
0
2
90
171
0
2
86
172
0
2
82
173
0
2
78
174
0
2
74
175
0
2
71
176
0
2
70
177
0
2
71
178
0
2
73
179
0
2
76
180
0
2
79
181
0
2
82
182
0
2
84
183
0
2
84
184
0
2
82
185
0
2
80
186
0
2
78
187
0
2
76
188
0
2
74
189
0
2
72
190
0
2
71
191
0
2
71
192
0
2
72
193
0
2
75
194
0
2
79
195
0
2
82
196
0
2
85
197
0
2
87
198
0
2
87
199
0
2
85
200
0
2
84
201
0
2
84
202
0
2
85
203
0
2
86
204
0
2
86
205
0
2
85
206
0
2
84
207
0
2
83
208
0
2
82
209
0
2
80
210
0
2
77
211
0
2
75
212
0
2
73
213
0
2
72
214
0
2
71
215
0
2
70
216
0
2
68
217
0
2
66
218
0
2
64
219
0
2
62
220
0
2
61
221
0
2
60
222
0
2
58
223
0
2
55
224
0
2
52
225
0
2
49
226
0
2
47
227
0
2
46
228
0
2
45
229
0
2
44
230
0
2
43
231
0
2
42
232
0
2
40
233
0
2
38
234
0
2
35
235
0
2
31
236
0
2
28
237
0
2
25
238
0
2
22
239
0
2
20
240
0
2
18
241
0
2
17
242
0
2
16
243
0
2
15
244
0
2
13
245
0
2
10
246
0
2
7
247
0
2
4
248
0
2
0
249
0
1
252
250
0
1
249
251
0
1
247
252
0
1
246
253
0
1
245
254
0
1
244
255
0
1
242
0
0
1
240
1
0
1
237
2
0
1
234
3
0
1
231
4
0
1
229
5
0
1
227
6
0
1
225
7
0
1
224
8
0
1
223
9
0
1
222
10
0
1
220
11
0
1
218
12
0
1
216
13
0
1
215
14
0
1
214
15
0
1
212
16
0
1
210
17
0
1
209
18
0
1
209
19
0
1
210
20
0
1
211
21
0
1
212
22
0
1
213
23
0
1
213
24
0
1
213
25
0
1
211
26
0
1
209
27
0
1
206
28
0
1
203
29
0
1
200
30
0
1
197
31
0
1
195
32
0
1
195
33
0
1
197
34
0
1
199
35
0
1
200
36
0
1
200
37
0
1
199
38
0
1
198
39
0
1
197
40
0
1
195
41
0
1
193
42
0
1
191
43
0
1
189
44
0
1
187
45
0
1
185
46
0
1
184
47
0
1
184
48
0
1
185
49
0
1
187
50
0
1
189
51
0
1
190
52
0
1
190
53
0
1
189
54
0
1
187
55
0
1
184
56
0
1
181
57
0
1
179
58
0
1
177
59
0
1
174
60
0
1
172
61
0
1
170
62
0
1
169
63
0
1
169
64
0
1
171
65
0
1
173
66
0
1
175
67
0
1
176
68
0
1
176
69
0
1
174
70
0
1
172
71
0
1
171
72
0
1
171
73
0
1
172
74
0
1
173
75
0
1
172
76
0
1
170
77
0
1
167
78
0
1
164
79
0
1
161
80
0
1
159
81
0
1
158
82
0
1
157
83
0
1
155
84
0
1
153
85
0
1
151
86
0
1
150
87
0
1
149
88
0
1
149
89
0
1
149
90
0
1
149
91
0
1
150
92
0
1
151
93
0
1
150
94
0
1
149
95
0
1
149
96
0
1
150
97
0
1
151
98
0
1
151
99
0
1
151
100
0
1
152
101
0
1
152
102
0
1
151
103
0
1
149
104
0
1
147
105
0
1
145
106
0
1
143
107
0
1
141
108
0
1
138
109
0
1
137
110
0
1
137
111
0
1
137
112
0
1
137
113
0
1
137
114
0
1
137
115
0
1
137
116
0
1
135
117
0
1
133
118
0
1
131
119
0
1
129
120
0
1
128
121
0
1
127
122
0
1
126
123
0
1
125
124
0
1
123
125
0
1
122
126
0
1
120
127
0
1
119
128
0
1
118
129
0
1
118
130
0
1
117
131
0
1
116
132
0
1
114
133
0
1
112
134
0
1
110
135
0
1
109
136
0
1
107
137
0
1
105
138
0
1
104
139
0
1
103
140
0
1
102
141
0
1
100
142
0
1
98
143
0
1
96
144
0
1
94
145
0
1
92
146
0
1
91
147
0
1
90
148
0
1
90
149
0
1
91
150
0
1
92
151
0
1
92
152
0
1
92
153
0
1
92
154
0
1
92
155
0
1
92
156
0
1
91
157
0
1
90
158
0
1
89
159
0
1
89
160
0
1
91
161
0
1
92
162
0
1
92
163
0
1
92
164
0
1
91
165
0
1
90
166
0
1
91
167
0
1
92
168
0
1
93
169
0
1
94
170
0
1
95
171
0
1
95
172
0
1
94
173
0
1
93
174
0
1
93
175
0
1
95
176
0
1
97
177
0
1
99
178
0
1
101
179
0
1
102
180
0
1
103
181
0
1
103
182
0
1
102
183
0
1
101
184
0
1
101
185
0
1
101
186
0
1
100
187
0
1
99
188
0
1
99
189
0
1
100
190
0
1
102
191
0
1
104
192
0
1
107
193
0
1
110
194
0
1
112
195
0
1
113
196
0
1
112
197
0
1
112
198
0
1
112
199
0
1
113
200
0
1
113
201
0
1
112
202
0
1
111
203
0
1
110
204
0
1
108
205
0
1
106
206
0
1
105
207
0
1
105
208
0
1
106
209
0
1
107
210
0
1
107
211
0
1
106
212
0
1
105
213
0
1
105
214
0
1
106
215
0
1
107
216
0
1
108
217
0
1
109
218
0
1
110
219
0
1
110
220
0
1
109
221
0
1
108
222
0
1
107
223
0
1
106
224
0
1
105
225
0
1
103
226
0
1
101
227
0
1
99
228
0
1
97
229
0
1
96
230
0
1
96
231
0
1
96
232
0
1
96
233
0
1
96
234
0
1
95
235
0
1
94
236
0
1
93
237
0
1
93
238
0
1
94
239
0
1
94
240
0
1
93
241
0
1
92
242
0
1
91
243
0
1
90
244
0
1
88
245
0
1
86
246
0
1
84
247
0
1
82
248
0
1
80
249
0
1
78
250
0
1
76
251
0
1
74
252
0
1
72
253
0
1
71
254
0
1
70
255
0
1
69
0
0
1
68
1
0
1
66
2
0
1
64
3
0
1
62
4
0
1
60
5
0
1
59
6
0
1
58
7
0
1
57
8
0
1
56
9
0
1
55
10
0
1
53
11
0
1
51
12
0
1
49
13
0
1
47
14
0
1
45
15
0
1
43
16
0
1
42
17
0
1
41
18
0
1
40
19
0
1
39
20
0
1
37
21
0
1
35
22
0
1
33
23
0
1
32
24
0
1
31
25
0
1
30
26
0
1
29
27
0
1
29
28
0
1
28
29
0
1
27
30
0
1
26
31
0
1
26
32
0
1
27
33
0
1
27
34
0
1
26
35
0
1
25
36
0
1
25
37
0
1
25
38
0
1
25
39
0
1
25
40
0
1
24
41
0
1
23
42
0
1
22
43
0
1
21
44
0
1
19
45
0
1
18
46
0
1
18
47
0
1
19
48
0
1
20
49
0
1
21
50
0
1
22
51
0
1
23
52
0
1
23
53
0
1
24
54
0
1
24
55
0
1
24
56
0
1
23
57
0
1
22
58
0
1
20
59
0
1
19
60
0
1
18
61
0
1
18
62
0
1
18
63
0
1
19
64
0
1
20
65
0
1
21
66
0
1
20
67
0
1
18
68
0
1
16
69
0
1
14
70
0
1
12
71
0
1
10
72
0
1
9
73
0
1
8
74
0
1
8
75
0
1
8
76
0
1
7
77
0
1
6
78
0
1
5
79
0
1
6
80
0
1
7
81
0
1
7
82
0
1
6
83
0
1
5
84
0
1
4
85
0
1
3
86
0
1
2
87
0
1
0
88
0
0
254
89
0
0
253
90
0
0
252
91
0
0
252
92
0
0
251
93
0
0
250
94
0
0
249
95
0
0
248
96
0
0
247
97
0
0
246
98
0
0
246
99
0
0
247
100
0
0
247
101
0
0
247
102
0
0
247
103
0
0
246
104
0
0
246
105
0
0
246
106
0
0
245
107
0
0
245
108
0
0
245
109
0
0
245
110
0
0
245
111
0
0
244
112
0
0
243
113
0
0
243
114
0
0
243
115
0
0
243
116
0
0
243
117
0
0
243
118
0
0
242
119
0
0
242
120
0
0
242
121
0
0
241
122
0
0
240
123
0
0
239
124
0
0
238
125
0
0
237
126
0
0
236
127
0
0
235
128
0
0
234
129
0
0
233
130
0
0
233
131
0
0
233
132
0
0
233
133
0
0
233
134
0
0
232
135
0
0
231
136
0
0
231
137
0
0
231
138
0
0
231
139
0
0
231
140
0
0
230
141
0
0
229
142
0
0
229
143
0
0
228
144
0
0
227
145
0
0
226
146
0
0
226
147
0
0
226
148
0
0
226
149
0
0
226
150
0
0
226
151
0
0
225
152
0
0
224
153
0
0
224
154
0
0
224
155
0
0
224
156
0
0
223
157
0
0
222
158
0
0
221
159
0
0
221
160
0
0
221
161
0
0
222
162
0
0
223
163
0
0
224
164
0
0
226
165
0
0
227
166
0
0
227
167
0
0
227
168
0
0
227
169
0
0
226
170
0
0
225
171
0
0
224
172
0
0
223
173
0
0
224
174
0
0
226
175
0
0
227
176
0
0
228
177
0
0
229
178
0
0
229
179
0
0
229
180
0
0
229
181
0
0
229
182
0
0
228
183
0
0
228
184
0
0
228
185
0
0
228
186
0
0
228
187
0
0
229
188
0
0
230
189
0
0
231
190
0
0
232
191
0
0
233
192
0
0
233
193
0
0
233
194
0
0
232
195
0
0
231
196
0
0
230
197
0
0
230
198
0
0
230
199
0
0
229
200
0
0
228
201
0
0
228
202
0
0
227
203
0
0
226
204
0
0
225
205
0
0
225
206
0
0
224
207
0
0
223
208
0
0
222
209
0
0
221
210
0
0
220
211
0
0
221
212
0
0
221
213
0
0
220
214
0
0
220
215
0
0
220
216
0
0
219
217
0
0
218
218
0
0
217
219
0
0
216
220
0
0
215
221
0
0
214
222
0
0
214
223
0
0
214
224
0
0
214
225
0
0
215
226
0
0
216
227
0
0
216
228
0
0
216
229
0
0
215
230
0
0
214
231
0
0
214
232
0
0
214
233
0
0
213
234
0
0
212
235
0
0
211
236
0
0
211
237
0
0
211
238
0
0
210
239
0
0
209
240
0
0
208
241
0
0
207
242
0
0
206
243
0
0
205
244
0
0
204
245
0
0
204
246
0
0
203
247
0
0
202
248
0
0
201
249
0
0
200
250
0
0
199
251
0
0
198
252
0
0
197
253
0
0
196
254
0
0
196
255
0
0
196
0
0
0
195
1
0
0
194
2
0
0
193
3
0
0
193
4
0
0
193
5
0
0
193
6
0
0
193
7
0
0
193
8
0
0
193
9
0
0
193
10
0
0
193
11
0
0
193
12
0
0
192
13
0
0
192
14
0
0
192
15
0
0
192
16
0
0
192
17
0
0
192
18
0
0
192
19
0
0
192
20
0
0
192
21
0
0
192
22
0
0
191
23
0
0
190
24
0
0
189
25
0
0
189
26
0
0
188
27
0
0
188
28
0
0
189
29
0
0
190
30
0
0
191
31
0
0
192
32
0
0
193
33
0
0
194
34
0
0
195
35
0
0
196
36
0
0
197
37
0
0
197
38
0
0
196
39
0
0
195
40
0
0
194
41
0
0
193
42
0
0
193
43
0
0
193
44
0
0
194
45
0
0
194
46
0
0
194
47
0
0
194
48
0
0
194
49
0
0
194
50
0
0
194
51
0
0
194
52
0
0
193
53
0
0
192
54
0
0
191
55
0
0
190
56
0
0
189
57
0
0
189
58
0
0
189
59
0
0
190
60
0
0
190
61
0
0
191
62
0
0
191
63
0
0
191
64
0
0
191
65
0
0
190
66
0
0
190
67
0
0
190
68
0
0
189
69
0
0
189
70
0
0
189
71
0
0
189
72
0
0
189
73
0
0
189
74
0
0
189
75
0
0
189
76
0
0
189
77
0
0
188
78
0
0
187
79
0
0
187
80
0
0
186
81
0
0
185
82
0
0
184
83
0
0
183
84
0
0
182
85
0
0
182
86
0
0
182
87
0
0
181
88
0
0
180
89
0
0
180
90
0
0
181
91
0
0
181
92
0
0
181
93
0
0
181
94
0
0
181
95
0
0
182
96
0
0
182
97
0
0
182
98
0
0
182
99
0
0
181
100
0
0
180
101
0
0
180
102
0
0
179
103
0
0
179
104
0
0
179
105
0
0
179
106
0
0
179
107
0
0
180
108
0
0
180
109
0
0
180
110
0
0
180
111
0
0
179
112
0
0
178
113
0
0
177
114
0
0
176
115
0
0
176
116
0
0
176
117
0
0
176
118
0
0
176
119
0
0
176
120
0
0
175
121
0
0
175
122
0
0
175
123
0
0
174
124
0
0
173
125
0
0
172
126
0
0
172
127
0
0
172
128
0
0
172
129
0
0
172
130
0
0
172
131
0
0
172
132
0
0
172
133
0
0
172
134
0
0
172
135
0
0
171
136
0
0
170
137
0
0
169
138
0
0
168
139
0
0
167
140
0
0
166
141
0
0
165
142
0
0
164
143
0
0
163
144
0
0
162
145
0
0
161
146
0
0
160
147
0
0
160
148
0
0
160
149
0
0
160
150
0
0
159
151
0
0
158
152
0
0
157
153
0
0
156
154
0
0
155
155
0
0
154
156
0
0
153
157
0
0
153
158
0
0
152
159
0
0
151
160
0
0
150
161
0
0
150
162
0
0
150
163
0
0
149
164
0
0
149
165
0
0
149
166
0
0
149
167
0
0
148
168
0
0
147
169
0
0
146
170
0
0
146
171
0
0
146
172
0
0
146
173
0
0
146
174
0
0
145
175
0
0
144
176
0
0
143
177
0
0
142
178
0
0
141
179
0
0
140
180
0
0
139
181
0
0
138
182
0
0
137
183
0
0
137
184
0
0
137
185
0
0
137
186
0
0
137
187
0
0
137
188
0
0
137
189
0
0
137
190
0
0
137
191
0
0
137
192
0
0
136
193
0
0
135
194
0
0
135
195
0
0
135
196
0
0
136
197
0
0
136
198
0
0
135
199
0
0
134
200
0
0
133
201
0
0
132
202
0
0
131
203
0
0
130
204
0
0
129
205
0
0
128
206
0
0
127
207
0
0
128
208
0
0
128
209
0
0
128
210
0
0
128
211
0
0
127
212
0
0
127
213
0
0
127
214
0
0
127
215
0
0
127
216
0
0
127
217
0
0
127
218
0
0
127
219
0
0
128
220
0
0
128
221
0
0
127
222
0
0
128
223
0
0
128
224
0
0
128
225
0
0
129
226
0
0
130
227
0
0
130
228
0
0
130
229
0
0
129
230
0
0
128
231
0
0
129
232
0
0
130
233
0
0
130
234
0
0
130
235
0
0
129
236
0
0
128
237
0
0
128
238
0
0
127
239
0
0
128
240
0
0
129
241
0
0
129
242
0
0
129
243
0
0
129
244
0
0
129
245
0
0
128
246
0
0
127
247
0
0
127
248
0
0
127
249
0
0
127
250
0
0
127
251
0
0
127
252
0
0
127
253
0
0
127
254
0
0
127
255
0
0
127
0
0
0
127
1
0
0
128
2
0
0
128
3
0
0
128
4
0
0
127
5
0
0
127
6
0
0
127
7
0
0
127
8
0
0
127
9
0
0
127
10
0
0
127
11
0
0
127
12
0
0
127
13
0
0
127
14
0
0
127
15
0
0
127
16
0
0
127
17
0
0
127
18
0
0
128
19
0
0
128
20
0
0
128
21
0
0
128
22
0
0
127
23
0
0
128
24
0
0
128
25
0
0
128
26
0
0
128
27
0
0
127
28
0
0
127
29
0
0
129
30
0
0
129
31
0
0
128
32
0
0
127
33
0
0
128
34
0
0
128
35
0
0
127
36
0
0
127
37
0
0
127
38
0
0
127
39
0
0
127
40
0
0
127
41
0
0
128
42
0
0
127
43
0
0
127
44
0
0
127
45
0
0
127
46
0
0
127
47
0
0
128
48
0
0
127
49
0
0
127
50
0
0
127
51
0
0
127
52
0
0
128
53
0
0
128
54
0
0
127
55
0
0
127
56
0
0
128
57
0
0
128
58
0
0
127
59
0
0
127
60
0
0
128
61
0
0
128
62
0
0
128
63
0
0
127
64
0
0
127
65
0
0
127
66
0
0
128
67
0
0
128
68
0
0
128
69
0
0
127
70
0
0
127
71
0
0
127
72
0
0
127
73
0
0
127
74
0
0
127
75
0
0
127
76
0
0
127
77
0
0
128
78
0
0
128
79
0
0
128
80
0
0
127
81
0
0
127
82
0
0
127
83
0
0
127
84
0
0
127
85
0
0
127
86
0
0
127
87
0
0
127
88
0
0
128
89
0
0
128
90
0
0
128
91
0
0
128
92
0
0
127
93
0
0
128
94
0
0
128
95
0
0
128
96
0
0
127
97
0
0
127
98
0
0
127
99
0
0
127
100
0
0
127
101
0
0
127
102
0
0
127
103
0
0
127
104
0
0
127
105
0
0
128
106
0
0
128
107
0
0
127
108
0
0
127
109
0
0
127
110
0
0
127
111
0
0
127
112
0
0
127
113
0
0
128
114
0
0
127
115
0
0
127
116
0
0
127
117
0
0
127
118
0
0
127
119
0
0
127
120
0
0
127
121
0
0
127
122
0
0
127
123
0
0
128
124
0
0
128
125
0
0
127
126
0
0
128
127
0
0
127
128
0
0
127
129
0
0
128
130
0
0
127
131
0
0
127
132
0
0
127
133
0
0
127
134
0
0
127
135
0
0
127
136
0
0
128
137
0
0
127
138
0
0
127
139
0
0
127
140
0
0
127
141
0
0
128
142
0
0
129
143
0
0
129
144
0
0
129
145
0
0
128
146
0
0
127
147
0
0
127
148
0
0
127
149
0
0
127
150
0
0
127
151
0
0
127
152
0
0
127
153
0
0
127
154
0
0
127
155
0
0
127
156
0
0
128
157
0
0
128
158
0
0
128
159
0
0
128
160
0
0
128
161
0
0
127
162
0
0
127
163
0
0
127
164
0
0
127
165
0
0
127
166
0
0
128
167
0
0
127
168
0
0
128
169
0
0
127
170
0
0
128
171
0
0
128
172
0
0
128
173
0
0
128
174
0
0
128
175
0
0
128
176
0
0
128
177
0
0
127
178
0
0
127
179
0
0
127
180
0
0
127
181
0
0
127
182
0
0
127
183
0
0
127
184
0
0
128
185
0
0
128
186
0
0
128
187
0
0
128
188
0
0
128
189
0
0
128
190
0
0
127
191
0
0
128
192
0
0
128
193
0
0
128
194
0
0
127
195
0
0
127
196
0
0
127
197
0
0
127
198
0
0
127
199
0
0
127
200
0
0
127
201
0
0
127
202
0
0
127
203
0
0
128
204
0
0
128
205
0
0
128
206
0
0
127
207
0
0
127
208
0
0
127
209
0
0
127
210
0
0
127
211
0
0
127
212
0
0
127
213
0
0
127
214
0
0
127
215
0
0
127
216
0
0
127
217
0
0
127
218
0
0
127
219
0
0
128
220
0
0
128
221
0
0
127
222
0
0
127
223
0
0
127
224
0
0
127
225
0
0
127
226
0
0
127
227
0
0
127
228
0
0
127
229
0
0
127
230
0
0
127
231
0
0
127
232
0
0
127
233
0
0
127
234
0
0
127
235
0
0
127
236
0
0
127
237
0
0
127
238
0
0
127
239
0
0
127
240
0
0
127
241
0
0
127
242
0
0
127
243
0
0
128
244
0
0
128
245
0
0
127
246
0
0
127
247
0
0
127
248
0
0
127
249
0
0
127
250
0
0
127
251
0
0
127
252
0
0
127
253
0
0
127
254
0
0
127
255
0
0
127
0
0
0
127
1
0
0
127
2
0
0
127
3
0
0
128
4
0
0
127
5
0
0
128
6
0
0
127
7
0
0
127
8
0
0
128
9
0
0
128
10
0
0
128
11
0
0
128
12
0
0
128
13
0
0
127
14
0
0
127
15
0
0
127
16
0
0
127
17
0
0
127
18
0
0
127
19
0
0
127
20
0
0
127
21
0
0
127
22
0
0
127
23
0
0
127
24
0
0
127
25
0
0
127
26
0
0
127
27
0
0
128
28
0
0
127
29
0
0
128
30
0
0
128
31
0
0
127
32
0
0
127
33
0
0
127
34
0
0
127
35
0
0
127
36
0
0
127
37
0
0
127
38
0
0
127
39
0
0
127
40
0
0
127
41
0
0
127
42
0
0
127
43
0
0
128
44
0
0
127
45
0
0
128
46
0
0
127
47
0
0
127
48
0
0
128
49
0
0
127
50
0
0
127
51
0
0
127
52
0
0
127
53
0
0
127
54
0
0
127
55
0
0
127
56
0
0
127
57
0
0
127
58
0
0
127
59
0
0
128
60
0
0
127
61
0
0
127
62
0
0
127
63
0
0
127
64
0
0
128
65
0
0
127
66
0
0
128
67
0
0
127
68
0
0
128
69
0
0
127
70
0
0
127
71
0
0
127
72
0
0
127
73
0
0
127
74
0
0
128
75
0
0
128
76
0
0
127
77
0
0
127
78
0
0
127
79
0
0
127
80
0
0
127
81
0
0
127
82
0
0
127
83
0
0
128
84
0
0
128
85
0
0
127
86
0
0
127
87
0
0
127
88
0
0
127
89
0
0
127
90
0
0
127
91
0
0
127
92
0
0
127
93
0
0
127
94
0
0
127
95
0
0
127
96
0
0
127
97
0
0
127
98
0
0
127
99
0
0
127
100
0
0
127
101
0
0
127
102
0
0
127
103
0
0
127
104
0
0
127
105
0
0
127
106
0
0
127
107
0
0
127
108
0
0
127
109
0
0
127
110
0
0
127
111
0
0
128
112
0
0
127
113
0
0
127
114
0
0
127
115
0
0
127
116
0
0
127
117
0
0
127
118
0
0
127
119
0
0
127
120
0
0
127
121
0
0
127
122
0
0
127
123
0
0
127
124
0
0
127
125
0
0
127
126
0
0
127
127
0
0
127
128
0
0
128
129
0
0
127
130
0
0
127
131
0
0
127
132
0
0
127
133
0
0
127
134
0
0
127
135
0
0
127
136
0
0
127
137
0
0
127
138
0
0
127
139
0
0
127
140
0
0
127
141
0
0
127
142
0
0
128
143
0
0
128
144
0
0
128
145
0
0
127
146
0
0
127
147
0
0
128
148
0
0
127
149
0
0
127
150
0
0
127
151
0
0
127
152
0
0
127
153
0
0
128
154
0
0
127
155
0
0
127
156
0
0
127
157
0
0
128
158
0
0
127
159
0
0
127
160
0
0
127
161
0
0
128
162
0
0
127
163
0
0
127
164
0
0
127
165
0
0
127
166
0
0
127
167
0
0
127
168
0
0
127
169
0
0
127
170
0
0
127
171
0
0
127
172
0
0
127
173
0
0
127
174
0
0
127
175
0
0
127
176
0
0
127
177
0
0
127
178
0
0
127
179
0
0
127
180
0
0
127
181
0
0
127
182
0
0
127
183
0
0
128
184
0
0
127
185
0
0
127
186
0
0
127
187
0
0
127
188
0
0
127
189
0
0
127
190
0
0
127
191
0
0
127
192
0
0
127
193
0
0
127
194
0
0
127
195
0
0
127
196
0
0
127
197
0
0
127
198
0
0
128
199
0
0
127
200
0
0
127
201
0
0
127
202
0
0
128
203
0
0
127
204
0
0
127
205
0
0
128
206
0
0
128
207
0
0
128
208
0
0
128
209
0
0
128
210
0
0
128
211
0
0
128
212
0
0
127
213
0
0
127
214
0
0
128
215
0
0
129
216
0
0
129
217
0
0
129
218
0
0
129
219
0
0
129
220
0
0
129
221
0
0
128
222
0
0
128
223
0
0
129
224
0
0
129
225
0
0
129
226
0
0
129
227
0
0
128
228
0
0
128
229
0
0
128
230
0
0
128
231
0
0
127
232
0
0
128
233
0
0
128
234
0
0
128
235
0
0
128
236
0
0
128
237
0
0
128
238
0
0
127
239
0
0
128
240
0
0
128
241
0
0
127
242
0
0
128
243
0
0
128
244
0
0
127
245
0
0
127
246
0
0
127
247
0
0
128
248
0
0
128
249
0
0
127
250
0
0
128
251
0
0
128
252
0
0
128
253
0
0
127
254
0
0
127
255
0
0
127
0
0
0
127
1
0
0
127
2
0
0
127
3
0
0
127
4
0
0
127
5
0
0
127
6
0
0
127
7
0
0
127
8
0
0
127
9
0
0
127
10
0
0
127
11
0
0
127
12
0
0
127
13
0
0
127
14
0
0
127
15
0
0
127
16
0
0
127
17
0
0
127
18
0
0
127
19
0
0
127
20
0
0
127
21
0
0
127
22
0
0
127
23
0
0
127
24
0
0
128
25
0
0
128
26
0
0
127
27
0
0
127
28
0
0
128
29
0
0
128
30
0
0
128
31
0
0
127
32
0
0
128
33
0
0
127
34
0
0
128
35
0
0
128
36
0
0
128
37
0
0
128
38
0
0
128
39
0
0
128
40
0
0
127
41
0
0
128
42
0
0
128
43
0
0
128
44
0
0
127
45
0
0
127
46
0
0
127
47
0
0
127
48
0
0
127
49
0
0
127
50
0
0
127
51
0
0
127
52
0
0
127
53
0
0
127
54
0
0
127
55
0
0
127
56
0
0
127
57
0
0
128
58
0
0
127
59
0
0
127
60
0
0
127
61
0
0
128
62
0
0
127
63
0
0
127
64
0
0
127
65
0
0
127
66
0
0
128
67
0
0
127
68
0
0
127
69
0
0
128
70
0
0
127
71
0
0
128
72
0
0
127
73
0
0
127
74
0
0
127
75
0
0
127
76
0
0
128
77
0
0
127
78
0
0
127
79
0
0
128
80
0
0
127
81
0
0
127
82
0
0
127
83
0
0
127
84
0
0
127
85
0
0
127
86
0
0
127
87
0
0
127
88
0
0
127
89
0
0
127
90
0
0
127
91
0
0
127
92
0
0
127
93
0
0
128
94
0
0
127
95
0
0
127
96
0
0
127
97
0
0
127
98
0
0
127
99
0
0
128
100
0
0
127
101
0
0
127
102
0
0
128
103
0
0
128
104
0
0
128
105
0
0
127
106
0
0
127
107
0
0
127
108
0
0
127
109
0
0
127
110
0
0
127
111
0
0
127
112
0
0
127
113
0
0
128
114
0
0
128
115
0
0
128
116
0
0
127
117
0
0
127
118
0
0
128
119
0
0
127
120
0
0
127
121
0
0
127
122
0
0
127
123
0
0
127
124
0
0
127
125
0
0
127
126
0
0
128
127
0
0
127
128
0
0
128
129
0
0
127
130
0
0
127
131
0
0
128
132
0
0
128
133
0
0
128
134
0
0
127
135
0
0
128
136
0
0
128
137
0
0
128
138
0
0
128
139
0
0
128
140
0
0
127
141
0
0
127
142
0
0
127
143
0
0
127
144
0
0
127
145
0
0
128
146
0
0
128
147
0
0
128
148
0
0
127
149
0
0
127
150
0
0
127
151
0
0
127
152
0
0
127
153
0
0
127
154
0
0
127
155
0
0
128
156
0
0
128
157
0
0
128
158
0
0
128
159
0
0
128
160
0
0
127
161
0
0
127
162
0
0
127
163
0
0
127
164
0
0
127
165
0
0
127
166
0
0
127
167
0
0
127
168
0
0
127
169
0
0
127
170
0
0
127
171
0
0
127
172
0
0
127
173
0
0
127
174
0
0
127
175
0
0
127
176
0
0
127
177
0
0
127
178
0
0
127
179
0
0
128
180
0
0
127
181
0
0
127
182
0
0
128
183
0
0
128
184
0
0
127
185
0
0
127
186
0
0
127
187
0
0
127
188
0
0
127
189
0
0
127
190
0
0
128
191
0
0
128
192
0
0
127
193
0
0
128
194
0
0
127
195
0
0
127
196
0
0
127
197
0
0
128
198
0
0
128
199
0
0
128
200
0
0
127
201
0
0
127
202
0
0
127
203
0
0
128
204
0
0
128
205
0
0
127
206
0
0
127
207
0
0
127
208
0
0
128
209
0
0
127
210
0
0
127
211
0
0
127
212
0
0
128
213
0
0
127
214
0
0
128
215
0
0
127
216
0
0
127
217
0
0
127
218
0
0
128
219
0
0
127
220
0
0
127
221
0
0
127
222
0
0
127
223
0
0
127
224
0
0
128
225
0
0
127
226
0
0
128
227
0
0
127
228
0
0
127
229
0
0
127
230
0
0
127
231
0
0
128
232
0
0
128
233
0
0
128
234
0
0
127
235
0
0
127
236
0
0
127
237
0
0
128
238
0
0
127
239
0
0
127
240
0
0
127
241
0
0
127
242
0
0
127
243
0
0
127
244
0
0
127
245
0
0
127
246
0
0
127
247
0
0
127
248
0
0
127
249
0
0
127
250
0
0
127
251
0
0
127
252
0
0
127
253
0
0
127
254
0
0
127
255
0
0
127
0
0
0
127
1
0
0
127
2
0
0
127
3
0
0
128
4
0
0
128
5
0
0
128
6
0
0
127
7
0
0
127
8
0
0
127
9
0
0
127
10
0
0
127
11
0
0
127
12
0
0
127
13
0
0
127
14
0
0
128
15
0
0
128
16
0
0
128
17
0
0
128
18
0
0
128
19
0
0
127
20
0
0
127
21
0
0
127
22
0
0
127
23
0
0
128
24
0
0
127
25
0
0
127
26
0
0
127
27
0
0
128
28
0
0
128
29
0
0
128
30
0
0
128
31
0
0
128
32
0
0
128
33
0
0
127
34
0
0
127
35
0
0
127
36
0
0
127
37
0
0
127
38
0
0
127
39
0
0
127
40
0
0
127
41
0
0
127
42
0
0
127
43
0
0
127
44
0
0
127
45
0
0
127
46
0
0
127
47
0
0
127
48
0
0
127
49
0
0
127
50
0
0
127
51
0
0
127
52
0
0
127
53
0
0
127
54
0
0
127
55
0
0
127
56
0
0
127
57
0
0
127
58
0
0
127
59
0
0
127
60
0
0
128
61
0
0
127
62
0
0
127
63
0
0
127
64
0
0
127
65
0
0
127
66
0
0
127
67
0
0
127
68
0
0
128
69
0
0
127
70
0
0
127
71
0
0
127
72
0
0
127
73
0
0
127
74
0
0
127
75
0
0
128
76
0
0
127
77
0
0
127
78
0
0
127
79
0
0
127
80
0
0
128
81
0
0
127
82
0
0
127
83
0
0
127
84
0
0
127
85
0
0
128
86
0
0
127
87
0
0
127
88
0
0
127
89
0
0
127
90
0
0
127
91
0
0
127
92
0
0
127
93
0
0
128
94
0
0
128
95
0
0
127
96
0
0
128
97
0
0
128
98
0
0
128
99
0
0
127
100
0
0
127
101
0
0
127
102
0
0
127
103
0
0
128
104
0
0
127
105
0
0
127
106
0
0
127
107
0
0
127
108
0
0
127
109
0
0
127
110
0
0
127
111
0
0
127
112
0
0
127
113
0
0
127
114
0
0
127
115
0
0
127
116
0
0
127
117
0
0
127
118
0
0
127
119
0
0
127
120
0
0
127
121
0
0
127
122
0
0
127
123
0
0
127
124
0
0
127
125
0
0
128
126
0
0
128
127
0
0
127
128
0
0
127
129
0
0
127
130
0
0
127
131
0
0
128
132
0
0
127
133
0
0
127
134
0
0
127
135
0
0
127
136
0
0
127
137
0
0
127
138
0
0
127
139
0
0
127
140
0
0
128
141
0
0
128
142
0
0
127
143
0
0
128
144
0
0
128
145
0
0
128
146
0
0
127
147
0
0
127
148
0
0
128
149
0
0
128
150
0
0
127
151
0
0
127
152
0
0
127
153
0
0
128
154
0
0
128
155
0
0
128
156
0
0
127
157
0
0
128
158
0
0
128
159
0
0
128
160
0
0
127
161
0
0
127
162
0
0
127
163
0
0
127
164
0
0
127
165
0
0
127
166
0
0
127
167
0
0
127
168
0
0
127
169
0
0
128
170
0
0
127
171
0
0
127
172
0
0
127
173
0
0
127
174
0
0
127
175
0
0
127
176
0
0
127
177
0
0
127
178
0
0
127
179
0
0
127
180
0
0
127
181
0
0
127
182
0
0
127
183
0
0
128
184
0
0
127
185
0
0
127
186
0
0
127
187
0
0
127
188
0
0
127
189
0
0
127
190
0
0
128
191
0
0
128
192
0
0
128
193
0
0
128
194
0
0
128
195
0
0
128
196
0
0
128
197
0
0
127
198
0
0
128
199
0
0
127
200
0
0
127
201
0
0
127
202
0
0
127
203
0
0
127
204
0
0
127
205
0
0
127
206
0
0
127
207
0
0
127
208
0
0
127
209
0
0
127
210
0
0
127
211
0
0
127
212
0
0
127
213
0
0
127
214
0
0
127
215
0
0
127
216
0
0
127
217
0
0
127
218
0
0
127
219
0
0
128
220
0
0
127
221
0
0
127
222
0
0
127
223
0
0
127
224
0
0
127
225
0
0
127
226
0
0
127
227
0
0
127
228
0
0
127
229
0
0
127
230
0
0
127
231
0
0
127
232
0
0
127
233
0
0
127
234
0
0
127
235
0
0
127
236
0
0
127
237
0
0
127
238
0
0
127
239
0
0
128
240
0
0
128
241
0
0
127
242
0
0
127
243
0
0
127
244
0
0
127
245
0
0
128
246
0
0
127
247
0
0
127
248
0
0
127
249
0
0
127
250
0
0
127
251
0
0
127
252
0
0
127
253
0
0
127
254
0
0
128
255
0
0
127
0
0
0
127
1
0
0
127
2
0
0
127
3
0
0
127
4
0
0
127
5
0
0
127
6
0
0
127
7
0
0
127
8
0
0
127
9
0
0
127
10
0
0
127
11
0
0
127
12
0
0
127
13
0
0
127
14
0
0
127
15
0
0
128
16
0
0
127
17
0
0
127
18
0
0
127
19
0
0
127
20
0
0
127
21
0
0
127
22
0
0
127
23
0
0
127
24
0
0
127
25
0
0
127
26
0
0
127
27
0
0
127
28
0
0
128
29
0
0
128
30
0
0
128
31
0
0
127
32
0
0
127
33
0
0
127
34
0
0
127
35
0
0
127
36
0
0
127
37
0
0
127
38
0
0
127
39
0
0
127
40
0
0
127
41
0
0
127
42
0
0
127
43
0
0
127
44
0
0
127
45
0
0
127
46
0
0
127
47
0
0
127
48
0
0
127
49
0
0
127
50
0
0
127
51
0
0
127
52
0
0
127
53
0
0
127
54
0
0
127
55
0
0
127
56
0
0
127
57
0
0
127
58
0
0
127
59
0
0
127
60
0
0
127
61
0
0
127
62
0
0
127
63
0
0
127
64
0
0
127
65
0
0
127
66
0
0
127
67
0
0
127
68
0
0
128
69
0
0
127
70
0
0
128
71
0
0
127
72
0
0
127
73
0
0
128
74
0
0
128
75
0
0
128
76
0
0
128
77
0
0
128
78
0
0
128
79
0
0
128
80
0
0
128
81
0
0
128
82
0
0
128
83
0
0
127
84
0
0
128
85
0
0
128
86
0
0
127
87
0
0
127
88
0
0
128
89
0
0
128
90
0
0
127
91
0
0
127
92
0
0
127
93
0
0
127
94
0
0
127
95
0
0
127
96
0
0
127
97
0
0
127
98
0
0
127
99
0
0
127
100
0
0
128
101
0
0
128
102
0
0
127
103
0
0
127
104
0
0
127
105
0
0
127
106
0
0
127
107
0
0
127
108
0
0
127
109
0
0
127
110
0
0
127
111
0
0
127
112
0
0
127
113
0
0
127
114
0
0
127
115
0
0
127
116
0
0
127
117
0
0
127
118
0
0
128
119
0
0
128
120
0
0
128
121
0
0
127
122
0
0
127
123
0
0
127
124
0
0
127
125
0
0
127
126
0
0
127
127
0
0
127
128
0
0
127
129
0
0
127
130
0
0
127
131
0
0
127
132
0
0
127
133
0
0
127
134
0
0
127
135
0
0
127
136
0
0
127
137
0
0
127
138
0
0
127
139
0
0
127
140
0
0
127
141
0
0
127
142
0
0
127
143
0
0
127
144
0
0
127
145
0
0
127
146
0
0
127
147
0
0
127
148
0
0
127
149
0
0
127
150
0
0
127
151
0
0
127
152
0
0
127
153
0
0
127
154
0
0
128
155
0
0
127
156
0
0
128
157
0
0
127
158
0
0
128
159
0
0
127
160
0
0
127
161
0
0
127
162
0
0
127
163
0
0
127
164
0
0
127
165
0
0
127
166
0
0
127
167
0
0
127
168
0
0
127
169
0
0
127
170
0
0
127
171
0
0
128
172
0
0
127
173
0
0
127
174
0
0
127
175
0
0
127
176
0
0
127
177
0
0
127
178
0
0
127
179
0
0
128
180
0
0
128
181
0
0
128
182
0
0
128
183
0
0
127
184
0
0
127
185
0
0
127
186
0
0
128
187
0
0
127
188
0
0
127
189
0
0
127
190
0
0
127
191
0
0
127
192
0
0
127
193
0
0
127
194
0
0
127
195
0
0
127
196
0
0
127
197
0
0
127
198
0
0
127
199
0
0
127
200
0
0
127
201
0
0
127
202
0
0
127
203
0
0
127
204
0
0
127
205
0
0
127
206
0
0
127
207
0
0
127
208
0
0
127
209
0
0
127
210
0
0
127
211
0
0
127
212
0
0
127
213
0
0
127
214
0
0
127
215
0
0
127
216
0
0
127
217
0
0
127
218
0
0
127
219
0
0
127
220
0
0
127
221
0
0
127
222
0
0
127
223
0
0
127
224
0
0
127
225
0
0
127
226
0
0
127
227
0
0
127
228
0
0
127
229
0
0
127
230
0
0
127
231
0
0
127
232
0
0
127
233
0
0
127
234
0
0
128
235
0
0
128
236
0
0
128
237
0
0
128
238
0
0
127
239
0
0
127
240
0
0
127
241
0
0
127
242
0
0
127
243
0
0
127
244
0
0
127
245
0
0
127
246
0
0
127
247
0
0
127
248
0
0
127
249
0
0
127
250
0
0
127
251
0
0
127
252
0
0
127
253
0
0
127
254
0
0
127
255
0
0
128
0
0
0
128
1
0
0
127
2
0
0
127
3
0
0
128
4
0
0
127
5
0
0
127
6
0
0
127
7
0
0
127
8
0
0
127
9
0
0
127
10
0
0
127
11
0
0
127
12
0
0
127
13
0
0
127
14
0
0
127
15
0
0
127
16
0
0
127
17
0
0
127
18
0
0
127
19
0
0
127
20
0
0
127
21
0
0
127
22
0
0
127
23
0
0
127
24
0
0
127
25
0
0
127
26
0
0
128
27
0
0
127
28
0
0
127
29
0
0
127
30
0
0
127
31
0
0
127
32
0
0
127
33
0
0
127
34
0
0
127
35
0
0
127
36
0
0
127
37
0
0
127
38
0
0
127
39
0
0
127
40
0
0
127
41
0
0
127
42
0
0
127
43
0
0
127
44
0
0
127
45
0
0
127
46
0
0
127
47
0
0
127
48
0
0
127
49
0
0
127
50
0
0
127
51
0
0
127
52
0
0
127
53
0
0
127
54
0
0
127
55
0
0
127
56
0
0
127
57
0
0
127
58
0
0
127
59
0
0
127
60
0
0
127
61
0
0
127
62
0
0
127
63
0
0
127
64
0
0
127
65
0
0
127
66
0
0
127
67
0
0
127
68
0
0
127
69
0
0
127
70
0
0
127
71
0
0
127
72
0
0
127
73
0
0
127
74
0
0
127
75
0
0
127
76
0
0
127
77
0
0
127
78
0
0
127
79
0
0
127
80
0
0
127
81
0
0
127
82
0
0
127
83
0
0
127
84
0
0
127
85
0
0
127
86
0
0
128
87
0
0
127
88
0
0
127
89
0
0
127
90
0
0
127
91
0
0
127
92
0
0
127
93
0
0
127
94
0
0
128
95
0
0
128
96
0
0
127
97
0
0
127
98
0
0
127
99
0
0
127
100
0
0
127
101
0
0
127
102
0
0
127
103
0
0
127
104
0
0
127
105
0
0
127
106
0
0
127
107
0
0
127
108
0
0
127
109
0
0
127
110
0
0
127
111
0
0
127
112
0
0
127
113
0
0
127
114
0
0
127
115
0
0
127
116
0
0
127
117
0
0
127
118
0
0
127
119
0
0
127
120
0
0
127
121
0
0
127
122
0
0
127
123
0
0
127
124
0
0
127
125
0
0
127
126
0
0
127
127
0
0
127
128
0
0
127
129
0
0
127
130
0
0
127
131
0
0
127
132
0
0
127
133
0
0
127
134
0
0
127
135
0
0
127
136
0
0
127
137
0
0
127
138
0
0
127
139
0
0
127
140
0
0
127
141
0
0
127
142
0
0
127
143
0
0
128
144
0
0
127
145
0
0
127
146
0
0
127
147
0
0
127
148
0
0
127
149
0
0
127
150
0
0
127
151
0
0
127
152
0
0
127
153
0
0
127
154
0
0
127
155
0
0
127
156
0
0
127
157
0
0
127
158
0
0
127
159
0
0
127
160
0
0
127
161
0
0
127
162
0
0
127
163
0
0
127
164
0
0
127
165
0
0
127
166
0
0
127
167
0
0
127
168
0
0
127
169
0
0
127
170
0
0
127
171
0
0
127
172
0
0
127
173
0
0
127
174
0
0
127
175
0
0
127
176
0
0
127
177
0
0
127
178
0
0
127
179
0
0
127
180
0
0
127
181
0
0
127
182
0
0
128
183
0
0
128
184
0
0
127
185
0
0
127
186
0
0
127
187
0
0
127
188
0
0
127
189
0
0
127
190
0
0
127
191
0
0
127
192
0
0
128
193
0
0
128
194
0
0
127
195
0
0
127
196
0
0
127
197
0
0
127
198
0
0
127
199
0
0
127
200
0
0
127
201
0
0
127
202
0
0
127
203
0
0
127
204
0
0
127
205
0
0
127
206
0
0
127
207
0
0
127
208
0
0
127
209
0
0
127
210
0
0
127
211
0
0
127
212
0
0
127
213
0
0
127
214
0
0
127
215
0
0
127
216
0
0
128
217
0
0
128
218
0
0
127
219
0
0
127
220
0
0
127
221
0
0
127
222
0
0
127
223
0
0
127
224
0
0
127
225
0
0
127
226
0
0
127
227
0
0
127
228
0
0
127
229
0
0
127
230
0
0
127
231
0
0
127
232
0
0
127
233
0
0
127
234
0
0
127
235
0
0
127
236
0
0
127
237
0
0
127
238
0
0
127
239
0
0
127
240
0
0
127
241
0
0
127
242
0
0
127
243
0
0
127
244
0
0
127
245
0
0
127
246
0
0
127
247
0
0
127
248
0
0
127
249
0
0
127
250
0
0
127
251
0
0
127
252
0
0
127
253
0
0
127
254
0
0
127
255
0
0
127
0
0
0
127
1
0
0
127
2
0
0
127
3
0
0
127
4
0
0
127
5
0
0
128
6
0
0
127
7
0
0
127
8
0
0
127
9
0
0
127
10
0
0
128
11
0
0
128
12
0
0
128
13
0
0
128
14
0
0
127
15
0
0
127
16
0
0
128
17
0
0
128
18
0
0
128
19
0
0
127
20
0
0
128
21
0
0
128
22
0
0
128
23
0
0
128
24
0
0
128
25
0
0
127
26
0
0
128
27
0
0
128
28
0
0
128
29
0
0
129
30
0
0
129
31
0
0
129
32
0
0
129
33
0
0
129
34
0
0
129
35
0
0
128
36
0
0
127
37
0
0
127
38
0
0
127
39
0
0
128
40
0
0
128
41
0
0
129
42
0
0
129
43
0
0
130
44
0
0
130
45
0
0
131
46
0
0
132
47
0
0
132
48
0
0
133
49
0
0
134
50
0
0
135
51
0
0
136
52
0
0
136
53
0
0
138
54
0
0
140
55
0
0
142
56
0
0
147
57
0
0
149
58
0
0
152
59
0
0
155
60
0
0
156
61
0
0
157
62
0
0
157
63
0
0
157
64
0
0
157
65
0
0
157
66
0
0
158
67
0
0
158
68
0
0
157
69
0
0
156
70
0
0
156
71
0
0
155
72
0
0
155
73
0
0
157
74
0
0
158
75
0
0
159
76
0
0
161
77
0
0
161
78
0
0
162
79
0
0
162
80
0
0
162
81
0
0
162
82
0
0
161
83
0
0
160
84
0
0
159
85
0
0
158
86
0
0
157
87
0
0
157
88
0
0
157
89
0
0
157
90
0
0
157
91
0
0
157
92
0
0
156
93
0
0
155
94
0
0
154
95
0
0
153
96
0
0
152
97
0
0
151
98
0
0
150
99
0
0
149
100
0
0
149
101
0
0
149
102
0
0
149
103
0
0
150
104
0
0
150
105
0
0
150
106
0
0
149
107
0
0
148
108
0
0
147
109
0
0
146
110
0
0
146
111
0
0
145
112
0
0
144
113
0
0
143
114
0
0
143
115
0
0
144
116
0
0
145
117
0
0
145
118
0
0
145
119
0
0
144
120
0
0
144
121
0
0
144
122
0
0
144
123
0
0
144
124
0
0
144
125
0
0
143
126
0
0
144
127
0
0
144
128
0
0
145
129
0
0
147
130
0
0
147
131
0
0
148
132
0
0
148
133
0
0
148
134
0
0
147
135
0
0
146
136
0
0
146
137
0
0
145
138
0
0
145
139
0
0
145
140
0
0
145
141
0
0
145
142
0
0
145
143
0
0
145
144
0
0
145
145
0
0
145
146
0
0
145
147
0
0
145
148
0
0
145
149
0
0
146
150
0
0
148
151
0
0
149
152
0
0
149
153
0
0
150
154
0
0
152
155
0
0
153
156
0
0
154
157
0
0
154
158
0
0
154
159
0
0
155
160
0
0
157
161
0
0
159
162
0
0
160
163
0
0
160
164
0
0
160
165
0
0
160
166
0
0
159
167
0
0
159
168
0
0
159
169
0
0
159
170
0
0
159
171
0
0
159
172
0
0
159
173
0
0
159
174
0
0
159
175
0
0
160
176
0
0
160
177
0
0
160
178
0
0
159
179
0
0
158
180
0
0
157
181
0
0
156
182
0
0
155
183
0
0
155
184
0
0
155
185
0
0
155
186
0
0
155
187
0
0
155
188
0
0
155
189
0
0
154
190
0
0
154
191
0
0
154
192
0
0
153
193
0
0
153
194
0
0
153
195
0
0
153
196
0
0
152
197
0
0
151
198
0
0
150
199
0
0
149
200
0
0
149
201
0
0
149
202
0
0
150
203
0
0
150
204
0
0
151
205
0
0
151
206
0
0
152
207
0
0
152
208
0
0
152
209
0
0
152
210
0
0
152
211
0
0
152
212
0
0
152
213
0
0
151
214
0
0
150
215
0
0
150
216
0
0
150
217
0
0
149
218
0
0
149
219
0
0
148
220
0
0
147
221
0
0
146
222
0
0
145
223
0
0
144
224
0
0
144
225
0
0
144
226
0
0
143
227
0
0
142
228
0
0
141
229
0
0
140
230
0
0
139
231
0
0
138
232
0
0
137
233
0
0
136
234
0
0
135
235
0
0
135
236
0
0
134
237
0
0
133
238
0
0
133
239
0
0
133
240
0
0
132
241
0
0
131
242
0
0
130
243
0
0
129
244
0
0
128
245
0
0
127
246
0
0
127
247
0
0
127
248
0
0
127
249
0
0
127
250
0
0
128
251
0
0
128
252
0
0
128
253
0
0
128
254
0
0
128
255
0
0
129
0
0
0
129
1
0
0
129
2
0
0
129
3
0
0
129
4
0
0
129
5
0
0
129
6
0
0
129
7
0
0
129
8
0
0
129
9
0
0
129
10
0
0
129
11
0
0
129
12
0
0
128
13
0
0
127
14
0
0
127
15
0
0
127
16
0
0
127
17
0
0
127
18
0
0
128
19
0
0
127
20
0
0
128
21
0
0
129
22
0
0
129
23
0
0
129
24
0
0
129
25
0
0
128
26
0
0
127
27
0
0
127
28
0
0
128
29
0
0
128
30
0
0
128
31
0
0
127
32
0
0
127
33
0
0
127
34
0
0
127
35
0
0
127
36
0
0
127
37
0
0
127
38
0
0
127
39
0
0
127
40
0
0
127
41
0
0
127
42
0
0
128
43
0
0
128
44
0
0
128
45
0
0
127
46
0
0
127
47
0
0
127
48
0
0
128
49
0
0
128
50
0
0
128
51
0
0
128
52
0
0
127
53
0
0
127
54
0
0
127
55
0
0
127
56
0
0
127
57
0
0
128
58
0
0
128
59
0
0
127
60
0
0
127
61
0
0
127
62
0
0
127
63
0
0
127
64
0
0
127
65
0
0
127
66
0
0
127
67
0
0
127
68
0
0
127
69
0
0
127
70
0
0
127
71
0
0
127
72
0
0
127
73
0
0
127
74
0
0
127
75
0
0
127
76
0
0
127
77
0
0
127
78
0
0
127
79
0
0
127
80
0
0
127
81
0
0
127
82
0
0
127
83
0
0
127
84
0
0
127
85
0
0
128
86
0
0
128
87
0
0
128
88
0
0
127
89
0
0
127
90
0
0
127
91
0
0
127
92
0
0
127
93
0
0
127
94
0
0
127
95
0
0
127
96
0
0
127
97
0
0
127
98
0
0
127
99
0
0
127
100
0
0
127
101
0
0
127
102
0
0
127
103
0
0
127
104
0
0
127
105
0
0
127
106
0
0
127
107
0
0
127
108
0
0
127
109
0
0
128
110
0
0
127
111
0
0
128
112
0
0
129
113
0
0
129
114
0
0
129
115
0
0
129
116
0
0
129
117
0
0
130
118
0
0
130
119
0
0
130
120
0
0
129
121
0
0
128
122
0
0
127
123
0
0
128
124
0
0
127
125
0
0
128
126
0
0
127
127
0
0
128
128
0
0
128
129
0
0
128
130
0
0
127
131
0
0
127
132
0
0
127
133
0
0
127
134
0
0
127
135
0
0
127
136
0
0
127
137
0
0
127
138
0
0
127
139
0
0
128
140
0
0
128
141
0
0
128
142
0
0
128
143
0
0
127
144
0
0
128
145
0
0
128
146
0
0
127
147
0
0
127
148
0
0
127
149
0
0
127
150
0
0
128
151
0
0
128
152
0
0
127
153
0
0
128
154
0
0
127
155
0
0
127
156
0
0
127
157
0
0
127
158
0
0
127
159
0
0
127
160
0
0
127
161
0
0
127
162
0
0
127
163
0
0
127
164
0
0
127
165
0
0
127
166
0
0
127
167
0
0
127
168
0
0
127
169
0
0
127
170
0
0
127
171
0
0
127
172
0
0
127
173
0
0
127
174
0
0
127
175
0
0
127
176
0
0
127
177
0
0
127
178
0
0
128
179
0
0
128
180
0
0
127
181
0
0
128
182
0
0
128
183
0
0
127
184
0
0
127
185
0
0
127
186
0
0
128
187
0
0
127
188
0
0
127
189
0
0
128
190
0
0
127
191
0
0
127
192
0
0
127
193
0
0
127
194
0
0
127
195
0
0
127
196
0
0
127
197
0
0
128
198
0
0
127
199
0
0
127
200
0
0
127
201
0
0
127
202
0
0
127
203
0
0
127
204
0
0
127
205
0
0
127
206
0
0
128
207
0
0
128
208
0
0
128
209
0
0
128
210
0
0
127
211
0
0
127
212
0
0
127
213
0
0
127
214
0
0
127
215
0
0
127
216
0
0
127
217
0
0
127
218
0
0
127
219
0
0
127
220
0
0
127
221
0
0
128
222
0
0
127
223
0
0
127
224
0
0
127
225
0
0
128
226
0
0
128
227
0
0
128
228
0
0
128
229
0
0
127
230
0
0
127
231
0
0
127
232
0
0
128
233
0
0
128
234
0
0
127
235
0
0
127
236
0
0
127
237
0
0
127
238
0
0
127
239
0
0
127
240
0
0
127
241
0
0
127
242
0
0
127
243
0
0
128
244
0
0
127
245
0
0
127
246
0
0
128
247
0
0
128
248
0
0
128
249
0
0
127
250
0
0
127
251
0
0
127
252
0
0
128
253
0
0
127
254
0
0
127
255
0
0
127
0
0
0
127
1
0
0
127
2
0
0
128
3
0
0
128
4
0
0
128
5
0
0
129
6
0
0
130
7
0
0
130
8
0
0
130
9
0
0
130
10
0
0
130
11
0
0
130
12
0
0
130
13
0
0
130
14
0
0
129
15
0
0
128
16
0
0
127
17
0
0
128
18
0
0
127
19
0
0
127
20
0
0
128
21
0
0
127
22
0
0
127
23
0
0
127
24
0
0
127
25
0
0
127
26
0
0
127
27
0
0
127
28
0
0
127
29
0
0
127
30
0
0
127
31
0
0
128
32
0
0
128
33
0
0
127
34
0
0
127
35
0
0
127
36
0
0
127
37
0
0
127
38
0
0
128
39
0
0
127
40
0
0
127
41
0
0
127
42
0
0
127
43
0
0
127
44
0
0
127
45
0
0
127
46
0
0
127
47
0
0
127
48
0
0
127
49
0
0
127
50
0
0
127
51
0
0
127
52
0
0
127
53
0
0
127
54
0
0
128
55
0
0
127
56
0
0
127
57
0
0
128
58
0
0
128
59
0
0
127
60
0
0
128
61
0
0
128
62
0
0
128
63
0
0
127
64
0
0
127
65
0
0
127
66
0
0
127
67
0
0
127
68
0
0
127
69
0
0
128
70
0
0
127
71
0
0
127
72
0
0
127
73
0
0
127
74
0
0
127
75
0
0
127
76
0
0
127
77
0
0
127
78
0
0
127
79
0
0
127
80
0
0
127
81
0
0
127
82
0
0
127
83
0
0
128
84
0
0
128
85
0
0
127
86
0
0
127
87
0
0
127
88
0
0
127
89
0
0
127
90
0
0
127
91
0
0
127
92
0
0
127
93
0
0
128
94
0
0
127
95
0
0
127
96
0
0
127
97
0
0
127
98
0
0
127
99
0
0
128
100
0
0
128
101
0
0
128
102
0
0
128
103
0
0
128
104
0
0
128
105
0
0
127
106
0
0
128
107
0
0
129
108
0
0
129
109
0
0
128
110
0
0
127
111
0
0
127
112
0
0
127
113
0
0
127
114
0
0
127
115
0
0
127
116
0
0
127
117
0
0
127
118
0
0
127
119
0
0
127
120
0
0
127
121
0
0
127
122
0
0
128
123
0
0
127
124
0
0
127
125
0
0
127
126
0
0
127
127
0
0
128
128
0
0
127
129
0
0
128
130
0
0
128
131
0
0
128
132
0
0
127
133
0
0
127
134
0
0
128
135
0
0
127
136
0
0
127
137
0
0
127
138
0
0
127
139
0
0
128
140
0
0
127
141
0
0
128
142
0
0
128
143
0
0
128
144
0
0
127
145
0
0
127
146
0
0
127
147
0
0
128
148
0
0
128
149
0
0
128
150
0
0
128
151
0
0
128
152
0
0
128
153
0
0
127
154
0
0
127
155
0
0
127
156
0
0
127
157
0
0
127
158
0
0
127
159
0
0
127
160
0
0
127
161
0
0
127
162
0
0
127
163
0
0
127
164
0
0
127
165
0
0
127
166
0
0
127
167
0
0
127
168
0
0
128
169
0
0
128
170
0
0
127
171
0
0
127
172
0
0
127
173
0
0
127
174
0
0
127
175
0
0
127
176
0
0
128
177
0
0
128
178
0
0
127
179
0
0
127
180
0
0
128
181
0
0
127
182
0
0
127
183
0
0
127
184
0
0
127
185
0
0
127
186
0
0
127
187
0
0
127
188
0
0
127
189
0
0
127
190
0
0
127
191
0
0
127
192
0
0
127
193
0
0
127
194
0
0
127
195
0
0
127
196
0
0
127
197
0
0
127
198
0
0
127
199
0
0
127
200
0
0
127
201
0
0
127
202
0
0
127
203
0
0
127
204
0
0
127
205
0
0
127
206
0
0
127
207
0
0
128
208
0
0
128
209
0
0
128
210
0
0
128
211
0
0
127
212
0
0
128
213
0
0
127
214
0
0
127
215
0
0
127
216
0
0
127
217
0
0
127
218
0
0
127
219
0
0
127
220
0
0
127
221
0
0
127
222
0
0
127
223
0
0
127
224
0
0
127
225
0
0
127
226
0
0
127
227
0
0
127
228
0
0
127
229
0
0
127
230
0
0
127
231
0
0
127
232
0
0
127
233
0
0
127
234
0
0
127
235
0
0
127
236
0
0
127
237
0
0
127
238
0
0
127
239
0
0
127
240
0
0
127
241
0
0
127
242
0
0
127
243
0
0
127
244
0
0
127
245
0
0
128
246
0
0
127
247
0
0
127
248
0
0
127
249
0
0
127
250
0
0
127
251
0
0
127
252
0
0
127
253
0
0
127
254
0
0
127
255
0
0
127
0
0
0
128
1
0
0
127
2
0
0
127
3
0
0
127
4
0
0
127
5
0
0
127
6
0
0
127
7
0
0
127
8
0
0
127
9
0
0
127
10
0
0
128
11
0
0
127
12
0
0
127
13
0
0
127
14
0
0
127
15
0
0
127
16
0
0
127
17
0
0
127
18
0
0
127
19
0
0
127
20
0
0
127
21
0
0
127
22
0
0
127
23
0
0
127
24
0
0
127
25
0
0
127
26
0
0
127
27
0
0
128
28
0
0
127
29
0
0
127
30
0
0
127
31
0
0
128
32
0
0
127
33
0
0
127
34
0
0
127
35
0
0
127
36
0
0
127
37
0
0
127
38
0
0
127
39
0
0
127
40
0
0
127
41
0
0
127
42
0
0
127
43
0
0
127
44
0
0
127
45
0
0
128
46
0
0
128
47
0
0
128
48
0
0
128
49
0
0
127
50
0
0
128
51
0
0
128
52
0
0
128
53
0
0
128
54
0
0
128
55
0
0
128
56
0
0
127
57
0
0
127
58
0
0
127
59
0
0
127
60
0
0
127
61
0
0
127
62
0
0
128
63
0
0
128
64
0
0
127
65
0
0
128
66
0
0
128
67
0
0
128
68
0
0
128
69
0
0
128
70
0
0
128
71
0
0
127
72
0
0
127
73
0
0
127
74
0
0
127
75
0
0
127
76
0
0
128
77
0
0
127
78
0
0
127
79
0
0
127
80
0
0
127
81
0
0
127
82
0
0
128
83
0
0
128
84
0
0
127
85
0
0
127
86
0
0
127
87
0
0
127
88
0
0
127
89
0
0
128
90
0
0
127
91
0
0
127
92
0
0
127
93
0
0
127
94
0
0
128
95
0
0
128
96
0
0
127
97
0
0
127
98
0
0
127
99
0
0
127
100
0
0
127
101
0
0
127
102
0
0
127
103
0
0
127
104
0
0
127
105
0
0
127
106
0
0
127
107
0
0
128
108
0
0
128
109
0
0
127
110
0
0
127
111
0
0
127
112
0
0
127
113
0
0
127
114
0
0
128
115
0
0
128
116
0
0
127
117
0
0
127
118
0
0
127
119
0
0
127
120
0
0
127
121
0
0
128
122
0
0
127
123
0
0
127
124
0
0
127
125
0
0
127
126
0
0
127
127
0
0
127
128
0
0
127
129
0
0
127
130
0
0
127
131
0
0
127
132
0
0
127
133
0
0
127
134
0
0
127
135
0
0
127
136
0
0
127
137
0
0
127
138
0
0
127
139
0
0
127
140
0
0
127
141
0
0
127
142
0
0
127
143
0
0
127
144
0
0
127
145
0
0
127
146
0
0
127
147
0
0
127
148
0
0
127
149
0
0
128
150
0
0
127
151
0
0
127
152
0
0
127
153
0
0
127
154
0
0
127
155
0
0
127
156
0
0
127
157
0
0
127
158
0
0
127
159
0
0
127
160
0
0
128
161
0
0
127
162
0
0
127
163
0
0
127
164
0
0
127
165
0
0
127
166
0
0
127
167
0
0
127
168
0
0
127
169
0
0
127
170
0
0
127
171
0
0
127
172
0
0
127
173
0
0
127
174
0
0
127
175
0
0
127
176
0
0
127
177
0
0
127
178
0
0
127
179
0
0
127
180
0
0
127
181
0
0
127
182
0
0
127
183
0
0
127
184
0
0
127
185
0
0
127
186
0
0
127
187
0
0
127
188
0
0
127
189
0
0
127
190
0
0
127
191
0
0
127
192
0
0
127
193
0
0
128
194
0
0
127
195
0
0
127
196
0
0
127
197
0
0
127
198
0
0
127
199
0
0
127
200
0
0
127
201
0
0
127
202
0
0
127
203
0
0
127
204
0
0
127
205
0
0
127
206
0
0
127
207
0
0
127
208
0
0
127
209
0
0
127
210
0
0
127
211
0
0
127
212
0
0
128
213
0
0
127
214
0
0
127
215
0
0
127
216
0
0
127
217
0
0
127
218
0
0
127
219
0
0
127
220
0
0
127
221
0
0
127
222
0
0
127
223
0
0
127
224
0
0
127
225
0
0
127
226
0
0
127
227
0
0
127
228
0
0
127
229
0
0
127
230
0
0
127
231
0
0
127
232
0
0
127
233
0
0
127
234
0
0
127
235
0
0
127
236
0
0
127
237
0
0
127
238
0
0
127
239
0
0
127
240
0
0
127
241
0
0
127
242
0
0
127
243
0
0
127
244
0
0
127
245
0
0
127
246
0
0
127
247
0
0
127
248
0
0
127
249
0
0
127
250
0
0
127
251
0
0
127
252
0
0
128
253
0
0
127
254
0
0
127
255
0
0
127
0
0
0
127
1
0
0
127
2
0
0
127
3
0
0
127
4
0
0
127
5
0
0
127
6
0
0
127
7
0
0
127
8
0
0
127
9
0
0
127
10
0
0
127
11
0
0
127
12
0
0
127
13
0
0
127
14
0
0
127
15
0
0
127
16
0
0
127
17
0
0
127
18
0
0
127
19
0
0
127
20
0
0
127
21
0
0
127
22
0
0
127
23
0
0
127
24
0
0
127
25
0
0
127
26
0
0
127
27
0
0
